0,1,2,3,4,5,6,7,8,9,10,11,12,13,14,15,16,17,18,19,20,21,22,23,24,25,26,27,28,29,30,31
0.4344266414642334,0.3465086619059245,0.35407094955444335,0.43403708140055336,0.3703864097595215,0.4458351135253906,0.3956460475921631,0.5201943397521973,0.42055230140686034,0.5416226704915365,0.3721503257751465,0.6519528071085612,0.4153085708618164,0.6632108688354492,0.41624224185943604,0.3356411616007487,0.3622286796569824,0.439936097462972,151.36173773392824,151.02659346028506,164.1576553078809,167.2097680195824,117.37929892985989,0.38778862953186033,60.163027269636885,0.49077938397725424,67.3944716597232,0.48006521860758467,92.4694630911985,0.6024167696634928,100.11094303263017,0.5860735734303792
0.43320236206054685,0.3476015408833822,0.35425758361816406,0.4346512158711751,0.3682727813720703,0.4463237762451172,0.3978986024856567,0.5135163307189942,0.4201848030090332,0.5391136805216471,0.37169365882873534,0.6497142791748047,0.4156684875488281,0.6625189463297526,0.4149700880050659,0.33752929369608564,0.3612651824951172,0.4404874960581462,150.62759421252875,147.81970816727826,164.13639331132933,166.2557585963708,117.54737961634159,0.3890083948771159,59.145760496448354,0.48980058828989664,63.360305375956905,0.4770019133885702,92.09594281085413,0.6008163134256999,100.89081313626203,0.5816153049468995
0.4306787490844727,0.3447644551595052,0.3535659074783325,0.4366185506184896,0.3679988384246826,0.45152247746785484,0.3980630159378052,0.5185146331787109,0.4210485935211182,0.541546376546224,0.37209124565124513,0.6499136606852214,0.4154232025146484,0.6596956888834635,0.4120585441589355,0.3366979122161865,0.36078237295150756,0.4440705140431722,150.78570823517526,148.9971681575431,163.05426508280152,165.67464933413248,115.52697556887153,0.39038421312967936,58.27281862908505,0.4928084452946981,63.39888928208708,0.4812925736109416,92.72594001700001,0.6006210327148438,101.18072352095511,0.5842141469319662
0.42995057106018064,0.3424588521321615,0.3532078266143799,0.4354820887247721,0.36955363750457765,0.45175994237264,0.3939075469970703,0.5155270258585612,0.4203039169311523,0.5368216196695964,0.3722681522369385,0.6452733993530273,0.4162626266479492,0.6599922180175781,0.4136090040206909,0.33554046948750815,0.36138073205947874,0.44362101554870603,149.60319268197742,149.41352816428355,163.8880331253423,167.4407756857287,115.79144597009535,0.3895807425181071,57.69815145651644,0.4902213176091512,65.66029547795293,0.47957402070363364,91.87922965386444,0.5984069188435872,99.46876668221971,0.5804002126057943
0.43035521507263186,0.34362923304239906,0.3534829616546631,0.4356565793355306,0.36756243705749514,0.4501376469930013,0.39624049663543703,0.5149540901184082,0.4197725772857666,0.5347251892089844,0.3724154233932495,0.6451412200927734,0.4166682720184326,0.6592423756917317,0.41378495693206785,0.33638521830240886,0.3605226993560791,0.44289711316426594,148.89799176632897,148.021602266083,164.0235039864784,166.26393330835626,116.56776663801527,0.3896411657333374,57.16883342897586,0.48881115118662516,63.632925246971205,0.4789256016413371,91.42813019648536,0.5969837824503581,100.37073197266433,0.5800476551055909
0.4302682876586914,0.35962120691935223,0.35492935180664065,0.43481098810831703,0.36645581722259524,0.44552857081095376,0.4005232334136963,0.5090696016947428,0.41814541816711426,0.5300015767415365,0.37998793125152586,0.6492509206136068,0.41555166244506836,0.6606338500976563,0.4134985446929932,0.3449881394704183,0.36069258451461794,0.4401697794596354,148.8374027023124,145.4465505067415,164.88914010178772,166.3932748942462,119.02113875412475,0.39257895946502686,57.398640862244704,0.48508567810058595,59.96800402888446,0.4746196905771891,91.13748101766289,0.5953177134195964,98.33403855524233,0.5791602611541748
0.4306586265563965,0.3692340850830078,0.35422210693359374,0.43329359690348307,0.3690411806106567,0.44955794016520184,0.39790117740631104,0.5100207964579264,0.41904520988464355,0.5338524500528972,0.37985999584198,0.6500741322835286,0.4129368782043457,0.6615561167399089,0.4129772424697876,0.3465924739837647,0.3616316437721252,0.44142576853434246,150.0082560419119,146.86186021565408,164.14193315831258,167.6668696258167,118.4324473625359,0.3940091212590536,58.1522945020234,0.4876391092936198,62.132409836607316,0.47572328249613444,92.73848896805362,0.597704283396403,97.3402198638179,0.5800474643707275
0.4285734176635742,0.3611672719319661,0.35475902557373046,0.43284196853637696,0.3689956426620483,0.4453682581583659,0.3979928016662598,0.5163904507954915,0.41954784393310546,0.5379358927408854,0.3804335594177246,0.649459711710612,0.4126561164855957,0.6614776611328125,0.41221673488616944,0.34298386573791506,0.36187733411788936,0.43910511334737146,151.88882398748112,150.2640245276307,163.94414077478348,167.4416849190507,117.6413800028816,0.39104448954264326,59.735249149067464,0.4885205030441284,64.95329790301248,0.4777477820714315,93.19291253739503,0.5997067769368489,97.51707336526971,0.5829250812530518
0.42984766960144044,0.3520066261291504,0.35328624248504636,0.4306585947672526,0.3718043088912964,0.45541744232177733,0.394339394569397,0.5260547637939453,0.42008285522460936,0.541005261739095,0.38045334815979004,0.6472567876180013,0.4122596740722656,0.6609105428059896,0.41241931915283203,0.34081315994262695,0.3625452756881714,0.44303801854451497,151.76593156608558,153.46942126141818,163.41329884156983,168.45266909516442,116.00708491679696,0.39192558924357096,59.573667368831046,0.492021640141805,69.04393931940396,0.48454639116923015,93.73295364399279,0.6009579022725423,96.53584719369852,0.5866557757059734
0.42845745086669923,0.36013991038004556,0.35264132022857664,0.4305829366048177,0.370944619178772,0.4522166887919108,0.3945239305496216,0.520946184794108,0.4196801662445068,0.5381973266601563,0.3806693315505981,0.6480050404866536,0.41446628570556643,0.660211690266927,0.41159188747406006,0.3411037762959798,0.3617929697036743,0.44139981269836426,151.4695529822342,152.21287246502067,164.01818181482912,168.55670727048488,116.40528560864043,0.39125179449717207,59.11958085915124,0.4897985696792603,67.6342946516551,0.48117299874623615,92.44685716571956,0.5992045084635417,96.222991654016,0.5844756126403808
0.4262122631072998,0.3577838897705078,0.35423572063446046,0.4364267985026042,0.37194869518280027,0.4574578285217285,0.3913679361343384,0.5325023015340169,0.4205209255218506,0.5403657913208008,0.38094172477722166,0.6420833587646484,0.4135856628417969,0.6596298217773438,0.40979365110397337,0.33602426846822103,0.3630922079086304,0.44694231351216634,151.42546245629262,156.35486455872666,163.3168077581529,169.33859945486856,112.83326298541466,0.3914832909901937,58.420376397470704,0.4936540524164835,71.71239494821559,0.48972230752309165,93.32803022508247,0.5999978065490723,95.43510901037787,0.5872928301493326
0.42786736488342286,0.3530810038248698,0.35429370403289795,0.4327395757039388,0.3710103750228882,0.45585769017537436,0.39376177787780764,0.5160145441691081,0.42020621299743655,0.5331877072652181,0.37223994731903076,0.6446624755859375,0.4156033039093018,0.6525259653727213,0.4099344968795776,0.3395229657491048,0.36265203952789304,0.44429863293965655,150.11367123785064,151.31357071548507,163.5235384187406,167.76313880532533,114.288383903401,0.39191079934438067,57.07762530383787,0.48874317010243734,66.54921958982297,0.4801565885543823,92.20881891248126,0.5928568363189697,99.49720562776355,0.5803385098775228
0.42849025726318357,0.34443833033243815,0.35474352836608886,0.43124882380167645,0.37810635566711426,0.46039034525553385,0.397285532951355,0.5054140090942383,0.4202887058258057,0.5313119888305664,0.37948944568634035,0.6362286249796549,0.41469483375549315,0.6606440226236979,0.4108534097671509,0.33739229838053386,0.3664249420166016,0.44581958452860515,150.57293839513383,148.00625024322463,164.85965766590826,168.32793640340273,112.28154069774621,0.3916059414545695,57.78736956994741,0.4885657866795858,62.622909414039974,0.4756167968114217,92.47661476436096,0.5959780057271322,97.74698952350654,0.5708213170369466
0.4279190540313721,0.34707943598429364,0.35463461875915525,0.4315141995747884,0.3783418655395508,0.46089646021525066,0.3971184968948364,0.5049722353617351,0.42020325660705565,0.532097339630127,0.38274850845336916,0.6268060684204102,0.4145634174346924,0.6602738698323568,0.4097876071929932,0.3369293212890625,0.36648824214935305,0.44620532989501954,151.0338660091004,148.1592573962981,164.8231878749383,168.1284726412326,111.61537889805685,0.391567325592041,57.97902553265072,0.4891513347625732,62.470750800716814,0.47558878262837734,92.51942134366877,0.5961856047312419,96.72681170587708,0.5658891518910727
0.426652193069458,0.35292997360229494,0.3549977779388428,0.43112977345784503,0.3822162389755249,0.46642859776814777,0.3998811960220337,0.5068782170613607,0.42016425132751467,0.5325116157531739,0.38901071548461913,0.6251462936401367,0.4143684864044189,0.6605249404907226,0.4095787167549133,0.34133415222167973,0.36860700845718386,0.4487791856129964,151.54705491957316,148.354280321729,165.21278123621948,168.14933056869887,110.87320706413296,0.39505666891733804,58.37781226792742,0.49064540068308515,61.706818245907556,0.4778287013371786,92.59227900152064,0.5965182781219482,95.25152331975504,0.5660122553507487
0.42657079696655276,0.346099058787028,0.35456511974334715,0.432546329498291,0.37579050064086916,0.4571756680806478,0.39626126289367675,0.5165545463562011,0.4207596778869629,0.5321343104044597,0.3794248580932617,0.63668212890625,0.4152498245239258,0.6616097768147786,0.41006970405578613,0.33942149480183914,0.36517781019210815,0.4448609987894694,150.68310994838853,152.10288668102075,164.55530305270906,167.77401003603018,113.06235124346794,0.39214124679565426,57.50810925429004,0.48849765459696454,66.56037539398532,0.48070777257283526,92.43676267398124,0.5968720436096191,97.97828453695213,0.5766183376312255
0.4276589393615723,0.3497126579284668,0.3546816110610962,0.4321057955423991,0.37595951557159424,0.4608680089314779,0.39658331871032715,0.5109700520833333,0.42113189697265624,0.5325599988301595,0.3800069332122803,0.6375943501790364,0.41496591567993163,0.662280527750651,0.40968799591064453,0.3393994331359863,0.3653205633163452,0.4464869022369385,150.4304598857234,149.7671309722716,164.3226219447956,168.14734962355982,112.504726748774,0.3929431676864624,57.03990405505316,0.48952345053354895,64.13493969060227,0.4787284771601359,92.72138111790586,0.5974202632904053,97.45817819477091,0.5742822011311849
0.4275374889373779,0.3505473772684733,0.3544295787811279,0.4317630767822266,0.37573602199554446,0.45726909637451174,0.39632272720336914,0.511173407236735,0.4199496269226074,0.5263820012410482,0.38273959159851073,0.6376031875610352,0.41434464454650877,0.6624940872192383,0.40952070951461794,0.33992778460184736,0.3650828003883362,0.44451608657836916,149.371247384949,150.48207549672836,164.9073291169543,168.64301640293047,113.01986833494887,0.39222193559010826,56.169866338465916,0.48544904390970867,64.8891766436829,0.4778447469075521,92.35806022611865,0.5944380442301432,96.13211980300731,0.5743882973988851
0.42655372619628906,0.3503389040629069,0.3546025514602661,0.4321620305379232,0.37568016052246095,0.45850791931152346,0.3991616010665894,0.5091762860616048,0.4199129581451416,0.5261128425598145,0.3882582187652588,0.6275094985961914,0.41418023109436036,0.662600580851237,0.40954767465591435,0.3406452496846517,0.36514135599136355,0.4453349749247233,149.05946362805693,148.42088741164412,164.87582823886652,167.50371147608882,112.98523618003775,0.3929901123046875,55.860684635633795,0.4857239087422689,61.947398367439554,0.47725563049316405,92.40511068609464,0.5943567117055257,95.26444579104621,0.5683428923288981
0.4274473190307617,0.35243908564249676,0.35495424270629883,0.43246390024820963,0.3775492668151855,0.46773039499918617,0.3993924617767334,0.509329350789388,0.41989545822143554,0.5265577952067058,0.39172141551971434,0.6364767710367839,0.4138242244720459,0.6620401382446289,0.40887888669967654,0.34071354866027836,0.3662517547607422,0.4500971476236979,148.33948516961954,147.55267395544524,164.78331266917073,168.7658809516256,111.29101879191813,0.39540534814198813,54.947046165519446,0.48832747141520183,60.77277383996608,0.47971324920654296,92.5658214765726,0.5942989667256673,93.45257860649251,0.572903060913086
0.425868558883667,0.35153252283732095,0.3569955348968506,0.4330248514811198,0.3754663228988647,0.4622706095377604,0.3997980833053589,0.504312801361084,0.4197098731994629,0.5279326438903809,0.3916653871536255,0.626768430074056,0.4118165969848633,0.6620018005371093,0.40839238166809083,0.3414861520131429,0.3662309288978577,0.44764773050944007,149.8054906567818,146.33704699398317,164.62466015233326,168.1186170311952,111.66021333155835,0.3945669412612915,56.33184078243083,0.48779018719991046,59.35842285248388,0.47598026593526205,93.36938020503713,0.5949672222137451,93.79962838775344,0.56554061571757
0.42652907371521,0.36407381693522134,0.3550973892211914,0.43321638107299804,0.37317676544189454,0.45876003901163737,0.3995046138763428,0.510197925567627,0.41966471672058103,0.5285033226013184,0.39209823608398436,0.6353567759195964,0.4120077610015869,0.6620803833007812,0.4079237818717957,0.3413609663645426,0.364137077331543,0.4459882100423177,149.651767716266,148.29873411657704,164.2283067412638,168.21412277034256,112.70940474953416,0.39367458820343015,56.06185090760066,0.48724576632181804,61.15346191012009,0.47809306780497235,93.28074053639067,0.5952918529510498,93.3865754962641,0.5727773507436117
0.42720961570739746,0.35849793752034503,0.3576053142547607,0.43422505060831706,0.36996021270751955,0.4577959378560384,0.4039451122283936,0.5022518475850423,0.4191401958465576,0.5251021067301432,0.3971741199493408,0.6475561141967774,0.40868778228759767,0.6632638295491536,0.40756654739379883,0.3428270181020101,0.36378276348114014,0.44601049423217776,148.64438266729303,143.16781407776415,163.99536251909706,167.92491048638684,112.99294056557723,0.39441875616709393,55.01123564481124,0.4855563004811605,54.46909991701749,0.47413117090861,94.3263830743991,0.5941829681396484,92.66797976494142,0.5749039808909098
0.42603063583374023,0.3609227180480957,0.3544372797012329,0.4322194735209147,0.37731730937957764,0.4673419634501139,0.3963669538497925,0.5128431638081868,0.42020888328552247,0.530761432647705,0.38871986865997316,0.6363178253173828,0.41176652908325195,0.6669759114583333,0.4086540102958679,0.34297175407409664,0.3658772945404053,0.4497807184855143,149.66256887562344,150.05990808193505,164.52337519354728,169.47461037585802,111.82597479169141,0.39637623627980545,56.14154557175104,0.49027107556660965,64.19699379600613,0.4813119411468506,93.54656369396378,0.5988686720530192,93.54394010647592,0.5745804945627848
0.42748379707336426,0.36826486587524415,0.3499647617340088,0.43333565394083656,0.37399137020111084,0.4685616175333659,0.3919407367706299,0.52200714747111,0.4193450450897217,0.5337289810180664,0.378187370300293,0.6322598775227865,0.41160974502563474,0.65596129099528,0.40614070892333987,0.3448513348897298,0.3619780659675598,0.4509486357371012,149.2769585105554,152.55393708529735,162.76999634333035,167.78073985918456,112.59935522161815,0.3978999853134155,55.27794728773044,0.4923388083775838,67.1366980298032,0.4864778916041056,93.62105420505092,0.5948451360066732,97.11057378718938,0.5771335124969482
0.42701125144958496,0.3627375920613607,0.34988477230072024,0.43375269571940106,0.3741600513458252,0.4683392524719238,0.39171924591064455,0.522421677907308,0.4191586494445801,0.5322531700134278,0.3782541513442993,0.6324212392171223,0.4111937522888184,0.6580858866373698,0.40630078315734863,0.34404516220092773,0.3620224118232727,0.45104597409566244,148.77854290844013,152.73628163658046,163.01810084056197,167.9071946624777,112.48042800176485,0.3975455681482951,54.8703216033148,0.49164957205454507,67.40958187629825,0.4867338260014852,93.62184804618066,0.5951695283253988,96.97888179175885,0.5774214585622152
0.426953125,0.3637861251831055,0.35170297622680663,0.4339302062988281,0.3731242179870605,0.4633810997009277,0.39207432270050047,0.5240009307861329,0.4186384677886963,0.5331712086995443,0.3813000679016113,0.6341821034749349,0.41106367111206055,0.6590148289998372,0.4073098301887512,0.3441155433654785,0.36241359710693355,0.4486556529998779,149.79493209235966,153.67107585034947,163.53346598703706,168.60234170022954,113.24179051094119,0.3963855981826782,56.36574149687873,0.49091343084971106,68.51222470511247,0.4863282918930054,93.44459949677595,0.5960930188496907,95.58500942381947,0.5790915171305339
0.4270473003387451,0.3650304158528646,0.35199904441833496,0.430612055460612,0.3716801404953003,0.4627156575520833,0.3923434019088745,0.5179586410522461,0.41892352104187014,0.5332059860229492,0.3817932605743408,0.6243258158365885,0.41059560775756837,0.6606733322143554,0.4090282440185547,0.34351372718811035,0.3618395924568176,0.44666385650634766,149.57693643231067,151.37265674404946,163.42779261808187,167.92740319358137,114.58293140695793,0.395088791847229,56.590814657237296,0.48993492126464844,66.83611123103913,0.4823112487792969,93.7380326903716,0.5969396591186523,95.66441602429815,0.5711422284444173
0.42739143371582033,0.3635220527648926,0.3523876190185547,0.42980922063191734,0.37515830993652344,0.4638622283935547,0.39237189292907715,0.5177906354268392,0.4188246250152588,0.532941214243571,0.3816715478897095,0.6246025085449218,0.41053028106689454,0.6609421412150065,0.40948669910430907,0.34387092590332036,0.36377296447753904,0.446835724512736,150.23459415525218,152.42754322195896,163.97342106573774,168.52973973302727,113.93999578212765,0.3953533252080282,57.407130530437954,0.4898884693781535,68.04771757471437,0.4823131799697876,93.70753112090361,0.5969416777292887,95.72076775293678,0.5711965719858805
0.42964978218078614,0.3663132667541504,0.3522357702255249,0.42984205881754556,0.37163801193237306,0.46014849344889325,0.3935739040374756,0.5183586756388346,0.418705415725708,0.5274038950602213,0.38031806945800783,0.6270059585571289,0.41263813972473146,0.6592185338338216,0.40826824903488157,0.34352251688639324,0.361936891078949,0.44499527613321943,148.6869923508461,151.8682948575761,164.04914668977312,167.27711480528254,114.54092324915922,0.39425889650980633,55.43835107530834,0.4861995855967204,66.67250655327398,0.48167697588602704,92.63539862236017,0.5933112144470214,96.95616143595443,0.5726823170979818
0.42867355346679686,0.3622172991434733,0.3518336057662964,0.4273895581563314,0.37343108654022217,0.4613128980000814,0.39191126823425293,0.5238507588704427,0.41879925727844236,0.5326395352681478,0.3786977529525757,0.62602113087972,0.41103787422180177,0.6610926946004232,0.40905170440673827,0.3413080056508382,0.3626323461532593,0.4443512280782064,150.45291857649607,154.41748466071658,163.95284137803674,167.57731390952836,114.25081868378747,0.3928296168645223,57.53645621671622,0.4884953816731771,69.78172691143915,0.48410099347432456,93.45771573584922,0.5968661149342855,97.3690600152856,0.5749359448750814
0.4301095962524414,0.36254485448201496,0.35047600269317625,0.43060302734375,0.37213969230651855,0.4563660939534505,0.39290969371795653,0.5256061553955078,0.4200230598449707,0.5373728434244792,0.37949821949005125,0.635843022664388,0.41419458389282227,0.6570629119873047,0.4088383436203003,0.341339127222697,0.3613078474998474,0.44348456064860026,151.24471861370108,154.01183515691625,163.304157085468,167.66134608434575,114.95358525512644,0.39241184393564865,57.979244520343336,0.49042870203653977,68.95238980488162,0.484545358022054,92.78789614435895,0.597217877705892,96.93654492968514,0.580724589029948
0.43047380447387695,0.3619131088256836,0.3505014657974243,0.43040634791056315,0.3703817844390869,0.4544242223103841,0.392803692817688,0.5258866945902506,0.41966748237609863,0.5355505625406901,0.3796679973602295,0.6359462102254232,0.41437864303588867,0.6570999145507812,0.4091132998466491,0.3406346003214518,0.3604416251182556,0.4424152851104736,150.6466102239654,153.7772156830167,163.40552115508083,167.52044960409884,115.55719606257219,0.3915249427159627,57.54722238818004,0.48898292382558184,68.80856735870728,0.4841509898503621,92.491474823443,0.5963252385457356,96.80610437159875,0.580916452407837
0.4296241760253906,0.3587818463643392,0.35214622020721437,0.42822078069051106,0.37375483512878416,0.4620242436726888,0.3920085668563843,0.524708875020345,0.4190669059753418,0.5350949605305989,0.3791683197021484,0.6260992685953776,0.41282362937927247,0.6595502853393554,0.4100287199020386,0.341126012802124,0.3629505276679993,0.4451225121815999,150.7157793275912,154.33610138187515,164.03471693372185,167.66164567766074,114.35579496798556,0.39312426249186194,58.04795220263062,0.4901087363560994,69.9421898656908,0.4849156936009725,92.87182400031516,0.5973226229349772,97.21761033753695,0.5754040718078612
0.429991340637207,0.3674403826395671,0.3507610082626343,0.427029291788737,0.3741490840911865,0.4594839096069336,0.3907558679580688,0.5318850517272949,0.4193471908569336,0.5340644200642903,0.37979447841644287,0.6359324773152669,0.4137507438659668,0.6595026652018229,0.4088901519775391,0.34109237988789876,0.3624550461769104,0.4432566006978353,151.03417248617126,156.8612012118691,164.1009528824885,168.84372402907928,114.44247841236195,0.392174490292867,57.93238238195795,0.48866051038106284,72.29068636509548,0.4875708262125651,92.55456612772497,0.5967835426330566,96.0139233980496,0.5839087645212809
0.4302212715148926,0.365350596110026,0.35091071128845214,0.42632563908894855,0.3726058006286621,0.4545286178588867,0.39068410396575926,0.5274739265441895,0.4193821907043457,0.5343013127644857,0.3723264455795288,0.6470674514770508,0.4146119594573975,0.6587507247924804,0.40983697175979616,0.34134675661722824,0.36175825595855715,0.44042712847391763,151.28868330429268,155.7430615214586,164.1960457836866,168.34546615031906,115.88496409649392,0.39088694254557294,58.456641876341386,0.48736422061920165,71.61823598085407,0.48395052750905354,92.19511186406085,0.5965260187784831,98.72681115463268,0.5872706890106201
0.4319746494293213,0.3621783892313639,0.3586356401443481,0.43638086318969727,0.3775739908218384,0.46482442220052084,0.3961259126663208,0.5378824234008789,0.4200160503387451,0.5436711629231771,0.3832733392715454,0.6357266743977864,0.41156392097473143,0.6568528493245442,0.4082146406173706,0.33780689239501954,0.36810481548309326,0.4506026426951091,154.1292986329287,158.74316357025901,163.83045119875965,167.83243117868662,109.57523150734404,0.3942047675450643,60.848342074418596,0.4971369028091431,72.20081813506374,0.494242533047994,94.27078035783612,0.6002620061238606,97.48338359728238,0.5868045488993326
0.43219919204711915,0.36065438588460286,0.3546462059020996,0.4345609029134115,0.3773019552230835,0.46309200922648114,0.38900060653686525,0.5412960688273112,0.42070536613464354,0.5448335011800131,0.3780200004577637,0.6414971669514974,0.41127519607543944,0.6555929819742838,0.4085951805114746,0.3368855317433675,0.36597408056259156,0.4488264560699463,153.64653299072825,160.5411845318096,162.77567246808343,170.16863781631665,110.84414938417918,0.39285599390665693,60.31358529605238,0.4968299786249797,76.01676557697134,0.49506126244862875,94.86648209164572,0.6002132415771484,96.25384279409869,0.5913966178894043
0.4330469608306885,0.36201340357462564,0.35619165897369387,0.43420867919921874,0.3768503665924072,0.46418708165486655,0.3937435865402222,0.5321632703145345,0.42044615745544434,0.5443110148111979,0.3806749820709229,0.6248276392618816,0.4120505332946777,0.6556971867879232,0.4105348825454712,0.33919294675191247,0.36652101278305055,0.4491978804270427,153.21495991760744,156.8612595883975,163.25574240272155,167.36492904078565,111.80675079792873,0.3941954135894776,60.448587914023086,0.4967544476191203,71.83432079127832,0.4906805753707886,94.3104629428909,0.6000041007995606,98.02757243011585,0.578495454788208
0.4309182643890381,0.36192941665649414,0.355413031578064,0.4339834531148275,0.3748570442199707,0.4579243342081706,0.3909150123596191,0.5347611745198567,0.42075514793395996,0.5443210601806641,0.37818787097930906,0.6257958730061849,0.41155285835266114,0.65894775390625,0.4081580638885498,0.3358088334401449,0.36513503789901736,0.44595389366149907,153.97199178435338,158.85904581005755,163.1158490085188,167.89010846718506,111.33578146231179,0.390881363550822,60.51471942063109,0.49513747692108157,73.81245058204476,0.4903575340906779,94.58989080978012,0.601634407043457,97.95867402632452,0.5802785237630208
0.43043341636657717,0.35518569946289064,0.353208327293396,0.43850278854370117,0.3759197473526001,0.46400477091471354,0.3892377376556396,0.5342506408691406,0.4198618412017822,0.5428810119628906,0.37475755214691164,0.6390740076700846,0.4115732669830322,0.6603459676106771,0.40742820501327515,0.3380239963531494,0.364564037322998,0.4512537797292073,152.3619279070143,158.14733230411144,163.29291926836953,169.02844896510362,110.73461734572562,0.39463888804117836,58.888666162340506,0.497067395846049,73.44358964884218,0.492752210299174,94.03622073243879,0.6016134897867839,97.86500093208303,0.5866623242696126
0.4302337169647217,0.34795716603597004,0.35209121704101565,0.4310803731282552,0.3767703056335449,0.4626111348470052,0.3909135818481445,0.5263624509175618,0.42051472663879397,0.5406607945760091,0.3807529449462891,0.6126769383748373,0.40970649719238283,0.6596690495808919,0.4112488031387329,0.33300668398539224,0.36443076133728025,0.4468457539876302,151.6833699601652,155.57607709013644,162.80070138923008,167.6649232658645,112.3556575405084,0.38992621898651125,59.128417550028715,0.4937532742818197,71.57980255333291,0.486604102452596,95.18931829349077,0.6001649220784505,96.71375953469698,0.5695196946461996
0.42943897247314455,0.3469832102457682,0.35098841190338137,0.43286336263020836,0.3752736568450928,0.45656067530314126,0.38863890171051024,0.5359429041544597,0.42006216049194334,0.5440365473429362,0.3752200365066528,0.6337214787801106,0.41231117248535154,0.6609303792317708,0.4107805252075195,0.32864371935526526,0.3631310343742371,0.4447120189666748,152.64684447555175,158.28252837133698,163.3921444996802,168.5260575611306,112.3196091224915,0.38667786916097,60.179400522384505,0.49437428315480547,74.3791757457172,0.4903274615605672,93.79361119062345,0.6024834632873535,97.81430230810807,0.5848321914672852
0.4298924446105957,0.3433363596598307,0.35039098262786866,0.43709211349487304,0.3773739576339722,0.4629487991333008,0.38807477951049807,0.5400588989257813,0.4212953567504883,0.5434227625528971,0.37526392936706543,0.632579231262207,0.4117455005645752,0.6591178258260091,0.409377658367157,0.32819604873657227,0.36388247013092045,0.45002045631408694,151.5910194853018,159.21866590570156,162.38825410966842,168.54921691031953,110.47808964742207,0.3891082525253296,58.421630336904464,0.49672160943349203,74.96047655895278,0.4950396776199341,94.7186872647207,0.6012702941894531,97.8833474835616,0.5863190650939942
0.4306075096130371,0.34611371358235676,0.3503784418106079,0.43692010243733725,0.3758110761642456,0.46254123051961266,0.39170992374420166,0.5216005961100261,0.4216261863708496,0.5427553812662761,0.378351616859436,0.6333917617797852,0.41410398483276367,0.6538002649943034,0.4110893845558167,0.33209857940673826,0.3630947589874267,0.4497306664784749,150.685255139844,152.4508556237237,162.0906098250954,168.43714407344743,112.19576603971451,0.3909146229426066,57.82177506744543,0.4962430238723755,68.28992087089553,0.4856656312942505,93.87530665158297,0.5982778231302898,96.81415790643413,0.5774961789449056
0.4299354076385498,0.3423041025797526,0.35052850246429446,0.4354704856872559,0.37731409072875977,0.46125675837198893,0.39206409454345703,0.520140552520752,0.42112317085266116,0.5364551544189453,0.3818805456161499,0.6325269063313802,0.41408843994140626,0.6550773620605469,0.4089720606803894,0.3318427721659343,0.3639212965965271,0.44836362202962243,150.40106227471594,153.45945952584137,162.9648060922243,169.25269281504418,111.13812889981402,0.39010319709777835,57.002486823122084,0.4924093882242839,68.59050226512791,0.4842520872751872,93.3938744092742,0.595766258239746,95.17754422467213,0.5763337294260661
0.430253791809082,0.34390058517456057,0.35084612369537355,0.43701918919881183,0.3762960433959961,0.46092538833618163,0.3920382261276245,0.5288778305053711,0.4211577415466309,0.5404991149902344,0.3815983533859253,0.6397963841756185,0.4136441707611084,0.658392333984375,0.40906634330749514,0.3281067371368408,0.3635710835456848,0.44897228876749673,151.0811083981486,155.5431950825521,162.90619642650842,169.22629825368492,110.62694627466198,0.38853951295216876,57.82280358870097,0.49473570187886556,70.3910539369621,0.4889250596364339,93.64664275821082,0.5994457244873047,95.376950919343,0.5843371073404948
0.42884116172790526,0.3524305025736491,0.3504077196121216,0.43592859903971354,0.37535319328308103,0.46018880208333335,0.3920412302017212,0.5281111399332682,0.42133183479309083,0.5381857554117838,0.3780545949935913,0.6388612747192383,0.4134688377380371,0.6597010294596354,0.40917099714279176,0.3323581059773763,0.3628804564476013,0.4480587005615234,150.41606293632873,154.98374557551594,162.85462496038502,168.25517437234683,111.80580767222523,0.39020840326944983,57.03480865295171,0.4931222279866536,69.98478999645855,0.4880849202473958,93.70232743551573,0.5989433924357096,97.19777956132258,0.5834862073262532
0.42823362350463867,0.35158395767211914,0.3505815029144287,0.4306033452351888,0.37203502655029297,0.4528290430704753,0.3962168455123901,0.518635622660319,0.421220588684082,0.5417978286743164,0.38252599239349366,0.6336645762125651,0.41472773551940917,0.6601394653320313,0.4071372032165527,0.332384999593099,0.36130826473236083,0.44171619415283203,152.94125333915622,152.23432289254268,163.1166167004191,166.90473935658275,112.74222842516656,0.3870505968729655,59.093803630537266,0.4917570114135742,65.58988152968135,0.48017590840657554,93.14040339535444,0.6009686470031739,96.78746681327732,0.5761500994364421
0.4304664134979248,0.35547609329223634,0.3507014513015747,0.4310097058614095,0.3720705509185791,0.4534211794535319,0.3961520195007324,0.5197567621866862,0.4215273857116699,0.5423494974772135,0.3849238634109497,0.6410406112670899,0.4145967960357666,0.660407829284668,0.40663475990295406,0.3326416969299316,0.3613860011100769,0.4422154426574707,153.07270824150365,152.6441673390429,162.93505848087554,167.95925470931815,112.43830318142545,0.38742856979370116,59.01060623359827,0.4922824700673421,65.85069484578567,0.48098610242207845,93.35968085672876,0.6013786633809408,95.28922407141273,0.580398686726888
0.429348087310791,0.3522589683532715,0.35037884712219236,0.42913840611775717,0.37007334232330324,0.45160255432128904,0.39617743492126467,0.5179352124532064,0.4205721378326416,0.5390530268351237,0.3846293449401855,0.6411726633707683,0.41476898193359374,0.6619541803995769,0.40717923641204834,0.3326655228932699,0.3602260947227478,0.4403704802195231,152.26634314475174,151.73384108228953,163.46815381904403,167.71756476988182,113.55442143673005,0.3865180015563965,58.5535101531012,0.4897117535273234,65.13222435792285,0.47915284633636473,92.70338850292387,0.6005036036173503,95.35332663035875,0.5795539379119874
0.42957868576049807,0.35050230026245116,0.35028369426727296,0.42921059926350913,0.3701623916625977,0.4478003184000651,0.3965094566345215,0.5187948862711589,0.4203922271728516,0.5394680658976237,0.3820026874542236,0.6322195053100585,0.4133152961730957,0.6626724243164063,0.40830270051956175,0.33291343053181965,0.36022304296493535,0.43850545883178715,152.55662295218423,152.04937989825902,163.3879591293263,166.29662463099837,114.48139523842538,0.3857094446818034,59.20695468994809,0.48898676236470545,65.6796433592141,0.478650172551473,93.28749093166132,0.601070245107015,97.28843993785529,0.5755071957906087
0.42894730567932127,0.3398399353027344,0.35001702308654786,0.4289306640625,0.3700993299484253,0.4476372718811035,0.39667205810546874,0.512128225962321,0.42030625343322753,0.5364561080932617,0.3818070411682129,0.624590810139974,0.41507844924926757,0.6618632634480794,0.40909336805343627,0.3319020907084147,0.3600581765174866,0.4382839679718018,151.60022959174304,149.68397343641283,163.78779724722455,165.81204779562262,114.74665714319774,0.38509302934010825,58.462629603949836,0.48737003803253176,63.626603514827536,0.4752060969670614,92.38708700174632,0.5991596857706706,97.52956278241363,0.5683595180511475
0.4275996685028076,0.3456421216328939,0.35068821907043457,0.431244691212972,0.3698774814605713,0.4566161791483561,0.3939464330673218,0.5214797655741373,0.41950507164001466,0.5386950174967448,0.37718801498413085,0.6330852508544922,0.4159859180450439,0.663655153910319,0.4072464942932129,0.3331207434336344,0.36028285026550294,0.44393043518066405,151.40962755053278,152.49573600404406,164.16132540423212,166.35332424118903,112.96832518315715,0.3885255893071492,57.997070118464144,0.4913127263387044,66.53469674997463,0.48270510037740066,91.61314939275572,0.6011750857035318,98.53959966670226,0.5772825082143147
0.4303594589233398,0.34563913345336916,0.35011422634124756,0.42996718088785807,0.36768426895141604,0.4504646937052409,0.3954323768615723,0.5176654497782389,0.41852564811706544,0.5345588684082031,0.3794724464416504,0.6371660868326823,0.4126923084259033,0.6630014419555664,0.40791537761688235,0.3305098374684652,0.3588992476463318,0.4402159372965495,150.68301094188212,150.93073934128833,163.82501916756027,166.42944014346637,114.07484996673008,0.38536288738250735,57.70638963452201,0.4873874028523763,64.74663067154034,0.4789406935373942,92.60035459710119,0.5987801551818848,97.6071324846418,0.5774157683054606
0.4266650676727295,0.3612727483113607,0.35026519298553466,0.42766793568929035,0.3677965641021729,0.45459334055582684,0.394881272315979,0.5198737462361653,0.41906986236572263,0.5366591771443685,0.3780384063720703,0.613284174601237,0.4131319999694824,0.6602071762084961,0.40750615596771245,0.3357715606689453,0.35903087854385374,0.4411306381225586,151.14542567581074,151.59809536667532,163.3767194342597,163.47827791309663,114.70696415095874,0.38845109939575195,57.850940701498345,0.48889490763346355,65.52103555469749,0.48050219217936196,92.75158536352009,0.5984331766764324,100.22119584018168,0.5665789604187011
0.42679586410522463,0.34734315872192384,0.3504757881164551,0.433727232615153,0.3709937810897827,0.4573637326558431,0.3909252405166626,0.5296889305114746,0.4191725730895996,0.5409833272298177,0.3766394376754761,0.6335894266764323,0.4128106117248535,0.6596412022908529,0.40641045570373535,0.3329025586446126,0.3607347846031189,0.4455454826354981,152.0300400568676,155.76278110175696,163.26004212426855,167.33666333659045,112.0721023133658,0.38922402064005535,58.52034203423124,0.4932644049326579,70.26214213749678,0.48761720657348634,93.06903229587994,0.6003122647603353,97.82879757706046,0.5816391785939534
0.42664618492126466,0.34866549173990885,0.34853510856628417,0.43306617736816405,0.37096371650695803,0.45692583719889324,0.3906460523605347,0.5292602221171061,0.4190034866333008,0.5406771341959635,0.3769006967544556,0.6334292729695638,0.41300091743469236,0.6599630355834961,0.4049384593963623,0.3318955421447754,0.35974941253662107,0.4449960072835286,152.0846389120939,155.72192528259703,163.20606128379484,167.28235258944545,111.77907264071976,0.388445774714152,58.230607040017354,0.49283657073974607,69.86383979078677,0.48712811470031736,92.88074303695336,0.6003200848897299,97.51688937923053,0.5813447475433349
0.4288820266723633,0.3418087641398112,0.3484598398208618,0.42828556696573894,0.3705296993255615,0.4548296292622884,0.39267563819885254,0.5259975751241048,0.4185960292816162,0.5376990636189779,0.37727928161621094,0.6245431264241537,0.4130558013916016,0.6604888916015625,0.40575246810913085,0.33090408643086755,0.3594947695732117,0.4415575981140137,151.97356080933875,154.7128333485163,163.66933402972097,165.56893918297098,112.68692454169101,0.38623084227244064,58.419616442774306,0.4896283308664958,68.54754923195222,0.48377758661905923,92.58341050511886,0.5990939776102702,98.8798726227334,0.5752703507741292
0.4277970314025879,0.3468280474344889,0.34854276180267335,0.4286166191101074,0.37075493335723875,0.4549627939860026,0.39076900482177734,0.5288031895955404,0.4185004234313965,0.5358555475870769,0.3769012689590454,0.6336104075113932,0.4133251190185547,0.6607689539591471,0.40400242805480957,0.32911726633707683,0.3596488475799561,0.441789706548055,151.97958828162658,156.5290202327797,163.8547215909461,167.32322618598005,111.48711210970929,0.38545348644256594,57.96815779523162,0.48882262706756596,70.32053544317816,0.4852964480717977,92.37247241259766,0.598312250773112,97.53739938886207,0.5812067985534668
0.42579994201660154,0.3366847991943359,0.3481079816818237,0.4346872647603353,0.3704341650009155,0.45778913497924806,0.38844685554504393,0.5380823135375976,0.41861629486083984,0.5418263117472331,0.373272442817688,0.6444167455037435,0.4147670745849609,0.6603443781534831,0.4052623510360718,0.3296446164449056,0.35927107334136965,0.4462381998697917,151.76744448879109,157.76441101272707,163.60861284005296,167.83721520694206,111.52715447166767,0.3879414081573487,58.16620641703614,0.4940322558085124,72.3766999978226,0.4921602567036947,91.860193871941,0.6010853449503581,98.12153698846298,0.5912495295206706
0.4253182888031006,0.33716758092244464,0.34764857292175294,0.43251714706420896,0.3694469928741455,0.4550827980041504,0.38951685428619387,0.5365086237589518,0.4192351818084717,0.5405369440714518,0.372885537147522,0.6417341868082682,0.41484661102294923,0.659565798441569,0.4048456311225891,0.32829108238220217,0.3585477828979492,0.4437999725341797,151.77664989653235,157.31777928214595,163.26459208959534,166.8753763877259,111.84171853335393,0.38604552745819093,57.89812519460752,0.49216845830281575,71.52824431853917,0.49015429814656575,92.11152783839347,0.6000513712565104,98.98152741430589,0.58912140528361
0.4246985912322998,0.3346440315246582,0.3477442502975464,0.4325033823649089,0.3694046974182129,0.4561479886372884,0.38967983722686766,0.5360528945922851,0.41936020851135253,0.5411097844441731,0.3730574369430542,0.6415535608927408,0.4148646354675293,0.659348996480306,0.40552076101303103,0.3284092744191488,0.35857447385787966,0.44432568550109863,151.59164656741186,156.90524147428908,163.15256356748944,166.84639568674933,112.0480071955969,0.3863674799601237,57.86892022972872,0.4927177349726359,71.26782875977015,0.4901892900466919,92.17739400810093,0.6002293904622396,98.95376228863701,0.588803227742513
0.42459588050842284,0.3304794947306315,0.3480556011199951,0.4328495979309082,0.3676910400390625,0.45554046630859374,0.3898230791091919,0.5363478342692057,0.4194295406341553,0.5436933517456055,0.3729687690734863,0.6425777435302734,0.4152629852294922,0.6596993764241537,0.40412178039550783,0.32833628654479985,0.3578733205795288,0.444195032119751,152.32212676978898,156.94603410977228,163.03099334989915,166.63326843479248,111.76088124198037,0.3862656593322754,58.25633311393876,0.49394419193267824,70.87835669115842,0.49027143319447836,92.05699201232825,0.6016963640848796,99.01533437076247,0.5894627888997396
0.42418155670166013,0.3356875737508138,0.3500058174133301,0.4316694259643555,0.36711266040802004,0.45320008595784506,0.39112303256988523,0.5279178301493327,0.41851010322570803,0.5405095418294271,0.37240283489227294,0.6453362147013346,0.4143975257873535,0.6616350809733073,0.4037817120552063,0.32750317255655925,0.3585592389106751,0.44243475596110027,152.51895176935636,155.53209638225513,163.7640162002405,167.03834402963463,111.47829736983236,0.38496896425882976,58.56351313546071,0.4914721488952637,69.14623672321984,0.4851762930552165,91.9446175246855,0.6010723114013672,99.058518547611,0.5866270224253336
0.4235554218292236,0.34251635869344077,0.3514483213424683,0.43204930623372395,0.36920943260192873,0.4556208928426107,0.3911767482757568,0.5273029645284016,0.4189040184020996,0.5380373001098633,0.37538144588470457,0.623799196879069,0.413667106628418,0.6611045837402344,0.4041125297546387,0.3256120522816976,0.3603288769721985,0.44383509953816735,152.1097195023724,156.0470721634974,163.7703810378103,165.92258602825117,110.32200274835708,0.38472357590993245,58.12655764225914,0.4909361998240153,69.71680577550441,0.4855690320332845,92.43665107571148,0.5995709419250488,99.29620564364622,0.5755510807037354
0.42496657371520996,0.34525152842203777,0.3516458749771118,0.4268359184265137,0.3670492172241211,0.4541809399922689,0.396418833732605,0.5155040423075358,0.41876921653747556,0.5372863133748372,0.37693331241607664,0.6218102773030599,0.41336736679077146,0.6620733896891277,0.4050694465637207,0.32369979222615564,0.3593475461006165,0.44050842920939126,152.12006618376606,151.11386410952392,163.81931870442847,164.0730075604058,111.37665086035352,0.38210411071777345,58.450053694947094,0.48889737129211425,63.69622580394344,0.4780062357584635,92.47870286353992,0.5996798515319824,100.38679544355703,0.5686571598052979
0.4250156879425049,0.3345452308654785,0.3531917095184326,0.43289480209350584,0.36742610931396485,0.45593649546305337,0.3911182165145874,0.5260665575663249,0.4190835475921631,0.5407661437988281,0.3736333608627319,0.6242387771606446,0.41336331367492674,0.6611841201782227,0.40390793085098264,0.3199686209360758,0.36030890941619875,0.4444156487782796,152.5482547093869,155.7760015407802,163.52744703054336,165.66355783937254,109.30750139769512,0.38219213485717773,58.61644653513673,0.4925908962885539,69.32702278642478,0.4852411031723023,92.71968587969539,0.6009751319885255,100.09871020286582,0.5751526673634848
0.4252817153930664,0.3253767967224121,0.35363819599151614,0.43118387858072915,0.36991682052612307,0.45947395960489906,0.39360024929046633,0.5223519325256347,0.41983757019042967,0.5446340560913085,0.3751746892929077,0.6208368937174479,0.4130711555480957,0.6586039861043295,0.40451295375823976,0.32008016904195147,0.3617775082588196,0.44532891909281414,153.59082472029243,154.46344519114058,163.07925768157227,165.03789876599123,108.83987549343432,0.3827045440673828,59.686743842608806,0.49498148759206134,67.55159906764628,0.48384042580922443,93.39767211991733,0.601619021097819,100.59696497764308,0.5715944131215414
0.4272143840789795,0.32042888005574544,0.3525380611419678,0.4261709531148275,0.3668423414230347,0.4473086992899577,0.3890268087387085,0.5378178914388021,0.4193559646606445,0.5473965326944987,0.3862008810043335,0.645688819885254,0.41449999809265137,0.6573950449625651,0.40479501485824587,0.32350123723347984,0.35969020128250123,0.4367398262023926,155.38755762352716,159.6073919953485,163.52258050908307,171.26850498926404,111.71821489244074,0.38012053171793625,61.666587313740905,0.49206817944844566,73.81530927378839,0.48727885882059735,92.527723829092,0.6023957888285318,91.50065183977101,0.591753355662028
0.4208244800567627,0.344425900777181,0.35134124755859375,0.42979729970296227,0.3685464859008789,0.45957959493001305,0.38958570957183836,0.5363409042358398,0.42033162117004397,0.5482792536417643,0.37265868186950685,0.6381909052530924,0.41537795066833494,0.6553136189778646,0.4008980512619018,0.3264500617980957,0.35994386672973633,0.44468844731648766,154.76683387596046,158.9929324952574,162.60498502162034,166.80450461516168,109.10453128890863,0.3855692545572917,59.760161684285,0.496483850479126,72.07797868003877,0.4905146757761637,92.64982210923156,0.6017964363098145,99.43606264055235,0.5872659047444662
0.4219039440155029,0.3299560864766439,0.34883933067321776,0.4243040084838867,0.37070388793945314,0.4616625150044759,0.38886394500732424,0.5342308044433594,0.4200729846954346,0.5477132161458333,0.3733309030532837,0.6013596852620443,0.41483635902404786,0.6578499476114908,0.4007876992225647,0.32818679809570317,0.35977160930633545,0.44298326174418134,155.08805530712155,159.00421629070604,162.90376110995663,162.07813762805407,109.66150490588946,0.38558502991994226,60.06753874177502,0.49534823894500735,72.31622566100224,0.48860703309377035,92.72216867813817,0.6027815818786622,103.02845439027577,0.5677952448527018
0.4219560146331787,0.33065369923909504,0.348929238319397,0.42487201690673826,0.36203417778015134,0.45269797643025717,0.3912041664123535,0.514756997426351,0.42034568786621096,0.542746098836263,0.37402029037475587,0.6320573806762695,0.41161322593688965,0.6589179992675781,0.4017364740371704,0.3210806369781494,0.3554817080497742,0.4387849966684977,152.8377411197066,151.7040948930118,161.3962833253108,166.18674032299003,111.45354178593016,0.3799328168233236,58.038910265270175,0.49076554775238035,64.8168287437981,0.4767709970474243,94.29875081421639,0.6008320490519206,98.33424184203554,0.5734071890513102
0.42191572189331056,0.3294128735860189,0.34904985427856444,0.4248782157897949,0.3622942686080933,0.45257736841837565,0.3913299798965454,0.5145983378092448,0.4204197883605957,0.5418997446695963,0.3762040376663208,0.6143097559611003,0.4118593692779541,0.6551876703898112,0.4019981026649475,0.32287894884745283,0.35567206144332886,0.4387277921040853,152.6966014439775,151.6423327144863,161.1274097549948,164.7044671249941,111.79565511263299,0.38080337047576907,57.88880963304638,0.4903137683868408,64.82724125296518,0.47666306495666505,94.3212509701287,0.5985437075297038,98.62584403924937,0.5644540468851725
0.42128787040710447,0.3263872146606445,0.3515676975250244,0.42394266128540037,0.36533026695251464,0.45518290201822914,0.3932549238204956,0.5140296618143717,0.4196799278259277,0.5330087025960286,0.37784457206726074,0.6330244064331054,0.415073823928833,0.6536449432373047,0.40121232271194457,0.3225777467091878,0.35844898223876953,0.4395627816518147,151.7804395695272,152.56849696221377,162.99792535155055,166.89592308395996,110.07965229088643,0.3810702641805013,56.764961759982796,0.48628574212392167,64.9485363784309,0.4767962217330932,92.18659150046534,0.5933268229166666,97.37899062935206,0.5735270341237386
0.4198286533355713,0.3282252947489421,0.3512755870819092,0.43043791453043617,0.3653174161911011,0.45609292984008787,0.38983728885650637,0.5177860260009766,0.4186835289001465,0.5335662841796875,0.37593400478363037,0.6152652104695638,0.41515464782714845,0.65445982615153,0.40096737146377565,0.32743167877197266,0.35829650163650517,0.443265422185262,151.14030011342993,153.71323355389842,163.26000046685718,166.0278916187743,110.2228038011861,0.3853485504786173,56.228107784483335,0.48841585318247477,67.059527079492,0.4805257240931193,91.67198836461426,0.5940130551656088,98.11724882212538,0.5665256182352703
0.41987175941467286,0.3253377914428711,0.351590895652771,0.43067553838094075,0.3676734447479248,0.4611496607462565,0.3892146110534668,0.5180589358011881,0.4169331073760986,0.530556837717692,0.37752537727355956,0.6374031702677408,0.41217470169067383,0.6603840510050456,0.40214645862579346,0.32975152333577473,0.3596321702003479,0.44591259956359863,150.11496402062548,153.77614030816386,164.13539295241756,169.067662722162,110.10233631984251,0.3878320614496867,55.90349067377564,0.4882347186406453,67.704709931189,0.4819857676823934,92.0990559039308,0.5954704443613688,95.59402235010685,0.5777310530344645
0.42008223533630373,0.3192754745483398,0.35361480712890625,0.42978591918945314,0.36747357845306394,0.4512188911437988,0.39056923389434817,0.5149797121683757,0.416779088973999,0.5308782259623209,0.3802746057510376,0.6039868672688802,0.41420893669128417,0.6536731719970703,0.4007773876190186,0.31935199101765954,0.3605441927909851,0.440502405166626,152.4348432427778,155.05642092354287,164.6706270366724,166.5208851406297,108.37096164890134,0.37992719809214276,58.10872734576738,0.48569031556447345,68.04349312652751,0.47774105866750083,91.19905081620975,0.5922756989796956,96.59755372023332,0.5594832897186279
0.4171745300292969,0.31624670028686525,0.3510050058364868,0.4325579643249512,0.3711015939712524,0.4610817273457845,0.38935089111328125,0.5252553939819335,0.41731839179992675,0.5318872133890787,0.37572298049926756,0.6239017486572266,0.4131117820739746,0.6555713017781576,0.39948259592056273,0.32367620468139646,0.3610532999038696,0.4468198458353678,151.41475579967408,157.28445988103488,164.0492524251769,167.3987840551031,107.33151723343042,0.38524802525838214,56.51863058123159,0.4893535296122233,70.16181957605177,0.4860376199086507,91.9479313616671,0.5937292575836182,97.86557704229058,0.5745785713195801
0.418574857711792,0.3267352104187012,0.35050511360168457,0.4300707181294759,0.36871864795684817,0.46119893391927086,0.38969709873199465,0.5178623199462891,0.4172232627868652,0.5321633021036783,0.3749465703964233,0.6310715357462565,0.41332306861877444,0.6614294052124023,0.40078617334365846,0.32836716969807944,0.35961188077926637,0.4456348260243734,150.9551770799196,154.03753006313016,164.29491666977046,167.84918172538917,109.34687822738385,0.38700099786122644,56.3439921610598,0.48889906406402583,67.38660471782744,0.48174857298533125,91.72819391334548,0.5967963536580403,97.42349979243004,0.5744669278462728
0.4154852867126465,0.3308503786722819,0.3504618167877197,0.43165000279744464,0.3664986610412598,0.4560782114664714,0.3895810604095459,0.5296616236368815,0.41886205673217775,0.5367549260457357,0.3719797611236572,0.6389198939005534,0.4134978771209717,0.6623800277709961,0.40046149492263794,0.33113538424173994,0.35848023891448977,0.443864107131958,152.0886103181818,156.93786300347784,163.42284463848938,166.88934471971754,110.4258126207128,0.387499745686849,56.97492463460148,0.49030951658884686,70.07487869107987,0.48676286538441976,92.44503892974352,0.5995674769083659,99.15161219031812,0.5842907587687174
0.41541147232055664,0.3476725578308105,0.35052809715270994,0.4254357655843099,0.36637609004974364,0.4529320081075033,0.387172532081604,0.5229307492574056,0.41356430053710935,0.5268627802530924,0.3749246120452881,0.6351853052775065,0.41098737716674805,0.6617209116617838,0.40267821550369265,0.33170652389526367,0.35845209360122676,0.4391838868459066,151.04054629698035,156.4351644662984,165.6224309906877,168.96916658040917,112.36679538770935,0.38544520537058513,57.847817439378446,0.4830233335494995,71.070930474098,0.4810573180516561,91.09469755733463,0.5942918459574381,96.22682197192763,0.579058027267456
0.41637372970581055,0.34246756235758463,0.3499069452285767,0.4319997151692708,0.3657019376754761,0.45329500834147135,0.38899400234222414,0.527500597635905,0.41460752487182617,0.531196117401123,0.37446303367614747,0.6342679977416992,0.4083756446838379,0.66173095703125,0.40123684406280513,0.3291657288869222,0.3578044414520264,0.4426473617553711,151.10666144551686,156.28577283827553,164.2687537908297,167.2811708706376,110.94316157328696,0.38590654532114665,57.320260624467316,0.4869217395782471,69.81805262641635,0.48507397969563804,92.73328968783852,0.5964635372161865,97.75029675293995,0.580884297688802
0.41452956199645996,0.3246930122375488,0.350642466545105,0.43478399912516275,0.3701928615570068,0.4650645891825358,0.3897454500198364,0.5212607065836589,0.419996976852417,0.5427922566731771,0.37247018814086913,0.6388692855834961,0.41330790519714355,0.6605453491210938,0.4014173150062561,0.32926050821940106,0.3604176640510559,0.44992429415384927,152.29070706513198,154.17270247138916,162.65236615226956,167.99383855047805,108.76695055309474,0.3895924011866252,57.31785485196853,0.4963582754135132,67.65148340992644,0.48559250036875407,93.25124477955774,0.6016688028971354,98.3562926965176,0.5800649960835775
0.4176039218902588,0.3216087341308594,0.34825286865234373,0.44755805333455406,0.3715739488601685,0.47207463582356773,0.39034295082092285,0.5223103523254394,0.4218954563140869,0.5443932851155598,0.3765002012252808,0.6316752751668294,0.41265339851379396,0.6610658009847005,0.4005564093589783,0.32975498835245765,0.3599134087562561,0.4598163445790609,149.44185822612968,151.00143400639047,160.7859837857958,167.2734379784594,107.35355378052459,0.3947856664657593,53.7642468198816,0.5021048148473104,64.0376527221594,0.4910633484522502,94.52915140787769,0.6027295430501302,97.21379202677873,0.5769928137461344
0.4168264865875244,0.3211860656738281,0.34593040943145753,0.447512149810791,0.37119057178497317,0.4717613538106283,0.3890599966049194,0.5218136469523112,0.4217682361602783,0.5454800287882487,0.375364089012146,0.6220415751139323,0.41565690040588377,0.6616106669108073,0.3992516279220581,0.3324195384979248,0.3585604906082154,0.4596367518107096,149.66793018952657,150.79054143869072,161.20243449429688,166.31163769787722,107.73716599285916,0.3960281451543172,53.63520380338326,0.5025583902994792,63.870757638419065,0.49072519938151044,93.01239237320719,0.6035453478495281,97.78113929767497,0.5719276110331217
0.41730623245239257,0.32172018686930337,0.34900479316711425,0.44739437103271484,0.3707494974136353,0.4700724283854167,0.3921454191207886,0.511132272084554,0.42155776023864744,0.5430772781372071,0.37551255226135255,0.622820790608724,0.4146359920501709,0.6580897013346354,0.4019236445426941,0.3241783459981282,0.35987714529037473,0.4587333997090658,148.9474464283787,145.3804022907143,161.1968215499853,166.0865420762675,107.35326621236521,0.391455872853597,53.82202338039309,0.5009053389231364,58.37440741343869,0.4849328358968099,93.44406561500737,0.6005834897359212,98.47034498851038,0.5669765313466391
0.4177968502044678,0.3323595682779948,0.3465816736221313,0.44704860051472983,0.36881611347198484,0.47175944646199547,0.3919825553894043,0.5126091003417969,0.42139577865600586,0.5449777603149414,0.3738607406616211,0.6287710825602214,0.41371803283691405,0.6611974080403645,0.40054041147232056,0.32507864634195965,0.3576988935470581,0.4594040234883626,148.7555764096017,144.59070296825004,160.7054008934726,165.68211835430014,107.68947824197075,0.3922413349151611,53.33781446071392,0.502190891901652,57.20355372568109,0.48600656191507974,93.77960323003684,0.603087584177653,98.8669387150592,0.5706900914510091
0.4200320243835449,0.33253396352132164,0.34700205326080324,0.4500163396199544,0.36738436222076415,0.47338056564331055,0.39019820690155027,0.5135806401570638,0.42232799530029297,0.543964958190918,0.37426736354827883,0.627071762084961,0.41417980194091797,0.6621192932128906,0.4018710494041443,0.3290193239847819,0.35719320774078367,0.46169845263163245,147.06607504555598,143.91847374796612,160.18270882320905,166.1148699709222,108.61023294987481,0.3953588883082072,51.629458993227736,0.5028317054112752,57.537406438989066,0.48763954639434814,93.94500212113378,0.6030421257019043,97.9904480740633,0.5703262011210124
0.4197500228881836,0.33136650721232097,0.34925944805145265,0.4523742357889811,0.36822872161865233,0.4706171671549479,0.38733830451965334,0.5152905782063802,0.42173280715942385,0.5423388163248698,0.37514023780822753,0.6321188608805338,0.41345863342285155,0.6617782592773438,0.4033054232597351,0.3270348072052002,0.3587440848350525,0.4614957014719645,146.96803989929825,147.15949196942933,160.75754162642224,168.55030862558579,108.33557961441086,0.39426525433858234,52.076145086133174,0.5019172588984171,62.007493142898795,0.4883931398391724,93.96283699091379,0.6020585378011067,95.96066750118243,0.573704719543457
0.4213570594787598,0.3316600799560547,0.3475100755691528,0.449098014831543,0.370510458946228,0.4717521667480469,0.3863091945648193,0.5249184608459473,0.4213609218597412,0.5409978866577149,0.3743173360824585,0.6320942560831706,0.41386756896972654,0.6629173278808593,0.4033608794212341,0.3287044366200765,0.3590102672576904,0.46042509078979493,147.11220365990033,152.09117508478784,161.32474437260674,168.52038538132268,108.60848400695127,0.3945647637049357,52.26577228884122,0.5007114887237549,67.05790050261079,0.49267177581787114,93.51706096077454,0.6019576072692872,96.3842490050605,0.5785063584645589
0.42106199264526367,0.336236826578776,0.34962542057037355,0.453842830657959,0.36793687343597414,0.46895182927449547,0.38478095531463624,0.5153018315633138,0.4214610576629639,0.5473912556966146,0.3736506462097168,0.6336843490600585,0.4144251823425293,0.6632146199544271,0.4031755208969116,0.33024476369222006,0.3587811470031739,0.46139732996622723,148.72557870087073,148.57402782385324,161.10942254872592,169.69606972534393,108.7006582442374,0.39582104682922364,53.912154513755475,0.5043942928314209,64.25054905318977,0.48834958076477053,93.47625190869064,0.6053029378255208,95.37115244978096,0.5744930903116862
0.42115354537963867,0.3402407646179199,0.347720742225647,0.4498503049214681,0.36847021579742434,0.47034470240275067,0.3865576028823853,0.5117873191833496,0.42154726982116697,0.548074467976888,0.3716327667236328,0.633342997233073,0.41443581581115724,0.6612882614135742,0.4005848884582519,0.33140436808268225,0.35809547901153566,0.4600975036621094,149.7257047066309,146.71476808544605,160.76164844110437,168.53217520422996,108.271190235381,0.39575093587239585,54.19965598842211,0.5040859858194987,61.161363779024725,0.48594241142272954,93.59427646524995,0.6046813646952311,96.99984936558153,0.5725651582082113
0.4203460693359375,0.33689721425374347,0.3436000823974609,0.44420067469278973,0.36955015659332274,0.4704700787862142,0.38564023971557615,0.5099161783854167,0.4218579292297363,0.5460453669230143,0.3742958068847656,0.6346988677978516,0.4145630359649658,0.6581815719604492,0.4028162121772766,0.33142733573913574,0.35657511949539183,0.457335376739502,148.72039597923177,145.57082856033972,160.17355088596537,169.09973592116023,110.16630664723331,0.39438135623931886,53.65017570907375,0.5016903718312582,61.06747358856003,0.48362577756245934,93.72206707298082,0.6021134694417318,95.1946802775763,0.5723075230916341
0.42075257301330565,0.3435031572977702,0.3435389041900635,0.4430986404418945,0.3679494857788086,0.46812194188435874,0.3856294870376587,0.5180766741434734,0.42251248359680177,0.5473425547281902,0.3743750095367432,0.6347529729207356,0.4144540786743164,0.6611920674641927,0.4022573232650757,0.33299519220987955,0.35574419498443605,0.4556102911631266,149.34885054128847,149.2988153136386,160.0130472877587,168.55294447348808,110.77386941800553,0.3943027416865031,53.9506073284487,0.5014764229456584,64.43252166471312,0.4868434826533,94.04871161472846,0.6042673110961914,95.50964713178941,0.5764148235321045
0.42322483062744143,0.3448312441507975,0.3460283041000366,0.4468313852945964,0.36783902645111083,0.4689141273498535,0.3882383584976196,0.516714890797933,0.4223779678344727,0.5449574152628581,0.37338829040527344,0.6338757832845052,0.41446986198425295,0.6597244898478191,0.4034869909286499,0.3340430418650309,0.3569336652755737,0.4578727563222249,148.19321809855145,147.2147746510973,160.1484537615193,167.43522554998654,110.60356597068089,0.3959578990936279,53.07506173849636,0.5014150857925415,61.98650826967882,0.48729382356007894,93.94177528210135,0.6023409525553386,97.22368391515818,0.575295337041219
0.42308969497680665,0.3446367581685384,0.3413596868515015,0.4342556317647298,0.3670323133468628,0.46332426071166993,0.38890705108642576,0.5149559338887533,0.42218661308288574,0.5451534271240235,0.37222585678100584,0.6310630162556966,0.412332820892334,0.6620138168334961,0.40455175638198854,0.3348148187001546,0.3541960000991822,0.4487899462381999,149.58706760099088,147.35473318326495,159.9288295098924,166.17508313335222,113.83649143400899,0.39180238246917726,54.794579134108155,0.4969716866811117,62.318242612565214,0.4818729400634766,94.81983948039185,0.6035836219787598,98.17578237793451,0.573009475072225
0.423465633392334,0.3457326571146647,0.34131636619567873,0.4340878168741862,0.36710054874420167,0.4627957026163737,0.38877387046813966,0.5214372634887695,0.4222424030303955,0.5449392954508464,0.37228999137878416,0.6341660181681316,0.41238131523132326,0.6620156606038411,0.4043592929840088,0.3352266152699789,0.35420845746994023,0.44844175974527994,149.6889692293739,149.876755993495,159.94896776977396,166.1202106612318,113.8918731053587,0.39183418750762944,54.81490099332889,0.4966905275980632,64.66113572515897,0.48493951161702475,94.814535153583,0.6034774780273438,98.31917545803442,0.5778016408284505
0.42339277267456055,0.34459285736083983,0.3426565885543823,0.43418521881103517,0.36752886772155763,0.4594024658203125,0.3881896734237671,0.523210080464681,0.4218471527099609,0.5446968714396159,0.3739511728286743,0.6346803665161133,0.41218204498291017,0.6624024073282878,0.4041240572929382,0.3345858414967855,0.35509272813797,0.4467938423156739,150.53372856150054,151.7531834455617,160.47525782922307,166.98915720191732,113.60379843875019,0.3906898419062297,55.71218048970957,0.49574535687764487,66.58188647908544,0.4850019613901774,94.69417427151765,0.6035496393839519,97.27917808731226,0.5789452234903971
0.42243185043334963,0.3496188799540202,0.3430084466934204,0.4341626803080241,0.36737110614776614,0.4597585360209147,0.38601508140563967,0.5237853368123372,0.4218404293060303,0.5438796361287435,0.3729827642440796,0.6351151784261068,0.4123838424682617,0.663751220703125,0.40426361560821533,0.334940242767334,0.35518977642059324,0.44696060816446936,150.29254940921675,152.6177874925803,160.71019083950986,167.92116265460385,113.65724627014102,0.39095042546590164,55.48392227774742,0.4954201221466064,68.1372725907753,0.4853729724884033,94.51068266007812,0.6038154284159343,96.67668105694497,0.579450257619222
