0,1,2,3,4,5,6,7,8,9,10,11,12,13,14,15,16,17,18,19,20,21,22,23,24,25,26,27,28,29,30,31
0.6063028335571289,0.27834577560424806,0.5967060565948487,0.45809116363525393,0.589655065536499,0.46799182891845703,0.606439733505249,0.4619515101114909,0.6024244785308838,0.47685044606526694,0.6083133697509766,0.6143850326538086,0.6031383037567138,0.6149775187174479,0.5981591224670411,0.30624971389770506,0.5931805610656739,0.4630414962768555,147.63326590639377,88.34476387851214,176.5463472384438,174.99420142337982,91.81868426761267,0.3846456050872803,56.20105635745118,0.4699459711710612,175.3004989381067,0.4624965031941732,89.70390447092223,0.5459139823913575,89.2957845382622,0.5381682713826498
0.5952190399169922,0.31335846583048504,0.5961337566375733,0.4677003860473633,0.5896183013916015,0.4759687423706055,0.5984073162078858,0.4630810101826986,0.5967742919921875,0.4765594482421875,0.6029895782470703,0.5698184967041016,0.601494836807251,0.5732624689737956,0.5933321952819824,0.3236612478892008,0.5928760290145874,0.4718345642089844,141.76532728546914,34.37314619505104,177.93764244320855,176.56521383356116,90.17639018924571,0.3977479060490926,50.47568288908648,0.4741970062255859,122.28840103915068,0.4674577871958415,87.20533269660218,0.5249109586079915,87.54178993500312,0.5164497534434
0.6009691715240478,0.3125662167867025,0.593137550354004,0.46480703353881836,0.5846426486968994,0.4689072926839193,0.603709602355957,0.4853520393371582,0.5974057197570801,0.4995139439900716,0.6041303634643554,0.5701498667399089,0.5987313747406006,0.5776539484659831,0.5901301622390747,0.33698282241821287,0.5888900995254517,0.4668571631113688,167.9480235688182,146.52504267547192,175.8960887610301,171.89117655539675,90.54705340868048,0.40191999276479085,75.38494129563493,0.48318555355072024,51.29563606899293,0.4761046012242635,89.02806314819796,0.5385839462280273,89.71570453413044,0.5277509530385336
0.5897133827209473,0.31166216532389324,0.6002878189086914,0.4507232348124186,0.5955086708068847,0.45345872243245444,0.5976514339447021,0.4573702812194824,0.5958848476409913,0.4671435991923014,0.604727840423584,0.5604551315307618,0.5986256122589111,0.558339246114095,0.5894027948379517,0.3366479396820068,0.5978982448577881,0.4520909786224365,169.53780278201015,173.4145389613477,178.67080557593985,179.67927782191688,85.79119181858837,0.39436945915222166,97.618506736603,0.45961728890736897,92.67666693044228,0.4547306299209595,88.2785692394356,0.5127414226531982,86.07301024411407,0.5089127063751221
0.5831747055053711,0.34432738622029624,0.6180532455444336,0.4029415448506673,0.6097549438476563,0.4035538991292318,0.6001495361328125,0.44374202092488607,0.5896580696105957,0.4484304428100586,0.605007553100586,0.5724154790242513,0.5985740184783935,0.5662208557128906,0.5932707071304322,0.34049347241719563,0.613904094696045,0.4032477219899495,153.6979983954905,157.42745464090513,170.2976275378593,174.82743188216213,71.79930778672552,0.3718705972035726,118.21896890527667,0.42583908240000407,108.76090560177038,0.4234948714574178,85.67134590765114,0.5073256492614746,87.83784678917834,0.5080787499745687
0.5948009014129638,0.3607759475708008,0.6017524242401123,0.48401133219401044,0.5899180412292481,0.4979160944620768,0.6012093544006347,0.5145114580790202,0.5921489238739014,0.5155199686686198,0.6013071537017822,0.564782460530599,0.5955359458923339,0.5679099400838216,0.5907131433486938,0.3846507390340169,0.5958352327346802,0.4909637133280436,170.8341111653853,171.76498984550435,176.07811018516367,175.87208666868474,87.24165986063281,0.4378072261810303,98.53731583630184,0.5032418409983317,77.14400750578376,0.5027375857035319,86.30096434162054,0.5417149543762207,89.8885345457107,0.5396469593048097
0.5907438278198243,0.37136929829915366,0.6043035507202148,0.4312549273173014,0.5926509380340577,0.4374358812967936,0.6039128780364991,0.5062655131022136,0.5986193656921387,0.5082301457722982,0.602207088470459,0.5661330540974935,0.5976944446563721,0.5687191645304362,0.5897059440612793,0.35928622881571454,0.5984772443771362,0.4343454043070475,176.68547882876413,178.80110205441406,179.45774926309912,176.7467804336096,83.33473331188816,0.396815816561381,89.88978859066317,0.47128777503967284,85.67787227119854,0.47030545870463053,90.87602581895528,0.5384746551513673,91.63207150313967,0.5361992835998535
0.5904655456542969,0.34288002649943033,0.6097537040710449,0.4252668062845866,0.5959458351135254,0.4254319190979004,0.6028785705566406,0.5156036376953125,0.5934256553649903,0.516964340209961,0.5996747016906738,0.5899165471394857,0.5942126274108886,0.5817316055297852,0.5931878566741944,0.33382406234741213,0.6028497695922852,0.42534936269124346,174.0524441567133,176.96672014718743,176.1425571651931,178.63661903919711,83.9738622236588,0.3795867125193278,95.87316011855437,0.4711568514506022,89.98171639351837,0.47047650019327797,89.30384650728877,0.5493479728698731,92.46867679408999,0.5527600924173991
0.5950705528259277,0.295146910349528,0.6048035621643066,0.3891477902730306,0.6030444622039794,0.39759531021118166,0.5915487289428711,0.4639098803202311,0.5977255821228027,0.49025745391845704,0.5961140632629395,0.5980873743693034,0.5964735507965088,0.6121553421020508,0.5978933811187743,0.2930668989817301,0.603924012184143,0.3933715502421061,176.3881558003727,172.17609973820697,178.63807649361178,175.86650059091295,86.55933932504281,0.3432192246119181,93.66059994230581,0.4418145020802816,99.95073512882718,0.42864071528116865,90.5884727734608,0.551206398010254,88.0512863104851,0.5309986273447672
0.5866055011749267,0.38026345570882164,0.6116416454315186,0.42920424143473307,0.608800745010376,0.43676379521687825,0.5973619937896728,0.5021210352579752,0.5925656795501709,0.49942750930786134,0.5997512340545654,0.5726987202962239,0.5944536685943603,0.5764288584391276,0.5930119037628174,0.37537444432576494,0.6102211952209473,0.4329840183258057,165.32520642794384,167.49793328319748,172.3226542976759,173.77549825444575,73.36791691680381,0.4041792313257853,104.880888067494,0.46620576381683354,100.53638067990458,0.46755252679189047,88.59545143249794,0.5379281838734945,88.06112759328737,0.5374098777770996
0.5824907302856446,0.37356545130411783,0.6183984756469727,0.45529410044352214,0.6040563106536865,0.4672458012898763,0.5930335521697998,0.473108450571696,0.5837064266204834,0.4753537178039551,0.5940131664276123,0.6035349527994792,0.5886293411254883,0.6014512379964193,0.5919496059417724,0.3868588129679362,0.6112273931503296,0.4612699508666992,122.4226191975316,122.33150924027623,168.60664443341332,172.67035468126937,75.47563856214417,0.4240643819173177,152.89904828620615,0.46831183433532714,146.94846136129078,0.46718920071919756,87.76427758804317,0.5384024779001872,89.56966792670917,0.5383217016855876
0.5750350952148438,0.3708713213602702,0.6295523643493652,0.4163225491841634,0.6124155521392822,0.4225484848022461,0.6046150684356689,0.5177647272745768,0.5914388656616211,0.512835693359375,0.606385612487793,0.6032991409301758,0.5977670192718506,0.5895263671875,0.5915534973144532,0.3710873603820801,0.6209839582443237,0.41943551699320475,162.4927127497548,165.45987933229796,167.51022482452936,174.27453011072848,58.67031429704958,0.3952614386876424,107.55362224647516,0.4661356051762898,99.45137307332045,0.4686001221338908,85.28290832568288,0.5511810302734375,88.81415898033876,0.5605319341023762
0.5628502368927002,0.29854113260904946,0.6147868633270264,0.38285710016886393,0.6118739128112793,0.38138949076334633,0.6021023750305176,0.46216313044230145,0.6005451679229736,0.4647010485331217,0.6111182689666748,0.5661110560099284,0.603572416305542,0.5723740895589192,0.5791274309158325,0.29137320518493653,0.6133303880691529,0.38212329546610513,164.15477327898105,164.35310854055552,175.45341207631023,174.3540279652871,69.34898946511024,0.3367482503255208,98.80102219817631,0.42341217199961345,97.98536175492559,0.4221432129542033,88.38954231949926,0.5185375690460204,85.0428725993566,0.5141370932261149
0.545260238647461,0.2971916834513346,0.6273261070251465,0.391858164469401,0.6244254589080811,0.3879156430562337,0.5999598503112793,0.48667500813802084,0.5999289512634277,0.46832240422566734,0.6063318729400635,0.5685930887858073,0.6045440673828125,0.562182362874349,0.568325972557068,0.2948561827341716,0.6258757829666137,0.38988690376281737,151.37034130881923,155.64547586888523,170.12720740167654,169.31093096425937,58.80125279631179,0.3423715432484945,108.3044577161332,0.42910465399424236,104.98985801782288,0.4382809559504191,87.18502026316546,0.5152523835500081,85.55218664572575,0.5276340484619141
0.5502622127532959,0.30762030283610026,0.6320891857147217,0.4019022941589355,0.6234784603118897,0.40023183822631836,0.5974654197692871,0.46858962376912433,0.5954572677612304,0.45863733291625974,0.5989896774291992,0.594807497660319,0.5942330837249756,0.60960267384847,0.5708803176879883,0.3116928259531657,0.6277838230133057,0.40106706619262694,141.1901250052053,146.20233392255142,171.32476173593503,170.85455703364318,57.515582172932476,0.35637994607289636,119.31485408704104,0.4298521995544433,114.18062748237989,0.43482834498087564,90.4646036027327,0.5341200033823649,89.30810682414261,0.5316985607147217
0.5480261325836182,0.3176355997721354,0.6153679847717285,0.4001797676086426,0.6129417896270752,0.3981715838114421,0.60956711769104,0.46802619298299153,0.6080130577087403,0.47465070088704425,0.6100772380828857,0.557395871480306,0.6065412521362304,0.5547615687052408,0.5643799304962158,0.31486922899881997,0.6141548871994018,0.3991756757100423,160.0738408308076,159.74971792060896,178.2509772283901,178.19666095682828,59.4421806897982,0.35702245235443114,94.65223054829409,0.4369131882985433,93.81219831016307,0.4336009343465169,91.05252587934538,0.5147061347961426,89.6729603533269,0.5127110322316488
0.5521997928619384,0.3174259185791016,0.6273721218109131,0.4310976346333822,0.620234489440918,0.42985493342081704,0.6018192768096924,0.502818743387858,0.5960370540618897,0.48232183456420896,0.6131879806518554,0.5771498362223307,0.6031116485595703,0.5677497863769532,0.5749277591705322,0.30987335840861,0.6238033056259156,0.4304762840270996,144.84959236857597,155.16217114567056,166.6940948764515,167.1646846222269,67.93925397623552,0.37017482121785483,118.17159089695294,0.4563990592956543,106.90341443261528,0.4666475137074788,85.26593389013645,0.525035810470581,81.30418148992578,0.5399842898050944
0.5584733009338378,0.331562074025472,0.6187343597412109,0.4298760732014974,0.6114923477172851,0.429945437113444,0.611818504333496,0.49782050450642906,0.5983995914459228,0.4987391789754232,0.6138666152954102,0.5838713963826497,0.595564317703247,0.6118191401163737,0.5790079832077026,0.3160536448160807,0.615113353729248,0.4299107551574707,160.29181297155378,166.9900885905239,175.30245703995573,178.1725933473409,72.40559301441051,0.37298219998677573,103.64907329969938,0.46432496706644694,92.77770194869042,0.4638656298319499,91.43628622097071,0.5552791595458985,88.6365514637196,0.5408459504445394
0.5609821319580078,0.3412439028422038,0.624112606048584,0.4416121164957682,0.6144556522369384,0.4411351521809896,0.5994128227233887,0.5191188812255859,0.5968240261077881,0.5129049936930339,0.6138096809387207,0.5973239262898763,0.6008086681365967,0.5999750773111979,0.580977463722229,0.33162713050842285,0.6192841291427612,0.4413736343383789,157.57239273233515,160.04680856440518,170.73533501879803,167.55866481947967,70.75862268891815,0.3865003824234009,107.43174629134441,0.4771393140157064,104.33756379682747,0.4802462577819824,87.37976601711944,0.556440035502116,79.56913898214829,0.5582214037577311
0.5552493095397949,0.3450216293334961,0.622981071472168,0.44299132029215493,0.6129550933837891,0.4424560228983561,0.6030402660369873,0.5192106564839681,0.5977215766906738,0.5136916160583496,0.6059153556823731,0.600932757059733,0.6009997367858887,0.5987890243530274,0.5774738550186158,0.322847048441569,0.6179680824279785,0.4427236715952555,158.02087569402613,161.5383719023525,171.58875677946722,173.62858373048397,71.33507274502777,0.38278536001841224,105.92296374066245,0.47820764382680253,101.04348505724528,0.4809671640396118,87.7939174044943,0.5562403202056885,87.9850910824715,0.5600717067718506
0.549464750289917,0.3522459665934245,0.6309577465057373,0.4394089698791504,0.6231829643249511,0.4375686009724935,0.6012200355529785,0.5109359423319498,0.5982168674468994,0.5045694986979167,0.6073400020599365,0.5896413167317708,0.6012866020202636,0.5872425715128581,0.5760865211486816,0.3227110068003337,0.6270703554153443,0.4384887854258219,149.47378427011958,152.757109878251,168.04005118394366,168.11681956875367,66.23325522425324,0.3805998961130778,113.58801039061912,0.4715291420618693,109.63722391341416,0.4747123638788859,87.87352682665782,0.5459060351053874,85.55374585943727,0.5502886295318603
0.5531582355499267,0.3535512606302897,0.6151455879211426,0.444760799407959,0.6074471950531006,0.4423292795817057,0.6001054286956787,0.5172312736511231,0.5886906147003174,0.5117562929789226,0.6042591571807862,0.5826315561930339,0.5927338123321533,0.6219704310099284,0.5727980852127075,0.3494074503580729,0.6112963914871217,0.44354503949483237,156.07343262589166,162.12244870151488,171.95962092996373,173.46941647064014,67.7575072998468,0.3964762449264526,108.3356258349188,0.47765066623687746,98.63570035063522,0.48038815657297773,87.89905063538781,0.5668633619944254,86.36588911056427,0.5499314149220784
0.5470212936401367,0.34792973200480143,0.6141526699066162,0.4174309412638346,0.6123356342315673,0.4144787152608236,0.601982831954956,0.49336430231730144,0.5969799995422364,0.46062933603922523,0.6112453460693359,0.5585889180501302,0.599904727935791,0.5438394546508789,0.5727961301803589,0.32710887591044113,0.6132441520690918,0.4159548282623291,149.72912745388928,161.76582458762698,172.0320668182918,171.11463600354344,65.52211698861773,0.3715318520863851,110.00448619345286,0.4382920821507772,98.27716870559519,0.45465956528981527,87.9869559366295,0.5022343953450521,81.91749913580898,0.5259766101837158
0.5439192771911621,0.3558460553487142,0.6266212940216065,0.4102288564046224,0.6217188835144043,0.40791854858398435,0.6023996353149415,0.500726064046224,0.6000593662261963,0.4981701850891113,0.6123111248016357,0.5907365798950195,0.6011338233947754,0.6018173217773437,0.5692835092544555,0.32460147539774575,0.6241700887680054,0.4090737024943034,154.8029206175729,155.9891903228698,172.59053722433643,169.9812304007809,56.98584547494186,0.3668375889460246,105.14233955095327,0.4536219437917074,103.36200412722896,0.4548998832702637,89.40606505972723,0.5499937534332275,83.7162029646943,0.5457313219706217
0.6191106796264648,0.6409935633341471,0.6181343078613282,0.5036946932474772,0.605204725265503,0.5028717994689942,0.6335226535797119,0.36026426951090496,0.6292621612548828,0.36019035975138347,0.6349751472473144,0.466172726949056,0.6220639705657959,0.4684885025024414,0.6110780954360961,0.6349097569783528,0.6116695165634156,0.5032832463582357,176.77787341192902,175.98440432136806,12.830143692845223,32.91480980045861,90.25743831023468,0.5690965016682943,97.00909117999856,0.4317368030548096,98.68753510366453,0.43177375793457035,93.80265260707732,0.4143394311269124,89.21425973165888,0.41321849822998047
0.5984043121337891,0.6439704895019531,0.6194719791412353,0.5010241190592448,0.6114542007446289,0.5007161140441895,0.6049762725830078,0.355709711710612,0.5864058017730713,0.37618935902913414,0.5930294036865235,0.38117526372273763,0.5822582244873047,0.38407761255900064,0.6077144145965576,0.6304096539815267,0.6154630899429321,0.5008701165517171,171.67248611679364,176.43905317134363,43.60581011623964,35.74852580161063,93.42318662590225,0.5656398852666219,76.88118350994205,0.4385297377904256,85.86796173135262,0.4282899141311646,117.73501570517168,0.38013348579406736,115.13307802560799,0.3684424877166748
0.5363259792327881,0.360593318939209,0.6310453414916992,0.3990551312764486,0.6244462013244629,0.39859399795532224,0.6099154472351074,0.38305718104044595,0.5988706111907959,0.40692440668741864,0.6200389385223388,0.5114333152770996,0.6081052780151367,0.510145632425944,0.5642754554748535,0.3288424015045166,0.6277457714080811,0.39882456461588545,81.77316602138869,8.421716529310995,164.8818718404122,171.57593554116843,47.79354621157159,0.363833483060201,164.33053026630324,0.40287448565165207,41.48637978479465,0.3909408728281657,84.8876549259257,0.4585350195566813,85.49109759179782,0.44724524815877276
0.5967921257019043,0.6491287231445313,0.6247402191162109,0.4963314692179362,0.6116415500640869,0.503903865814209,0.6073190212249756,0.38881165186564126,0.5870482444763183,0.3923532485961914,0.6143208026885987,0.38585834503173827,0.5987286567687988,0.38348375956217445,0.6092033386230469,0.632301394144694,0.6181908845901489,0.5001176675160726,169.1566574505275,174.864697614205,117.73768866426546,110.92978149298119,93.88971561930869,0.5662095308303833,73.8813327148498,0.44623545805613196,84.42130612688042,0.4444646596908569,142.78888000515718,0.38791850407918294,157.13029258930578,0.3873349984486898
0.5356522560119629,0.36572564442952477,0.6314304828643799,0.4815180778503418,0.614702844619751,0.49595387776692706,0.6114235401153565,0.3895660400390625,0.5808382034301758,0.4427842458089193,0.6301476955413818,0.42263078689575195,0.6136220455169678,0.4220065434773763,0.566506290435791,0.33075796763102217,0.6230666637420654,0.4887359778086344,35.29176373571195,30.676171334288636,114.30974661493806,35.63641367418262,70.30126772598376,0.4097469727198283,47.41778917218048,0.46576011180877686,83.30379925865526,0.43915100892384845,147.6343458561696,0.4323953946431478,60.47766124206954,0.4060984134674072
0.5973862171173095,0.6497882207234701,0.6209579467773437,0.5065160115559896,0.6118009567260743,0.5119882901509603,0.6106735706329346,0.38413181304931643,0.5981439113616943,0.387390931447347,0.6189313411712647,0.37444918950398765,0.6129176139831543,0.3677535057067871,0.6089495897293091,0.6355647722880046,0.6163794517517089,0.5092521508534749,173.9824306813532,176.99609180753805,141.6434940998373,140.6254939675121,93.36632858687723,0.5724084615707397,81.48930342200784,0.4483215411504109,87.38894118631869,0.44669198195139564,126.95501450877643,0.377572218577067,130.45901508208428,0.37929050127665204
0.5975621700286865,0.6472419738769531,0.6218615531921386,0.4989568074544271,0.6235694885253906,0.49636211395263674,0.598118782043457,0.39472621281941733,0.5910717010498047,0.40491085052490233,0.6147418975830078,0.3934712092081706,0.6085433483123779,0.38409624099731443,0.6080520153045654,0.6390512148539226,0.6227155208587647,0.49765946070353195,165.30940838307654,168.88884713260498,132.87664567641662,89.94112908486731,95.92088410566114,0.5683553377787273,71.16146886754794,0.4512851556142171,76.56072239495163,0.44619283676147464,130.00987808968551,0.39450354576110835,175.68250270241586,0.39409871101379396
0.5970107555389405,0.6487269719441732,0.6291872501373291,0.4796272277832031,0.6261128425598145,0.47149874369303385,0.5929595470428467,0.4097826639811198,0.5819719791412353,0.41959095001220703,0.599490737915039,0.39177109400431315,0.5875019550323486,0.3874307632446289,0.6087238788604736,0.6403448740641275,0.6276500463485718,0.4755629857381185,147.692206155242,156.10564950451368,145.75200096713476,141.49324187793187,96.55204613181256,0.557953929901123,50.782552566313484,0.44757696787516277,62.194227492015855,0.4426728248596191,99.75665375842179,0.40351085662841796,109.93119452329704,0.40077687899271647
0.5972434520721436,0.650561269124349,0.6281089305877685,0.4854943593343099,0.6329882144927979,0.4765564600626628,0.5906634330749512,0.4096750895182292,0.5903980255126953,0.41669464111328125,0.6076212882995605,0.4211062749226888,0.6082893371582031,0.4115690549214681,0.6084740161895752,0.6427000363667805,0.6305485725402832,0.48102540969848634,152.60341682228844,155.16535782695902,88.21668222948601,35.077628612093626,97.77491323667883,0.5618627230326334,58.03061425073372,0.44886002540588377,60.79461966448251,0.4453502496083578,164.01380489326857,0.4141318480173747,33.98366626682134,0.415390682220459
0.5971910953521729,0.6483268102010091,0.6250993251800537,0.4982317924499512,0.6249463081359863,0.49053020477294923,0.59256911277771,0.4108138084411621,0.5879881858825684,0.4192200024922689,0.6084003925323487,0.4100751558939616,0.6039422988891602,0.4009849230448405,0.6082561969757081,0.6428481419881185,0.6250228166580201,0.49438099861145024,158.94752934907032,162.64378482866178,126.09773968494635,81.5175237863981,96.44320064095369,0.5686145702997843,63.768809853024564,0.45680050055185956,68.77608961220024,0.4525974035263062,131.18311062790443,0.41010246276855467,177.32864282151695,0.41044448216756185
0.6013845920562744,0.6495768864949544,0.6277780532836914,0.4762359301249186,0.6320924282073974,0.4725333213806152,0.5929276466369628,0.41983362833658855,0.59580078125,0.4255295117696126,0.6152334213256836,0.43084789911905924,0.6128626823425293,0.4307259559631348,0.582980465888977,0.48670086860656736,0.6299352407455444,0.4743846257527669,133.22173014235688,137.38561126665,51.70334540853905,45.06130682618376,165.3024109013809,0.48054274717966716,55.05847959250612,0.4499570687611898,55.8468893332291,0.44710912704467776,16.93885851478281,0.4281277338663737,26.279497519217646,0.4253407637278239
0.6016839504241943,0.6485117594401042,0.6245025634765625,0.48454392751057945,0.6309545516967774,0.48036238352457683,0.5947467803955078,0.3982964833577474,0.5980172157287598,0.4042780876159668,0.6049448490142822,0.40114962259928383,0.605047082901001,0.39143327077229817,0.6072131156921388,0.6426912307739259,0.62772855758667,0.48245315551757817,161.3990012114093,161.5193987952029,137.31576752347863,58.715362470995814,97.29594414929964,0.562572193145752,69.19012466965698,0.4433656215667725,68.59932836933163,0.44037481943766277,118.69154084899709,0.39785567919413245,15.630159049779236,0.3997230529785156
0.5379236221313477,0.3676854133605957,0.6289084434509278,0.43509492874145506,0.6233942031860351,0.43251530329386395,0.6143685817718506,0.3916772206624349,0.5983859539031983,0.44021355311075844,0.64330153465271,0.4587879180908203,0.6089359283447265,0.5103721936543782,0.5672706365585327,0.3351232369740804,0.6261513233184814,0.4338051160176595,86.50360598851054,24.161642485894948,158.77663162312507,168.85312979264876,59.17666720822798,0.38446417649586995,167.00333749060968,0.437009334564209,74.37423726921271,0.41274116834004715,81.44832714570158,0.4752928733825683,66.67802359366908,0.42523256937662757
0.5376401424407959,0.3664510726928711,0.6283381938934326,0.446552308400472,0.6232954502105713,0.43471765518188477,0.6145652294158935,0.39099594751993816,0.5986355781555176,0.42564303080240884,0.6436505794525147,0.4570328712463379,0.6092602729797363,0.5097703297932943,0.5672438621520997,0.33514192899068196,0.625816822052002,0.4406349817911784,41.990948905958874,27.501042999457745,159.33447637650718,156.368747087672,60.95962987957002,0.3878884553909302,28.879151866344927,0.4331390062967936,77.22867158232954,0.4158154646555583,82.80204767564858,0.46770668029785156,66.22935342686267,0.42401440938313806
0.5394561290740967,0.36745357513427734,0.6279354095458984,0.44611647923787434,0.6228086471557617,0.4447654724121094,0.6233431339263916,0.4337343215942383,0.6035809516906738,0.42775917053222656,0.6432896137237549,0.4565786679585775,0.6088465690612793,0.511089007059733,0.5686984539031983,0.33468844095865885,0.6253720283508301,0.44544097582499187,30.39751563290147,19.053661570937635,162.2548853770492,162.99111252799167,62.90055797115452,0.3900647083918254,39.056708399222856,0.4366000731786092,80.16766657164837,0.4395876487096151,86.38428363955322,0.4694240887959798,48.87425084924486,0.4451564947764079
0.5381373882293701,0.3673877716064453,0.6250917911529541,0.46533886591593426,0.6207042217254639,0.463148307800293,0.6173837184906006,0.4441119511922201,0.590726089477539,0.4358917872111003,0.6334037780761719,0.5189449310302734,0.6094802856445313,0.49943135579427084,0.5696036577224731,0.3352774779001872,0.622898006439209,0.4642435868581136,36.75539245746204,8.383979264213055,142.6828894945478,178.78831833408574,67.54747900347066,0.39976053237915044,41.388413538760034,0.450067687034607,74.68174269433635,0.4541777690251668,73.55562626230768,0.46766157150268556,77.91664774567187,0.4815284411112467
0.5957100868225098,0.6299268086751302,0.6218206405639648,0.49330247243245445,0.6171656131744385,0.4970595677693685,0.6132920265197754,0.3994239489237467,0.5970937252044678,0.416898504892985,0.6425317764282227,0.45569801330566406,0.6161461353302002,0.4159235000610352,0.5847179651260377,0.4798462549845378,0.6194931268692017,0.4951810201009115,152.90959642628687,156.73463938874355,90.51142382114843,57.72008746979886,23.79598790259267,0.48751363754272464,74.0322975598815,0.4560397624969482,86.29477539096892,0.4473024845123291,177.07045085299637,0.41641100247701013,62.543815149694574,0.4275609811147054
0.5385631084442138,0.3661077817281087,0.6185468196868896,0.4993459701538086,0.6171231269836426,0.49825719197591145,0.6153230667114258,0.4068445205688477,0.6030867576599122,0.41531569163004556,0.6554184913635254,0.405904229482015,0.6153292655944824,0.4138232549031576,0.5836964130401612,0.4802235285441081,0.6178349733352662,0.49880158106486006,153.34895395791577,155.11905231013006,95.26145290112542,113.37021419592462,28.554835558938766,0.4895125548044841,79.98176304741595,0.4570586363474528,88.43529287772162,0.45282305081685387,173.04958829644727,0.41456947326660154,178.65658393410976,0.40637437502543133
0.5953539371490478,0.6307756423950195,0.6217210292816162,0.5069087982177735,0.6146719932556153,0.507536506652832,0.6140401840209961,0.3830035845438639,0.6086089611053467,0.3832430203755697,0.6390316009521484,0.36298933029174807,0.6384289741516114,0.36168092091878257,0.6076710939407348,0.6340897878011068,0.6181965112686157,0.5072226524353027,175.3638065124824,176.63055620127165,133.78398638061515,136.90907071972381,94.74263126883633,0.5706562201182048,85.57802326498334,0.4452328364054362,88.08361788987044,0.44511311848958335,144.13025700841996,0.3724619706471761,141.3106784766836,0.37299645741780596
0.5959405422210693,0.6289235432942708,0.6213571071624756,0.5063081741333008,0.6168912410736084,0.5041905085245768,0.61405348777771,0.3928859710693359,0.6095165729522705,0.39900960922241213,0.6393019199371338,0.36479851404825847,0.6383595943450928,0.36328083674112954,0.6079411983489991,0.63259859085083,0.619124174118042,0.5052493413289387,174.44620483704452,175.95549902957097,148.80291615363333,146.2223404301135,95.01846648766993,0.5689239660898844,84.83261410522572,0.45212947527567543,87.41613351418617,0.44906765619913735,128.913144866403,0.38114522298177084,131.9530689781841,0.37884224255879717
0.599088191986084,0.6284157435099283,0.6188870906829834,0.5107622146606445,0.6138953685760498,0.5091572761535644,0.6146163940429688,0.4046614646911621,0.6052613258361816,0.40159810384114586,0.6534785270690918,0.3985592842102051,0.6161025524139404,0.4107972145080566,0.6073686361312867,0.6360957145690918,0.6163912296295166,0.5099597454071045,174.6505466628371,177.24062435252503,49.51758510659889,117.33735541535479,94.09143826729272,0.5730277299880981,84.13567260669083,0.45577892462412517,89.03435308501345,0.45731060504913335,40.315618632555505,0.40619765917460127,171.07621001526832,0.4016103744506836
0.5958948612213135,0.6282734553019206,0.6215383529663085,0.5057489395141601,0.6119678020477295,0.5092612902323405,0.6133722305297852,0.39478915532430015,0.6060475826263427,0.39927285512288413,0.6517924785614013,0.4017876942952474,0.6445027351379394,0.44886016845703125,0.6069610357284546,0.6361643473307291,0.616753077507019,0.5075051148732503,174.57205197899685,176.760480678374,63.11632554277485,98.01379759177068,94.35229659890364,0.5718347311019898,84.3511206671379,0.45338898499806723,88.28196287089992,0.45114713509877524,52.206284260435815,0.4240665117899577,10.323668526756437,0.3982884248097738
0.5410606861114502,0.3642842928568522,0.6211740493774414,0.49819192886352537,0.611394739151001,0.5085382461547852,0.6168704509735108,0.4241493542989095,0.5955502986907959,0.4417348543802897,0.6457409858703613,0.44925365447998045,0.6174622058868409,0.4626747767130534,0.5806874275207519,0.4793743928273519,0.6162843942642211,0.5033650875091553,139.85788365831806,147.19136922288843,47.95739279299916,77.55399898532468,33.978131799496666,0.49136974016825363,71.40565322173549,0.4725499709447225,90.42387997974872,0.4637572209040324,43.700613646011796,0.4522048155466716,41.0085074241939,0.436701504389445
0.5988879680633545,0.6256763458251953,0.6220431327819824,0.5054750124613444,0.6107738494873047,0.5113434473673503,0.61374831199646,0.4077584902445475,0.5957884788513184,0.4332786242167155,0.6465706825256348,0.4426924069722494,0.6144234657287597,0.428308359781901,0.6066544532775879,0.630963389078776,0.6164084911346436,0.5084092299143473,167.79891746632376,176.66568471599516,103.51451104810663,67.8688259181506,94.55055647236853,0.5696863094965616,74.65275383088763,0.4708439270655314,88.48603633498584,0.45808386007944746,165.06590007462628,0.4307934919993083,46.78497889423113,0.42522544860839845
0.5402490139007569,0.3624109268188477,0.6231684684753418,0.5108628273010254,0.6087660312652587,0.5129955291748047,0.6167674541473389,0.4161566734313965,0.5902570724487305,0.42420244216918945,0.6392587184906006,0.3709345817565918,0.6136289119720459,0.38268890380859377,0.6076901435852051,0.6363096872965495,0.6159672498703003,0.5119291782379151,168.3642329821414,178.1176378793547,149.584248434997,162.93669505020057,93.80722879566402,0.5741194327672323,73.66566007636851,0.46806581020355226,90.47871005424196,0.4640429258346558,119.37921495303176,0.4034456729888916,116.4435133618995,0.39354562759399414
0.5402949810028076,0.362737242380778,0.62260422706604,0.5094258626302083,0.6094377517700196,0.5114433924357097,0.6166569709777832,0.41587998072306315,0.5909630298614502,0.41464920043945314,0.6383131980895996,0.36498114267985027,0.6178647994995117,0.36971267064412433,0.6086985349655152,0.6340780258178711,0.6160209894180297,0.510434627532959,169.96060419266433,178.29652090534762,149.84334267716642,165.6647728954066,93.38923292225964,0.572256326675415,75.33967342594637,0.46254191398620603,90.38536984658509,0.46315730412801104,120.90733257944987,0.39218093554178873,113.04858176925971,0.39043056170145674
0.5979890823364258,0.6313636779785157,0.6223975658416748,0.5033146222432454,0.6074902057647705,0.5114105860392253,0.6136418342590332,0.40558795928955077,0.5877801895141601,0.4141216278076172,0.6359282970428467,0.35981340408325196,0.6125859260559082,0.36580429077148435,0.609837555885315,0.6324044863382976,0.6149438858032227,0.5073626041412354,169.5278075342051,178.3061248678257,151.87009965855452,162.13404119455785,92.33848590876835,0.5698835452397665,73.75768595659575,0.46074211597442627,89.26702776920943,0.4564752817153931,117.17560351813933,0.38996295928955077,115.96026878862749,0.38270068168640137
0.5980406761169433,0.6302574157714844,0.6223455905914307,0.502866554260254,0.6074542045593262,0.5109937032063802,0.6133941173553467,0.407147471110026,0.5874040126800537,0.41522846221923826,0.6356829643249512,0.36115830739339194,0.6070202350616455,0.385061772664388,0.6100042581558227,0.631823190053304,0.6148998975753784,0.506930128733317,169.26601794553625,178.27103702537488,143.2661869588077,162.25677553501794,92.24476796726016,0.5693766593933105,73.30913373066008,0.46107929547627763,89.13543790658362,0.4570387999216715,123.03437980725795,0.40014511744181314,115.85734882231996,0.384152889251709
0.5399711608886719,0.3631441116333008,0.6199546813964844,0.5116167704264323,0.6205971240997314,0.46970609029134114,0.6366029262542725,0.4688484827677409,0.5838300704956054,0.449578062693278,0.6223404884338379,0.5167184511820475,0.6071146488189697,0.5044389088948568,0.567751121520996,0.33189686139424646,0.620275902748108,0.4906614303588867,33.79661049202262,63.50566350995118,113.31259996248924,158.8787619749945,71.6940080342648,0.41127914587656655,48.42316156908777,0.47011974652608235,126.81490834933368,0.4797549565633138,67.00218519687925,0.4770084857940674,106.59096450133961,0.49278346697489417
0.6033844470977783,0.6366123199462891,0.6186173915863037,0.5091780344645183,0.6073949337005615,0.5106662750244141,0.6147923946380616,0.3970515569051107,0.587739896774292,0.4011198043823242,0.636994743347168,0.3575259208679199,0.6137114048004151,0.38193289438883465,0.6112422943115234,0.6320604324340819,0.6130061626434327,0.5099221547444661,172.73727550092156,179.9588000960519,126.7714959037762,159.62168376028168,90.82738342162419,0.570991293589274,76.92639625662568,0.45552097956339516,90.90665783580391,0.4534868558247884,143.5442101959075,0.3915263493855794,119.323802497279,0.37728873888651526
0.6008833885192871,0.6303454717000325,0.6212337493896485,0.5017307917277019,0.6081244468688964,0.508460807800293,0.613060188293457,0.3876209259033203,0.5982009887695312,0.392686398824056,0.6209115505218505,0.3698392550150553,0.6081003189086914,0.3787226676940918,0.6112067937850952,0.6324965794881184,0.6146790981292725,0.5050957997639974,174.76472471116008,178.7768151449826,141.6859328513591,158.81475866701587,91.5612082174818,0.5687961896260579,81.66040101572935,0.4488910992940267,89.21046240174321,0.4463583628336589,125.3340323758761,0.3857045332590739,113.82349301534434,0.3787300904591878
0.5401111125946045,0.3637046813964844,0.6281710147857666,0.4830859820048014,0.6116589069366455,0.4947950998942057,0.6307400703430176,0.4580715179443359,0.5972394466400146,0.4565496762593587,0.6404938697814941,0.44717210133870444,0.6140773296356201,0.4560655911763509,0.5677248954772949,0.3291795094807942,0.619914960861206,0.48894054094950357,21.94781616874846,45.37864598019361,81.57768414989019,164.4039217647843,71.90903693978181,0.4090600252151489,55.0057136254125,0.47274510860443114,109.32468280822444,0.4735060294469198,178.3532137472622,0.4563076337178548,131.82510305341654,0.4526218096415202
0.5413462162017822,0.3656682332356771,0.6340517997741699,0.4283799171447754,0.625985050201416,0.4279165267944336,0.613245677947998,0.4810698827107747,0.5993061542510987,0.4524234135945638,0.6244829654693603,0.5378575642903646,0.6129626274108887,0.5331667582194011,0.5680824041366577,0.32816643714904786,0.6300184249877929,0.4281482219696045,114.2176431393812,145.9591263459251,161.175444029786,165.91832516375462,58.222901195528685,0.3781573295593262,141.6769114035534,0.44028581778208414,107.58525102956668,0.4546090523401896,80.40016650169906,0.4927950859069824,78.80677325409467,0.5094637235005697
0.5400149822235107,0.3624321301778158,0.6239289760589599,0.49439048767089844,0.6090778827667236,0.5071787198384603,0.6167695999145508,0.4353180249532064,0.6015730381011963,0.4429326375325521,0.6424778461456299,0.4190150578816732,0.6169675350189209,0.4372042338053385,0.5675535678863526,0.32812859217325846,0.6165034294128418,0.5007846037546794,2.034862437307433,24.89517188117752,110.82882196388212,140.00361297636275,74.17138861930985,0.41445659796396894,75.52891511341198,0.4718586206436157,90.2329488210227,0.46805131435394287,159.58940177760093,0.44006843566894527,147.61904130607067,0.4271665414174398
0.5420886993408203,0.36498963038126625,0.6240216255187988,0.4296054522196452,0.6232550144195557,0.4283512751261393,0.6165293216705322,0.46338396072387694,0.6066409587860108,0.45528834660847983,0.6226585388183594,0.5335802714029948,0.608452844619751,0.532435131072998,0.5674759149551392,0.3285083293914795,0.6236383199691773,0.4289783636728922,129.96879990974878,148.33964073616855,170.30428883216388,174.47319324142913,60.794959163382636,0.3787433465321859,122.86416893785996,0.442133355140686,101.67435533702657,0.44618116219838455,88.65458644367781,0.4938617388407389,85.00985346430556,0.49848211606343584
0.5411267757415772,0.3630251248677572,0.6160467624664306,0.49481385548909507,0.6093523979187012,0.49420897165934247,0.6148460388183594,0.45332148869832356,0.6003413677215577,0.45256007512410484,0.6242496490478515,0.544407844543457,0.6073993682861328,0.5388936996459961,0.5678969383239746,0.3285697301228841,0.6126995801925659,0.4945114135742188,1.7504029863051587,23.606392449240282,168.51620092845383,172.86092090658858,74.89094386008566,0.4115405718485514,73.58584574799826,0.4735357443491618,92.98305661003799,0.4739164511362712,85.32631322442492,0.49572688738505044,84.1057564518771,0.4988646666208903
0.5415623664855957,0.3629418055216471,0.6237237453460693,0.39805704752604165,0.6204026222229004,0.39692338307698566,0.609853458404541,0.494570255279541,0.6029739856719971,0.49932950337727866,0.6174241065979004,0.5605824788411459,0.6105741024017334,0.5664558410644531,0.569781756401062,0.3259031613667806,0.6220631837844849,0.3974902153015136,158.5485603028855,159.46708235237566,169.65048958530025,171.82827547877773,53.858612497769364,0.36169668833414714,100.61657445584818,0.44840985933939614,97.16843308472752,0.4460302352905273,83.54041782353214,0.5328926722208659,83.45758570752379,0.5275763670603435
0.5394099235534668,0.36457414627075196,0.6239944934844971,0.3979308764139811,0.6208118915557861,0.39651158650716145,0.6130629539489746,0.4791499455769857,0.6030125617980957,0.498876698811849,0.6191565036773682,0.5502068201700846,0.6079631328582764,0.5481135050455729,0.5679617643356323,0.32653945287068686,0.6224031925201416,0.3972212314605713,157.70435242324686,157.03204221890408,168.79199288018768,173.8827785454082,52.39535409006618,0.3618803421656291,100.79935457997057,0.4480489651362102,96.50389416184363,0.43818558851877853,84.25842655561532,0.523495101928711,85.09853782261456,0.5146783828735352
0.5388929367065429,0.3633439381917318,0.6195567607879638,0.405121898651123,0.6171916007995606,0.3954875628153483,0.6098969936370849,0.49325478871663414,0.6032770156860352,0.49934024810791017,0.6193302154541016,0.551024055480957,0.6079349517822266,0.5489864349365234,0.5664764881134033,0.32623459498087565,0.6183741807937622,0.4003047307332357,159.33061826778174,160.21626200917012,170.62379343438477,171.0893751298239,54.98275808419433,0.36326966285705564,98.66754970904053,0.4498224894205729,95.21104644349323,0.4467797597249349,84.64004953004985,0.5241633415222168,80.72594451760183,0.5221394220987956
0.5382061004638672,0.3648582776387533,0.6221299648284913,0.3992878595987956,0.6196008205413819,0.3900768280029297,0.6064881324768067,0.4936448415120443,0.6028077602386475,0.4997338612874349,0.6135039329528809,0.539477284749349,0.6061079978942872,0.5351697285970052,0.5663520574569703,0.3279815673828125,0.6208653926849366,0.39468234380086265,158.26296537829637,158.11498744072833,168.6826362845035,168.3865607849258,50.74149367797003,0.36133195559183756,99.75343300156928,0.4472081025441488,98.26609257003912,0.44416359265645344,84.67923805069351,0.51745179494222,81.29700594434686,0.5165610631306966
0.5340454578399658,0.36102733612060545,0.6260379791259766,0.38728183110555015,0.6206172943115235,0.3864468574523926,0.604335880279541,0.4950637181599935,0.6028176307678222,0.5045779863993327,0.6189872741699218,0.5407886505126953,0.6149385452270508,0.5507994333902995,0.564163327217102,0.32954808870951335,0.62332763671875,0.3868643442789714,157.66267297107333,156.4019981493645,162.37640701348667,160.61806201135306,44.091034566203,0.35820621649424234,99.8837912423411,0.44572116533915207,99.95546086221445,0.44096403121948247,75.3058629893778,0.5276887098948161,72.23326224216208,0.5179261843363444
0.533974552154541,0.35931034088134767,0.6363831043243409,0.40297870635986327,0.6315904140472413,0.39595257441202797,0.6061527252197265,0.5078784942626953,0.6032474517822266,0.5020621299743653,0.6175998687744141,0.5765532811482748,0.6116710662841797,0.5774913787841797,0.5663454532623291,0.3310818354288737,0.6339867591857911,0.3994656403859456,151.14195751674114,152.9117935375073,166.48304262429912,165.24974850366752,45.31274841922239,0.3652737379074097,106.67893293631562,0.4507638851801554,104.39917902786857,0.4536720673243204,83.62785591596268,0.5397767543792724,80.53658538111958,0.542215887705485
0.5349563121795654,0.358732000986735,0.6243484497070313,0.39488906860351564,0.6164325714111328,0.3963125228881836,0.6082735538482666,0.5195488611857096,0.6017508029937744,0.5068272908528646,0.6166644096374512,0.5730736414591472,0.6108242988586425,0.5763991673787435,0.5655223369598389,0.32850610415140785,0.6203905105590821,0.3956007957458496,159.00243973474724,161.80286218881875,169.54073089375788,169.88772637249002,50.7246543354474,0.36205344994862876,99.51341662155576,0.4512140432993571,95.5833989299843,0.4575748284657796,82.56948012728621,0.541613229115804,81.09049345065016,0.5463112513224284
0.5345162391662598,0.3589714686075846,0.6365922451019287,0.4091239293416341,0.6272927761077881,0.41030349731445315,0.6037333011627197,0.5122837702433268,0.5995981216430664,0.508030382792155,0.6139135360717773,0.5983144124348958,0.6085798740386963,0.6000682195027669,0.5668952226638794,0.3313759803771973,0.6319425106048584,0.4097137133280436,151.30167309187,153.1127563104165,167.42924340221322,167.7909168245154,50.29564938385955,0.37054484685262046,108.21026149439763,0.4588720480600993,105.37752036816961,0.46099874178568523,84.42629062297047,0.554049301147461,83.25142038409717,0.5552990913391114
0.5351473331451416,0.3545687993367513,0.6302942752838134,0.4092121124267578,0.6205891609191895,0.41029335657755533,0.6021437168121337,0.5058783213297526,0.5953867435455322,0.49760538736979165,0.6139473915100098,0.5795201619466146,0.6067451477050781,0.5742055257161458,0.5688315153121948,0.3280824820200602,0.6254417181015015,0.40975273450215655,152.21098933724318,155.7638941927434,165.07945509425883,167.0204334459725,55.2720136789064,0.36891760826110837,108.886157214122,0.4536790609359741,103.62408357186067,0.4578155279159546,81.56553953265954,0.5359054565429687,80.89380794592456,0.5426992416381836
0.534127140045166,0.3565396626790365,0.6291840553283692,0.39790493647257485,0.6216902256011962,0.397551441192627,0.6030822277069092,0.49562133153279625,0.5967002868652344,0.4877728144327799,0.6139892101287842,0.5600632985432943,0.6083134174346924,0.5634353001912434,0.5646989345550537,0.3287739594777425,0.6254371404647827,0.3977281888326009,150.9202680175239,154.18098882096385,165.37414919783927,166.35972862720695,48.6248470847166,0.3632510741551717,107.69996991854946,0.4427505016326904,102.86350783318377,0.4466747601826986,81.27399827873467,0.5256040573120117,80.39356952878417,0.5278423150380452
0.5341113090515137,0.354268487294515,0.6303981304168701,0.41435699462890624,0.6196675300598145,0.4083462079366048,0.603891134262085,0.5028741200764973,0.5945728302001954,0.4955817540486654,0.6082088470458984,0.5971490859985351,0.6025592803955078,0.5959704717000326,0.5678011655807496,0.3254439194997152,0.6250328302383423,0.4113516012827555,151.1762510959374,155.49550473504712,168.51096375990068,172.20370584136427,56.32846262425394,0.36839776039123534,109.88142023328002,0.45346667766571047,103.00716624096417,0.4571128606796264,85.45139950462747,0.545776112874349,87.37773474668711,0.5500116030375162
0.5323264598846436,0.3516931215922038,0.6221739292144776,0.39650869369506836,0.6118769168853759,0.39797805150349935,0.5992777824401856,0.5050961812337239,0.5830279350280761,0.49742151896158854,0.6062093257904053,0.6096680323282878,0.5992298603057862,0.5946563084920248,0.563412070274353,0.32497029304504393,0.6170254230499268,0.3972433725992839,154.764963447879,159.39432691573398,165.38895786760338,173.2928667418842,53.431371371648225,0.36110683282216394,108.74568666128712,0.4473324457804362,99.34452194285679,0.4511697769165039,80.53989828541268,0.5460389137268067,86.20769782648146,0.5573821067810059
0.5302640438079834,0.3504538853963216,0.6191865921020507,0.43169037501017254,0.6158495426177979,0.42350994745890297,0.590587854385376,0.4984127680460612,0.5841989994049073,0.48375835418701174,0.6007618427276611,0.616618283589681,0.5961519718170166,0.6033115386962891,0.5619206190109253,0.31959422429402673,0.6175180673599243,0.42760016123453776,141.59075146092889,150.0702092171399,167.3575230299119,170.0146990171155,62.76227110114113,0.37359719276428227,120.68096700693413,0.4556792577107748,110.82193563375614,0.4630064646402995,84.29052007006125,0.5435349464416503,85.08065681461515,0.5575155258178711
0.5314031124114991,0.3388559659322103,0.6076536178588867,0.482148551940918,0.6065236568450928,0.4734411557515462,0.5830777168273926,0.46905349095662435,0.5727787971496582,0.46151164372762044,0.5860559463500976,0.5343325297037761,0.5847026348114014,0.6176019032796224,0.5635680913925172,0.31999645233154295,0.6070886373519897,0.4777948538462321,60.887391233264175,62.53868790171131,166.5346020386529,156.982000133884,74.58122895858637,0.3988956530888875,25.388688758733707,0.46965324878692627,20.004430101136194,0.4734241724014282,85.63162178095375,0.5395567735036214,87.38780258800266,0.5016930103302002
0.5306446075439453,0.34678738911946616,0.6084985733032227,0.4233972231547038,0.604996919631958,0.41843395233154296,0.58572998046875,0.5155872662862142,0.5822431087493897,0.502853266398112,0.5836101055145264,0.5995859781901042,0.5852881908416748,0.5988198598225911,0.5616894960403442,0.3166015625,0.6067477464675903,0.4209155877431234,157.05261581557605,160.59413953670037,171.30455204060934,174.06698288161672,66.63815903807554,0.3687585751215617,106.65004862493416,0.4618844270706177,102.517050759579,0.4682514270146688,88.18257763397195,0.5508365631103516,91.44566635486142,0.5575866222381591
0.5322445392608642,0.34498071670532227,0.6088009357452393,0.41883029937744143,0.6080970287322998,0.4124304453531901,0.5837562084197998,0.5150707244873047,0.5817165851593018,0.5116932551066081,0.5874429702758789,0.5906311670939127,0.5829583644866944,0.5829903920491536,0.5587665557861328,0.3133291562398275,0.6084489822387695,0.41563037236531575,157.84959033149002,158.9932868538887,170.34201585843286,170.36194391906184,64.09654441700748,0.3644797643025716,105.55083149061558,0.46366181373596194,103.94547490125255,0.46535054842631024,89.00218263209217,0.5473418235778809,87.20662693654562,0.5528509457906088
0.5333806037902832,0.33402970631917317,0.6008373737335205,0.41444689432779946,0.6027637958526612,0.40761680603027345,0.5817820072174072,0.5042102177937825,0.5883052825927735,0.5036132494608562,0.5783170700073242,0.5860298156738282,0.5790257930755616,0.5862576802571614,0.559298825263977,0.310874875386556,0.6018005847930908,0.41103185017903643,163.14799610248224,161.24160645716117,179.0010133479435,174.78190442102255,67.00598850317161,0.3609533627827962,98.29341701950732,0.4573225498199463,102.12519816520812,0.45762103398640946,96.40645721993201,0.5449354648590088,92.42494136355499,0.5451200167338053
0.5333684921264649,0.3440142949422201,0.601340913772583,0.462481689453125,0.6045756340026855,0.46597038904825844,0.5855057716369629,0.5598075866699219,0.5757277011871338,0.5562537511189779,0.5847263813018799,0.6081823984781901,0.5565489768981934,0.6389570871988932,0.5620450258255005,0.31992158889770506,0.6029582738876342,0.4642260392506917,160.2032642833917,164.0664586791791,178.18142831161467,173.70503022139542,74.17088762459893,0.3920738140741984,106.48324096425621,0.5102398951848348,100.3478026514839,0.5120168129603069,103.05599611444873,0.5976054191589355,90.92304056199069,0.583994992574056
0.5358918666839599,0.3481369336446126,0.5989105224609375,0.47428639729817706,0.5927379131317139,0.47738958994547526,0.6065754890441895,0.6278066635131836,0.5691484451293946,0.5793668111165364,0.5841831207275391,0.6051130930582682,0.5482406139373779,0.6662103652954101,0.5619048595428466,0.323542308807373,0.5958242177963257,0.47583799362182616,163.92928138666994,175.69451881760494,179.5029553964532,49.76278529997395,77.44399403576811,0.3996901512145996,104.44884103556598,0.5276024023691813,85.95325913164827,0.5518223285675049,103.53651093388682,0.6227885882059733,45.38276578108653,0.6164598782857259
0.5451145172119141,0.34997545878092445,0.5946557998657227,0.49792935053507487,0.5819170951843262,0.4981199900309245,0.5825307846069336,0.6139936447143555,0.5675583839416504,0.5942757288614909,0.54537992477417,0.6704821904500325,0.5461829662322998,0.6671902338663737,0.5668101072311401,0.33023050626118977,0.5882864475250245,0.4980246702829997,167.68435736966197,173.98769630448177,177.63744430667393,160.63948400103448,82.70624470728482,0.4141275882720947,102.15327278237147,0.5461501995722453,92.84131874561191,0.5560091574986776,106.3388829870085,0.6307329813639323,123.3317465258539,0.642237917582194
0.5454808235168457,0.35145362218221027,0.5925808429718018,0.5053777058919271,0.5735083103179932,0.505108642578125,0.5802841186523438,0.6200373967488607,0.5561374187469482,0.6076572418212891,0.6015721321105957,0.5670629501342773,0.5431545734405517,0.6801188151041667,0.5680414915084839,0.33556888898213705,0.5830445766448975,0.5052431742350261,167.78455186218847,176.15816430400392,177.3082314231174,38.57656102122372,84.94688554005623,0.4204060316085816,104.72058457966178,0.5564502080281576,91.37752678928346,0.5626402854919434,100.15783139968441,0.643888028462728,111.89294416221254,0.593550173441569
0.537961769104004,0.3511073430379232,0.5912792682647705,0.49936707814534503,0.5714871883392334,0.4956342697143555,0.580193567276001,0.6063876469930013,0.5562801361083984,0.6000130971272787,0.6085046291351318,0.6170281728108724,0.5436403751373291,0.6773205439249674,0.5612183094024659,0.3277212778727213,0.581383228302002,0.49750067392985026,167.27924372441268,175.4785969899498,177.43181113915054,123.38263552471335,83.22663683444085,0.4126109759012858,103.7597352500841,0.5487568855285645,90.6259687631436,0.5519441604614258,99.28569437659014,0.638666820526123,20.598399192220697,0.6117079099019369
0.5413208484649659,0.3583120346069336,0.5848806858062744,0.4960947354634603,0.5640737056732178,0.4970264752705892,0.590964412689209,0.6147074381510417,0.5544415473937988,0.5948762893676758,0.6070021629333496,0.6141110738118489,0.546095609664917,0.6631259918212891,0.5619064807891845,0.33742856979370117,0.5744771957397461,0.49656060536702473,170.14235862633552,178.0383370896706,177.30188751878453,103.33663717223887,85.48327081377505,0.41699458758036295,101.51851982945257,0.5457184473673502,82.05576119652328,0.5556340217590332,96.97181958750812,0.6290011405944824,177.87043548204892,0.6144092559814454
0.5481092929840088,0.3559724489847819,0.5824285030364991,0.4962967236836751,0.5656359672546387,0.4903985023498535,0.5724362373352051,0.5808312098185221,0.5548520565032959,0.5814242045084635,0.5790149211883545,0.6129110972086589,0.5466845989227295,0.6580537796020508,0.566679835319519,0.33804089228312173,0.5740322351455689,0.49334761301676433,170.49690421903347,177.5966548397989,176.65649921962142,170.79728195997163,87.28957516113269,0.41569425264994303,102.2853287200415,0.5373859087626139,91.04515359654755,0.5370894114176432,96.08382346875949,0.6197389920552572,78.41091973140698,0.5968711535135904
0.5478548049926758,0.3651987711588542,0.586643648147583,0.46733128229777016,0.563049030303955,0.46739969253540037,0.5629232883453369,0.5368813832600912,0.5541989803314209,0.5470570882161458,0.5647149562835694,0.6243738174438477,0.5468292236328125,0.657741928100586,0.563981294631958,0.3423195203145345,0.574846339225769,0.46736548741658523,168.21008945775162,170.57915043105623,175.43736796329708,175.134817444528,85.03413282490683,0.40484250386555987,104.52540945634671,0.5072112878163655,99.73241472614863,0.5021234353383381,93.80931670471304,0.602399508158366,88.82686238709815,0.5806276003519695
0.5296382427215576,0.33882033030192055,0.5848881244659424,0.4861228624979655,0.5615679264068604,0.48512471516927086,0.5641242504119873,0.55603453318278,0.5416953086853027,0.5361876805623372,0.5648512363433837,0.622247823079427,0.5527304172515869,0.6371951421101888,0.55409836769104,0.34104612668355305,0.5732280254364014,0.4856237888336182,151.6882461765167,169.9627722467929,166.06352123732938,175.8623816662914,82.46274413749423,0.41333495775858564,121.94854099120417,0.5109057346979777,97.36720060883522,0.5208291610081991,83.76513873195549,0.586691411336263,89.37094876154998,0.5891411781311036
0.5288130760192871,0.32707834243774414,0.5784387111663818,0.4514211018880208,0.5584036827087402,0.45093199412027996,0.5594014167785645,0.5275616010030111,0.5406426429748535,0.5309783299763997,0.5471521377563476,0.6503901163736979,0.5463751316070556,0.6462399800618489,0.5663994312286378,0.3380455176035563,0.568421196937561,0.4511765480041504,168.41137960542784,175.38025101273777,170.7045596764749,179.6009819998227,88.97617556980352,0.39461103280385335,109.19272127443669,0.49107743899027506,96.7344750775132,0.48936907450358075,87.15276505414522,0.5886091550191244,95.69508721270675,0.5889758586883544
0.5315021991729736,0.33821694056193036,0.5758337020874024,0.4710549354553223,0.5519961357116699,0.46200745900472007,0.5600709915161133,0.5564182917277019,0.538122034072876,0.5537509282430013,0.5613302707672119,0.6167609532674153,0.5475008010864257,0.6373704274495443,0.559266209602356,0.3371410846710205,0.5639149188995362,0.4665311972300212,169.10105024222887,177.3410144094461,168.11235453875193,177.81882333371257,87.94237053184624,0.40183614095052084,106.47416280809864,0.5101410627365113,92.44870199259206,0.5114747444788615,83.60044839630932,0.5955606778462728,88.80447906893228,0.5865896224975586
0.5326231479644775,0.34370457331339516,0.5760775566101074,0.46674903233846027,0.5518080711364746,0.4654481252034505,0.5551245212554932,0.5276756604512532,0.5288732528686524,0.5166064262390136,0.557828950881958,0.5736936569213867,0.5435341835021973,0.5536041895548502,0.5516371488571168,0.34063652356465657,0.5639428138732909,0.4660985787709554,152.5972371258811,170.78206824420505,145.25507530454826,173.3844410373239,84.39818935481435,0.403367551167806,124.77374967455759,0.4913525025049845,98.14976723212156,0.4968871196111043,68.3832943134673,0.5351053078969319,86.6366553698189,0.55068465868632
0.5306223869323731,0.344122314453125,0.5734617233276367,0.498104190826416,0.5499193668365479,0.48797890345255535,0.5536569595336914,0.5579792658487955,0.5273584365844727,0.5262056986490885,0.5526591300964355,0.599237569173177,0.5373467445373535,0.5939597447713216,0.5527741432189941,0.34126830101013184,0.5616905450820923,0.49304154713948567,141.83371855805592,172.71424288881852,158.05187705410103,176.52441574842234,86.63784171697066,0.41715492407480875,135.9913486775202,0.5096236228942871,97.0523523586532,0.5255104064941406,81.61385374314347,0.5600827217102051,91.38542470243851,0.5786084175109862
0.5411981582641602,0.36493330001831054,0.5673258304595947,0.4749242464701335,0.544980525970459,0.4587125778198242,0.5292936801910401,0.5023569424947103,0.5209232330322265,0.5013513247172038,0.5281129360198975,0.6005359649658203,0.5236774444580078,0.5768795013427734,0.5572929620742797,0.36462790171305337,0.5561531782150269,0.4668184121449789,149.32380891019514,154.40975687578793,161.47182409146245,168.84585054604145,90.63902310130464,0.4157231569290161,135.5724492827985,0.48408486843109133,127.08145128299174,0.4845876773198446,87.91157677302999,0.5391154130299887,90.68903106454117,0.5514464537302652
0.5361348152160644,0.3718012809753418,0.5682163715362549,0.48711118698120115,0.5426896095275879,0.4718105951944987,0.5391695022583007,0.5623801549275717,0.514954662322998,0.544755490620931,0.543674898147583,0.6522993723551432,0.5260095596313477,0.6432638168334961,0.5561305284500122,0.35336046218872075,0.5554529905319214,0.47946089108784995,160.33245256689634,173.5289052772987,163.40683823970858,173.23319926504155,90.30784740341147,0.41641067663828535,121.80884824229769,0.5121081908543905,101.11023005293109,0.5209205230077107,83.59688781094273,0.5940096537272135,87.13159788245102,0.6073397636413574
0.5593843460083008,0.36724042892456055,0.5688196659088135,0.49345970153808594,0.5368743896484375,0.4642227490743001,0.5424912929534912,0.5009504318237304,0.5062513828277588,0.49526205062866213,0.5421301841735839,0.6158332188924154,0.5093541622161866,0.5847869873046875,0.5592213153839112,0.36525375048319497,0.5528470277786255,0.478841225306193,131.58072846980963,161.93058934133623,155.69588599026903,175.70697416807633,93.21194845866717,0.422047487894694,160.58697352419657,0.48705163796742756,115.0979294228414,0.4898958285649617,88.01502195640009,0.5400245189666748,90.18009609116895,0.5583918253580729
0.5490487575531006,0.3590338389078776,0.5611387729644776,0.5054546038309733,0.5304202079772949,0.48383703231811526,0.5569486618041992,0.5092297236124674,0.5094212055206299,0.48358036677042643,0.5484898090362549,0.5903022766113282,0.509431266784668,0.5783470153808594,0.5555729627609253,0.3733025074005127,0.5457794904708863,0.4946458180745443,95.78217018308963,143.1329480007056,156.52045729276637,172.42051492771301,94.61427163956603,0.4339741627375285,16.927349105487934,0.48911309242248535,52.553085776332864,0.5019377708435059,89.99391697424952,0.5309636910756429,95.95650758278263,0.5497660001118978
