0,1,2,3,4,5,6,7,8,9,10,11,12,13,14,15,16,17,18,19,20,21,22,23,24,25,26,27,28,29,30,31
0.3483012914657593,0.1536297639211019,0.3430605888366699,0.39475606282552084,0.33352365493774416,0.3961474418640137,0.3395398616790771,0.40318628946940105,0.33335626125335693,0.4043471654256185,0.33454031944274903,0.5449089686075846,0.32834272384643554,0.5368265151977539,0.3493376612663269,0.2003904978434245,0.33829212188720703,0.39545175234476726,155.45547259645417,168.06994898180676,178.14164878620085,179.41760362648756,93.24096993599137,0.29792112509409585,119.02488910898938,0.39989945888519285,80.8359649066424,0.39931902090708415,92.16726244794236,0.4705868403116862,92.02038187184897,0.47404762903849285
0.34457764625549314,0.11950797239939372,0.3245612859725952,0.3997241338094076,0.35958051681518555,0.40850035349527997,0.32120912075042723,0.39891544977823895,0.3645746946334839,0.40923004150390624,0.3275932788848877,0.49558401107788086,0.36068949699401853,0.4872029622395833,0.3485218286514282,0.19887263774871827,0.3420709013938904,0.40411224365234377,107.17617062226286,83.78674454226486,164.51749551085,167.22773576621057,91.80028245956667,0.30149244070053105,12.812253624901798,0.406671142578125,13.988021782586088,0.40151384671529133,92.85254768239747,0.4482165018717448,86.22157496401405,0.44724973042805993
0.3414395570755005,0.1916695276896159,0.3491374969482422,0.39818112055460614,0.33477349281311036,0.4139447848002116,0.3396218061447144,0.40382207234700523,0.33574738502502444,0.3933579444885254,0.334903883934021,0.5311696052551269,0.3369086503982544,0.5311833063761393,0.34693571329116824,0.20980536142985026,0.3419554948806763,0.4060629526774089,29.529858178379985,48.321125894189,177.20743264544274,178.89565013346692,91.45362158769841,0.3079341570536296,63.95825310480012,0.3997104485829671,43.83774832523301,0.40494251251220703,89.5172584388299,0.4622706254323323,92.12170156707462,0.46749583880106604
0.33699562549591067,0.16038044293721518,0.34670705795288087,0.40024760564168294,0.35392136573791505,0.39148616790771484,0.3388561010360718,0.46253763834635414,0.33359878063201903,0.43870617548624674,0.34325294494628905,0.565159289042155,0.34340920448303225,0.5692709604899089,0.34631835222244267,0.197396985689799,0.35031421184539796,0.3958668867746989,161.70211094024592,171.8604823723554,173.42263158122742,175.15820219772036,88.84660110315016,0.2966319362322489,111.315196206965,0.4172865311304728,99.75165313852912,0.4292022625605265,85.70296363696735,0.5039885679880778,87.54665203663507,0.5138484636942545
0.32344851493835447,0.24570919672648112,0.34847776889801024,0.3886298179626465,0.3615920066833496,0.3896233558654785,0.3276158571243286,0.459264882405599,0.3424473524093628,0.46101366678873695,0.33304216861724856,0.5605401357014974,0.34257290363311765,0.565406862894694,0.34495384693145753,0.2040357271830241,0.35503488779067993,0.38912658691406254,170.62694206575097,162.53426814636694,175.8873428394416,169.62180816068977,86.88244485412204,0.2965811570485433,99.93188801822936,0.4250701268513998,111.35192506340839,0.42419573465983074,89.93109175660997,0.5132102648417155,86.93303415023173,0.5099025090535482
0.3230774402618408,0.2574736754099528,0.3641566038131714,0.43580973943074547,0.3376957654953003,0.4238674799601237,0.34114947319030764,0.4986495653788249,0.3288925886154175,0.4807821909586589,0.3447838068008423,0.5627189636230469,0.3376372575759888,0.5561562220255534,0.33873399496078493,0.2162192980448405,0.35092618465423586,0.4298386096954346,158.74139511284577,171.42348846178777,167.3767331157371,174.1067725233613,86.73342279382867,0.3230289538701375,113.38895345098864,0.4553104003270467,98.0865026762863,0.46424408753712976,83.38230100949957,0.5184692064921061,86.7533788509616,0.5306842645009359
0.33776378631591797,0.24339791933695476,0.36650207042694094,0.4443873405456543,0.3323032855987549,0.4409980773925781,0.34694924354553225,0.5752621332804362,0.33234829902648927,0.5839379628499349,0.34923391342163085,0.5782475153605143,0.3413583278656006,0.5846467971801758,0.3466583371162415,0.20788590908050536,0.3494026780128479,0.4426927089691162,175.29450702966517,178.8943905007154,91.25488458920748,142.502357946412,89.33037717863296,0.3252893090248108,96.88473748238901,0.5133153359095256,91.0602399134212,0.5089774211247762,4.498291595809139,0.5842923800150553,52.57369067204143,0.5767548243204752
0.33506929874420166,0.3169662157694499,0.36794707775115965,0.4336247762044271,0.3362422466278076,0.4294744491577148,0.3434550046920776,0.5740219116210937,0.3318993806838989,0.6000741958618164,0.3484891176223755,0.5806848526000976,0.34550364017486573,0.5889582316080729,0.34200502634048463,0.23467410405476885,0.3520946621894836,0.43154961268107095,174.75069041266403,176.28496414980808,48.3502427115769,141.5425915781495,87.06622605526991,0.3331118583679199,96.83349990995629,0.5158119042714437,93.47022173176305,0.5027857621510823,140.74793400958933,0.5945162137349447,52.92752415288856,0.5773533821105956
0.33237085342407224,0.25123324394226076,0.3661439657211304,0.38326600392659504,0.341039252281189,0.39857784907023114,0.389963436126709,0.489819590250651,0.33101468086242675,0.5921910603841146,0.3479207992553711,0.5664526621500651,0.345774507522583,0.5815092086791992,0.34103702306747435,0.20070806344350178,0.3535916090011597,0.39092192649841306,175.0662320474359,169.41304756260226,51.757600620480446,153.10022208428128,86.22381376529819,0.2958149949709574,96.40027482348118,0.49155649344126384,69.80787288780068,0.44037075837453205,144.10631985637804,0.5868501345316569,118.7501689305834,0.5281361262003581
0.3376338243484497,0.21545379956563313,0.36108262538909913,0.3447637875874837,0.34138777256011965,0.3587874094645182,0.39066271781921386,0.47220112482706705,0.33626880645751955,0.4876380920410156,0.3499450206756592,0.5886625289916992,0.33434922695159913,0.5925572713216146,0.3417918086051941,0.1980932871500651,0.3512351989746094,0.35177559852600093,174.80650712078716,171.9805563515166,177.03658078727483,161.04120231821105,86.48373998674697,0.27493444283803303,96.2862644889103,0.41970684528350827,71.87146669270571,0.41198836167653397,91.048154736822,0.5400976816813151,109.27084968186927,0.5304318269093832
0.3389150619506836,0.17391354242960613,0.34320507049560545,0.333828608194987,0.3589407682418823,0.3450839360555013,0.353566575050354,0.5378642400105794,0.3799735546112061,0.4984119415283203,0.352372407913208,0.5830493927001953,0.3529979228973389,0.5854640960693359,0.34118338823318484,0.1939740498860677,0.35107291936874385,0.33945627212524415,176.95654704478943,178.6577938574071,162.3345621847367,178.18047078892295,86.11115357668899,0.26671516100565595,79.69529154818738,0.4189341068267822,89.2799259761403,0.4386602560679118,107.21710928272549,0.5419380187988281,91.51387812101152,0.5604568163553874
0.3362950563430786,0.2156968593597412,0.3600883960723877,0.3279880523681641,0.35144567489624023,0.33464911778767903,0.3589244604110718,0.5430505116780598,0.341812801361084,0.48488378524780273,0.3580637454986572,0.5900285085042317,0.35835134983062744,0.5846782684326172,0.33904792070388795,0.19909543991088868,0.355767035484314,0.33131858507792156,174.25358467688042,177.54701171314304,171.17452790121163,178.44173088645664,82.79341163354775,0.26520701249440515,95.19212032496564,0.40810118516286215,89.14564743656226,0.4371845483779907,80.59012091080334,0.53478102684021,91.04963638676828,0.5665395100911458
0.34709107875823975,0.24862864812215169,0.3686609506607056,0.360977840423584,0.33671138286590574,0.3820648511250814,0.3945796012878418,0.4830610911051432,0.3336998701095581,0.5084247271219889,0.3713477611541748,0.5569065093994141,0.33196249008178713,0.5765068689982097,0.34684939384460445,0.19684824148813884,0.35268616676330566,0.3715213457743327,174.52099057742382,168.88201261084058,175.68891874317947,156.78812112301148,88.08615030890654,0.2841847936312358,97.89564039910057,0.4399730364481608,69.41422395224323,0.42729121843973794,91.46180687704778,0.5424657980600993,107.46362592248492,0.5199838002522786
0.3514425754547119,0.21690858205159505,0.3698269844055176,0.3581463177998861,0.337076210975647,0.3753347078959147,0.39255485534667967,0.4822393417358398,0.33490586280822754,0.5036562919616699,0.3723639249801636,0.5749795277913411,0.32917978763580324,0.5875588734944661,0.34924447536468506,0.19424873193105063,0.3534515976905823,0.36674051284790044,174.93934116787537,169.84848257623608,177.63156448172873,162.52813501599073,88.60281707445563,0.28049462238947553,97.71397029916345,0.4351984024047852,71.29596725931063,0.42448992729187013,93.90419456430637,0.545607582728068,102.28248244895867,0.5286094347635905
0.3556316137313843,0.25632648468017577,0.3697829723358154,0.37324730555216473,0.3377220869064331,0.39102897644042967,0.3930683612823486,0.4866005897521973,0.3375563621520996,0.5061980883280436,0.3760481834411621,0.5940188090006511,0.3297655820846558,0.5808130900065104,0.3510224223136902,0.20323723951975503,0.35375252962112425,0.38213814099629717,175.10705523640394,167.81556784159244,179.07656422331112,164.98947985985058,89.12570879166346,0.2926876902580261,97.43796309666726,0.4441681146621704,69.37550445544402,0.4343693653742472,95.9608280186653,0.543505589167277,99.00353997520514,0.5403096993764241
0.35631067752838136,0.24535435040791828,0.3714744567871094,0.37518494923909507,0.3381027698516846,0.38900146484375,0.3921583890914917,0.5317985534667968,0.32840206623077395,0.5366980234781901,0.38380720615386965,0.5896844228108724,0.3272736072540283,0.5882121404012044,0.3513183116912842,0.20122620264689128,0.354788613319397,0.3820932070414225,174.2224294702532,173.02696846490915,173.65139580415845,163.8329413823997,88.90079872064506,0.29165970484415693,99.6854026161355,0.4593956152598063,75.98413214964154,0.45694588025410965,91.25491033370687,0.5624550819396972,98.20940726571537,0.5607414881388346
0.36287755966186525,0.23596709569295246,0.37026994228363036,0.3838809331258138,0.33850908279418945,0.3905227025349935,0.39132773876190186,0.5297986984252929,0.3277395963668823,0.5367044448852539,0.3860447883605957,0.588214111328125,0.32707240581512453,0.5871448516845703,0.35448511838912966,0.20454669793446859,0.35438951253890993,0.38720181783040364,174.49633346725247,171.93992324498547,172.9779883129346,165.8829631095361,90.02998991332528,0.2958742578824361,100.10722179390527,0.4619531313578288,75.47734321135106,0.4585002581278483,90.75782445019964,0.5619246482849121,95.16763539887779,0.5590064048767089
0.36746559143066404,0.23824294408162436,0.37313218116760255,0.37550541559855144,0.3406416177749634,0.3853297233581543,0.3917679309844971,0.5121974627176921,0.32929866313934325,0.5243780453999837,0.39207892417907714,0.5876242319742838,0.3281219959259033,0.5888313929239909,0.3575921177864074,0.204565167427063,0.35688689947128294,0.38041756947835287,174.20722832821937,171.51345460602482,173.18766673440754,170.59708832745292,90.22977119455983,0.29249136845270796,100.84849678944379,0.45239780743916824,75.17428447245443,0.44630751609802244,91.04588170341111,0.5566047191619873,89.76376428805187,0.5499108473459879
0.3632639408111572,0.26369827588399253,0.3734828233718872,0.37809890111287436,0.33893709182739257,0.3828396479288737,0.3920708894729614,0.5180155118306478,0.3291727304458618,0.5154147466023763,0.39712769985198976,0.5946828206380208,0.33008947372436526,0.5972830454508463,0.3571794629096985,0.21025996208190917,0.3562099575996399,0.38046927452087403,173.91426430906742,171.8554209326287,172.48888058727618,172.9596211409884,90.32635089678301,0.2953646183013916,101.32958153194255,0.4479420105616252,75.38719776313006,0.44924239317576087,89.35844122496434,0.5563488960266113,86.22635991826833,0.5563491662343343
0.37091186046600344,0.2234074910481771,0.3761467933654785,0.37773043314615884,0.3420859813690186,0.3904102325439453,0.39428086280822755,0.5201841354370117,0.32734363079071044,0.5268152236938477,0.4064490795135498,0.6039403915405274,0.3286391019821167,0.5956024805704753,0.35980757474899294,0.20123499234517417,0.35911638736724855,0.3840703328450521,173.14563077567522,171.6833863834081,170.7223923542037,176.11719063976568,90.21659888654416,0.29265266259511313,102.5485697123573,0.4554427782694499,75.51457860257023,0.4521272341410319,88.92107547895,0.5612088521321614,81.73382870080327,0.5620622634887695
0.38296873569488527,0.2773164431254069,0.37354168891906736,0.3566241900126139,0.3429108619689941,0.36911083857218424,0.3922322511672974,0.49446640014648435,0.33294048309326174,0.5007214546203613,0.399622368812561,0.5974276860555013,0.3273709535598755,0.5858826319376628,0.36589410305023196,0.21419986883799236,0.35822627544403074,0.36286751429239905,176.1670020595129,170.87997404316542,175.86464128217781,174.09668458544868,92.95252682031466,0.2885336915651957,100.3939122555988,0.4317944844563802,75.51134960077553,0.4286669572194417,93.74180759093427,0.5433020432790121,85.89459606695269,0.5459470431009928
0.3870119571685791,0.26769304275512695,0.37897262573242185,0.3809009234110514,0.34493680000305177,0.38510338465372723,0.3936530590057373,0.5599123001098633,0.3259791612625122,0.5416841506958008,0.39377827644348146,0.5885882059733073,0.3289334774017334,0.5941378275553385,0.3700081706047058,0.2173177639643351,0.36195471286773684,0.38300215403238935,174.95613601304854,173.78979958745253,167.88742407498842,171.45096125028246,92.78279838289028,0.30015995899836223,102.77386370727903,0.46234315236409507,79.84167071301505,0.4714572270711263,86.7763708934305,0.5679109891255696,89.74981138732929,0.5742502530415853
0.3778536796569824,0.2568716843922933,0.3835445404052734,0.3696012496948242,0.34694681167602537,0.3708998044331869,0.3986906766891479,0.567581049601237,0.32865238189697266,0.5303795178731282,0.3996692895889282,0.5992185592651367,0.3286206960678101,0.5834223429361979,0.3677471041679382,0.20992618401845295,0.3652456760406494,0.3702505270640055,174.08319738516627,175.3253134157098,170.28543704581708,173.22175728138288,90.89387328073894,0.29008835554122925,102.87241105931892,0.45031502246856686,80.38051228725483,0.46891578833262126,90.03422638336636,0.556900930404663,88.2282892290699,0.5833998044331868
0.38704495429992675,0.24191071192423502,0.3858020782470703,0.37707907358805337,0.34989607334136963,0.37998218536376954,0.40180654525756837,0.5454046885172527,0.3328589916229248,0.525638198852539,0.39593777656555174,0.5936037063598633,0.32876427173614503,0.5799283345540365,0.37354404926300044,0.20998043219248452,0.36784907579422,0.37853062947591143,173.9649470456909,173.3141435771284,173.33050391673942,165.61701559384258,91.93517340279193,0.294255530834198,103.37940202716773,0.45208441416422523,78.49783769851342,0.46196765899658204,94.31324785015372,0.5527832667032877,96.94222762522095,0.569504197438558
0.3760785341262817,0.2549541632334391,0.38774428367614744,0.383539358774821,0.35084354877471924,0.385088857014974,0.3977287769317627,0.5277120908101399,0.33756821155548095,0.5017440160115559,0.3931949377059937,0.5988134384155274,0.3291208028793335,0.5833935419718425,0.3715648651123047,0.21245854695638022,0.36929391622543334,0.3843141078948975,171.58412051180284,173.52841283206368,174.49801505383172,169.99335389938284,90.75707887074857,0.29838632742563886,105.11850149789073,0.4430290619532267,78.78412343008038,0.4560130993525187,95.90677014069277,0.5425687789916992,93.64857538770767,0.5632627646128336
0.3746626615524292,0.24543244043986004,0.3896482944488525,0.36827818552652997,0.35551273822784424,0.38151782353719077,0.40289807319641113,0.5338879267374674,0.3395839214324951,0.5144803047180175,0.39622819423675537,0.6018868764241536,0.3300654888153076,0.5827713012695312,0.370883047580719,0.20677491029103595,0.3725805163383484,0.3748980045318604,172.50773994858704,174.79378007097722,176.37585700068757,168.45028072584128,89.4215280687231,0.29083645741144815,103.30028664468021,0.44468915462493896,79.20396157840764,0.4543929656346639,97.93479450841494,0.5486258029937744,95.60210616498605,0.5678874015808105
0.40824294090270996,0.25919580459594727,0.37979869842529296,0.3907941182454427,0.3529264211654663,0.3890925407409668,0.39928760528564455,0.486054261525472,0.34726433753967284,0.4995889663696289,0.39035539627075194,0.5999963124593098,0.3305556535720825,0.5875406901041667,0.38143699169158934,0.2333777109781901,0.3663625597953796,0.38994332949320476,177.4341393494679,165.13091556266258,179.51457335213115,169.00136165474228,95.49959299346942,0.31166052023569746,99.88072636721726,0.44476614793141683,71.08990582325839,0.4379987955093384,100.75661933468051,0.5435648282368978,94.48239577888499,0.5430252869923909
0.4109522819519043,0.24048720995585124,0.38910961151123047,0.39455423355102537,0.35978002548217775,0.39312998453776044,0.40684285163879397,0.48850170771280926,0.35215344429016116,0.5075825691223145,0.3963132619857788,0.5906775792439779,0.33200371265411377,0.5881358464558919,0.3883731245994568,0.230789581934611,0.3744448184967041,0.3938421090443929,176.3665234663303,165.20533176854153,178.27813486185963,167.77666515140334,94.88247900090848,0.3123158454895019,101.08854370304033,0.4507123390833537,71.10606342306554,0.4411719083786011,104.04388304435734,0.5478592077891031,95.8837654181659,0.5395896434783936
0.41430134773254396,0.2476820468902588,0.37929272651672363,0.3967473030090332,0.3813282012939453,0.40067100524902344,0.3856874227523804,0.5037147521972656,0.39004538059234617,0.508191172281901,0.38959062099456787,0.5997912089029948,0.39198927879333495,0.6025478998819987,0.39821158647537236,0.24158634344736735,0.38031046390533446,0.3987091541290283,173.16429741631148,174.33320997123255,177.9010756487182,179.68402866879887,96.49972625330686,0.32014774878819785,84.91874008138706,0.45345016320546466,87.06864959682744,0.45121195316314694,88.81978304602946,0.5553695360819499,87.67358330982825,0.5517529805501302
0.4279447078704834,0.2491027037302653,0.3809242010116577,0.3580323219299316,0.36778342723846436,0.3541991869608561,0.40509033203125,0.47984895706176756,0.38874039649963377,0.4931211471557617,0.38990035057067873,0.6045237859090169,0.360839319229126,0.565263303120931,0.4042667508125305,0.22545121510823568,0.374353814125061,0.3561157544453939,170.68573075250407,166.23503783606932,162.5530972430339,169.47233552206447,102.89448448306172,0.2907834847768148,84.00548673454347,0.4246184508005778,76.04955048580604,0.4179823557535807,111.14404634284158,0.5291922251383463,96.94649736424876,0.5421863714853923
0.43344764709472655,0.2521104335784912,0.3895703315734863,0.38203067779541017,0.3748203754425049,0.37792530059814455,0.40514068603515624,0.4845365206400553,0.3948490142822266,0.4834552764892578,0.3898536443710327,0.5880146026611328,0.36315107345581055,0.5578881581624349,0.4114743947982788,0.2250844955444336,0.3821953535079956,0.3799779891967774,169.34649691826397,166.22424296598405,163.0427392078802,169.48812105700296,100.7041471423064,0.30253124237060547,83.02823167650976,0.4317166328430176,77.62266226398512,0.4322572549184164,113.06718484018663,0.5206717173258464,98.40364572308206,0.5362755616505941
0.4335507869720459,0.22395049730936686,0.38888134956359866,0.4095491091410319,0.38947181701660155,0.41236257553100586,0.3925248384475708,0.519706662495931,0.40346875190734866,0.523255189259847,0.38169112205505373,0.594394302368164,0.3835739612579346,0.6028039932250977,0.41309998035430906,0.2140519062678019,0.3891765832901001,0.4109558423360189,170.9629415508966,174.38546208242013,167.6313689465946,174.0833384086902,96.92735833091399,0.3125038743019104,82.74704414156331,0.46710551579793297,88.23651622327108,0.46533125241597495,104.04138831536491,0.5630295912424723,98.25339904277138,0.5570504824320475
0.4404722213745117,0.2274601936340332,0.3952711343765259,0.420448366800944,0.38435025215148927,0.39974311192830403,0.4000992298126221,0.5387669881184896,0.39838395118713377,0.5489417394002278,0.38355698585510256,0.6109038670857747,0.3861633539199829,0.6133789698282878,0.4195935487747192,0.21671422322591144,0.3898106932640076,0.410095739364624,172.81383193229175,171.96439362604445,170.28922279078736,168.8681530959093,98.75538135647874,0.3134049812952677,86.46667062809047,0.47951873938242595,85.42836330542536,0.4744313637415568,100.7386767069284,0.5811603546142579,102.91561568951182,0.5748354276021321
0.4461369037628174,0.24083844820658365,0.39326202869415283,0.40739561716715494,0.3916938781738281,0.4066091855367025,0.4006955146789551,0.5320585250854493,0.4141700744628906,0.5185801188151041,0.35389301776885984,0.6086475372314453,0.3921586275100708,0.6103794733683269,0.421657133102417,0.2187594970067342,0.3924779534339905,0.4070024013519287,167.56773276250553,172.4127099108143,166.6062663037667,159.40410989094158,98.81118759805616,0.31288094917933146,78.99821383864295,0.46279126008351645,86.24044276842258,0.46953046321868896,103.48369473517175,0.5644797960917155,121.42853103812857,0.5703530311584473
0.4395862102508545,0.22808519999186197,0.41839213371276857,0.4116297721862793,0.3823465585708618,0.3898830731709798,0.41675601005554197,0.5254800478617351,0.39186456203460696,0.5282267252604167,0.39446401596069336,0.6074014663696289,0.3670490264892578,0.603334108988444,0.42290046215057375,0.21955045859018962,0.4003693461418152,0.40075642267862954,178.07558490368194,171.3645293131676,171.05687905825707,166.41447830374287,97.08776943575464,0.3101534406344096,93.81710164732762,0.4644915739695231,82.51513343412424,0.4631182352701823,108.28359357934076,0.5657804171244303,105.22242732881155,0.566440757115682
0.45007476806640623,0.24205929438273113,0.41962552070617676,0.3973003705342611,0.3857471227645874,0.3816925684611003,0.4196037292480469,0.5178614616394043,0.39546217918396,0.517818291982015,0.3977534055709839,0.6096528371175131,0.37317309379577634,0.615329360961914,0.42729179859161376,0.22185675303141278,0.4026863217353821,0.3894964694976807,177.08381769728143,171.0043778071194,174.5700968709146,167.8938959889217,98.35002050920231,0.3056766112645467,93.22218326398554,0.45365738073984785,82.49217480123764,0.4536789655685425,102.87547120801229,0.5665738264719645,103.38968256669482,0.5637571493784587
0.4606064796447754,0.20543856620788575,0.42063326835632325,0.38804086049397785,0.393894362449646,0.3730462392171224,0.42499532699584963,0.5053743362426758,0.4013772487640381,0.4843912442525228,0.39537792205810546,0.6232308705647787,0.3840053558349609,0.6365484873453776,0.4366585731506347,0.21562767028808594,0.4072638154029846,0.3805435498555501,175.76570758135657,169.61044227794332,178.67786765641156,168.69753537905905,100.10631893249638,0.298085610071818,93.2443173887423,0.4324673970540365,81.91553938242203,0.442958943049113,96.51329455619167,0.5604698657989502,104.10635152653573,0.5643026034037273
0.46235265731811526,0.24196292559305826,0.4137688636779785,0.3967590649922689,0.3880016803741455,0.3731909116109212,0.42445526123046873,0.5104217211405436,0.4073799610137939,0.4826655387878418,0.3973375797271729,0.6058703740437825,0.3861542701721191,0.6080231348673503,0.4396883249282837,0.22213061650594074,0.400885272026062,0.38497498830159504,169.1274084724292,166.334198082467,174.16831995223654,165.05987254632663,103.40268062655585,0.3035528024037679,86.19644402720994,0.4338202635447184,79.35884689209952,0.44769835472106934,99.61023767929123,0.5453443368275961,105.86024772145298,0.5581460475921631
0.4640649318695068,0.23253394762674967,0.38812029361724854,0.3902988115946452,0.4135796546936035,0.4087379773457845,0.41077365875244143,0.46530644098917645,0.4283754825592041,0.4787953694661458,0.39766573905944824,0.5878362655639648,0.40273561477661135,0.6159398396809895,0.4415167808532715,0.2199139674504598,0.400849974155426,0.39951839447021487,157.94670341497292,164.28109420309949,168.91130890320838,174.86258244546588,102.75803389504672,0.3097161809603373,70.85264877998792,0.43915688196818037,81.4219871636336,0.43241241772969563,100.58949604048158,0.5473676045735677,96.10612990529593,0.5265713532765707
0.46991119384765623,0.21623239517211915,0.3968052387237549,0.38653926849365233,0.40631771087646484,0.3904545466105143,0.4115488529205322,0.45360851287841797,0.4344328880310059,0.4519605000813802,0.3911991834640503,0.5930592854817708,0.4018897533416748,0.5972253799438476,0.4443121194839478,0.22188920180002847,0.40156147480010984,0.3884969075520833,150.15902218251134,163.23162881694836,167.28262323986587,174.59747601846257,104.39130696225055,0.3051930546760559,62.61778502018097,0.4202287038167318,81.27944913649722,0.42105271021525065,102.62726466755508,0.5245929400126139,98.30241455461805,0.5233338991800944
0.47275915145874026,0.2344459851582845,0.40354385375976565,0.4016145706176758,0.4118834972381592,0.4044161796569824,0.4131894588470459,0.46790332794189454,0.430141544342041,0.47707395553588866,0.3987689971923828,0.5969779968261719,0.41499943733215333,0.6119157155354817,0.4475849628448486,0.22329155604044595,0.4077136754989624,0.4030153751373291,159.21964055252138,167.17230217451123,171.5953106467438,176.26559560039595,102.50834868260937,0.3131534655888875,73.1516107093972,0.4400446653366089,85.17633589300607,0.4354593515396118,96.4072092693152,0.5444948355356852,96.37475582107288,0.5324406623840332
0.4789910793304443,0.23436419169108072,0.4049499034881592,0.39568490982055665,0.4149815559387207,0.40080881118774414,0.4163156509399414,0.5307566324869791,0.4220992088317871,0.5613109588623046,0.39464235305786133,0.6124756495157878,0.3973622560501099,0.6161321004231771,0.45443780422210694,0.22930943171183268,0.4099657297134399,0.39824686050415037,170.181162754407,170.04888241930195,159.0242272129644,169.2374295475608,104.74827500692432,0.31377814610799154,85.74450565581972,0.4797789096832275,87.25646211945765,0.46450174649556475,114.28633229242458,0.5887215296427408,104.85386038983093,0.5716161410013835
0.48139567375183107,0.26130336125691733,0.43203153610229494,0.4191130002339681,0.4062816619873047,0.3939973831176758,0.42056779861450194,0.5457274119059244,0.41984872817993163,0.5484817504882813,0.39558308124542235,0.615580940246582,0.40659008026123045,0.6235783894856771,0.4607120752334595,0.23078753153483073,0.41915659904479985,0.40655519167582194,172.39117615451025,172.15492511684727,173.3013152338629,166.75376289656873,103.30177884791102,0.31867136160532633,89.72058954792188,0.4775184710820516,89.41904348244171,0.4761413017908732,100.0126411158388,0.5860300699869792,109.68075573035323,0.5806541760762532
0.48790154457092283,0.24901474316914876,0.4347980976104736,0.41828635533650715,0.40961508750915526,0.3956211407979329,0.43050365447998046,0.5334801991780599,0.4232741355895996,0.5248908042907715,0.41342945098876954,0.623676617940267,0.4089688777923584,0.6201423009236654,0.4646055459976196,0.23256017367045084,0.4222065925598144,0.40695374806722007,171.4339123658276,169.78267519797777,175.01207823591216,171.59991042133123,103.66476033143331,0.3197569608688354,89.48138404030453,0.4659222761789958,86.2481602549337,0.47021697362264,98.54107990371055,0.5725165526072185,100.71926563224604,0.5785784085591634
0.4954643726348877,0.2422278881072998,0.4305765628814697,0.41509151458740234,0.4235227108001709,0.4100281397501628,0.43639707565307617,0.5500248591105144,0.4286609172821045,0.5599925359090169,0.42026419639587403,0.6195387522379557,0.39697833061218263,0.6069707870483398,0.4702808141708374,0.2503931999206543,0.4270496368408203,0.4125598271687826,171.7173892884371,169.65808830035587,154.79666838996323,168.81169418705375,104.9270442966629,0.3314765135447184,89.37384387521956,0.48627618153889973,86.10995166901274,0.48129234313964847,123.99610712533942,0.5834816614786784,103.06597481239842,0.5847818056742351
0.4952558994293213,0.28083937962849936,0.44072861671447755,0.428662109375,0.4197082042694092,0.40922501881917317,0.4397493839263916,0.5650150934855144,0.43359980583190916,0.5487258911132813,0.4443626403808594,0.6496227264404297,0.391539192199707,0.6114421844482422,0.46815390586853023,0.24531928698221844,0.43021841049194337,0.41894356409708655,172.01027622936886,171.18950124406015,157.5135554095314,179.6122470230688,102.32497290634969,0.33213142553965247,88.50753284056321,0.4838347276051839,86.26681829457614,0.49197932879130046,123.84773814592926,0.5800840377807617,86.87902096148609,0.6073189099629721
0.4857459545135498,0.2871646563212077,0.4353231906890869,0.3872934023539225,0.4248565673828125,0.37143739064534503,0.447275447845459,0.4911281903584798,0.4558990955352783,0.4621739387512207,0.3975189447402954,0.6093759536743164,0.4442118167877197,0.6539268493652344,0.4625025987625122,0.24958899815877278,0.43008987903594975,0.37936539649963374,160.90993421736536,167.6509227680561,173.56776866601743,165.2393823995373,104.02320358592216,0.31447719732920326,72.68913477108484,0.4207696676254272,81.25819835532232,0.4352467934290568,93.48784480265083,0.5580503940582275,112.82047067142531,0.5502520720163981
0.5037194728851319,0.26987342834472655,0.44379501342773436,0.40677080154418943,0.4333349704742432,0.3980235735575358,0.4541618347167969,0.5120817184448242,0.4460733890533447,0.5384344100952149,0.4344035148620605,0.6031315485636394,0.4380953788757324,0.609266726175944,0.48082969188690183,0.24499324162801106,0.43856499195098875,0.4023971875508626,170.08597715512738,166.2050650672464,173.70379160838684,168.94397565645704,105.03003177442521,0.32369521458943684,86.84083952631963,0.47041579882303874,81.90695185635722,0.4572394529978434,96.4262749116791,0.5738505681355794,102.24366816649179,0.5576066335042318
0.4835944175720215,0.2844620068868001,0.46628680229187014,0.3326457659403483,0.4451478958129883,0.3406867345174154,0.46521844863891604,0.4330041567484538,0.4571381092071533,0.4592893918355306,0.4006624698638916,0.6134592692057291,0.44629321098327634,0.6537991841634114,0.47199556827545164,0.2537508090337117,0.4557173490524292,0.33666625022888186,175.20171526100117,172.20237397329498,178.51091589508772,171.56531484032735,101.10722369957901,0.2952085296312968,89.33617817051933,0.39797782103220625,84.36755249226614,0.38483520348866784,93.19122355341199,0.556544287999471,109.68415241444974,0.5232317129770915
0.5198818683624268,0.23153851826985677,0.460176420211792,0.3873717943827311,0.44707484245300294,0.3785866737365723,0.448790168762207,0.4691347122192383,0.4388866424560547,0.47486546834309895,0.4013530731201172,0.6193939844767252,0.4461171627044678,0.6595317840576171,0.49652369022369386,0.2405195156733195,0.45362563133239747,0.38297923405965173,175.29532741042385,171.41875385812614,176.20254463445062,174.94681974768372,106.75831580620013,0.31174937486648563,99.11288736757632,0.42892235120137534,93.21234642036467,0.426056973139445,87.7577568485187,0.5671986262003581,107.52099105413258,0.5442643483479818
0.5333658695220947,0.23332567214965821,0.46536641120910643,0.42366514205932615,0.44796266555786135,0.4101642290751139,0.47764058113098146,0.5077583312988281,0.45863780975341795,0.5278351147969563,0.45545973777771,0.6403419494628906,0.44287910461425783,0.6328685760498047,0.5062867164611816,0.2586658477783203,0.45666453838348386,0.41691468556722,168.94219576668414,160.43781320555686,175.11979273262816,170.81149785928065,107.4098894526452,0.3377902666727701,88.98081717521211,0.47237490018208816,76.99812305165791,0.46233650843302404,98.53273204219454,0.5803518454233805,99.49745870939894,0.5740501403808593
0.5356832504272461,0.23855589230855306,0.4730268955230713,0.44079192479451496,0.4519656181335449,0.41897490819295247,0.46967782974243166,0.5294174512227376,0.4565722465515137,0.5432261149088542,0.4487274169921875,0.6462238311767579,0.4500620365142822,0.6518177032470703,0.5103923797607421,0.26150910059611004,0.4624962568283081,0.42988341649373374,172.17627235442654,167.23191942717764,179.77588269578848,173.47317863862335,105.87904734404441,0.3456962585449219,92.99191940508568,0.48655476570129397,85.87315021729486,0.4796504338582357,93.43085171360521,0.5975219090779622,100.1684609775433,0.5878206411997478
