0,1,2,3,4,5,6,7,8,9,10,11,12,13,14,15,16,17,18,19,20,21,22,23,24,25,26,27,28,29,30,31
0.8036749839782715,0.8903785069783529,0.8807293891906738,0.5865418752034505,0.8095746994018554,0.5383803049723307,0.8379837989807128,0.7165919621785481,0.7761306285858154,0.6443634668986002,0.842038345336914,0.7702668507893881,0.7987797737121582,0.71331361134847,0.8152377128601074,0.7556344350179036,0.8451520442962646,0.5624610900878906,59.486211677574445,27.562247433462748,144.72788166891524,174.8217008723014,98.80275687281869,0.6590477625528971,130.12177294244802,0.6034122784932454,92.66276616771265,0.6395265261332194,71.81538118927769,0.6788385391235352,85.68013934470426,0.7434294064839682
0.8116886138916015,0.887791124979655,0.8784312248229981,0.5707523981730144,0.8082229614257812,0.5437265396118164,0.8482848167419433,0.6895797729492188,0.7802313804626465,0.6363051732381185,0.8567611694335937,0.7549938837687175,0.8039413452148437,0.7003753662109375,0.8207005500793457,0.7414980888366699,0.8433270931243897,0.5572394688924154,59.63285868194093,30.127172300409015,144.30743503075576,176.50307078472824,97.00074417857552,0.6493687788645426,128.59043410308809,0.5967723210652669,87.85459258445277,0.6234096209208171,69.69238525236696,0.668340269724528,82.61676015064089,0.7222868283589681
0.799456787109375,0.8524711608886719,0.877509880065918,0.6605593999226888,0.8151782989501953,0.5887694040934245,0.8390630722045899,0.6882918039957683,0.7781397342681885,0.5988261540730794,0.8358700752258301,0.7816431681315105,0.8016740798950195,0.7226919809977214,0.8181311845779419,0.7573784510294597,0.8463440895080567,0.6246644020080566,124.90484631410969,10.327689778482569,144.7439111679947,178.14172621813185,102.00151302882482,0.6910214265187582,20.748478796345296,0.611745278040568,96.52808083064983,0.6564781030019124,79.2421050077645,0.6607590675354004,91.95898537662278,0.7349674860636394
0.8298863410949707,0.8316806793212891,0.8763516426086426,0.662176767985026,0.8081099510192871,0.6141734441121419,0.8409902572631835,0.6427229563395183,0.7861581802368164,0.6086567560831706,0.8345761299133301,0.7783442815144856,0.8031336784362793,0.7421520233154297,0.8326726436614991,0.7400178909301758,0.8422307968139648,0.638175106048584,137.26255366781115,10.371401163167521,152.1459315296855,179.58192190752774,95.36162052986741,0.6890964984893799,27.763698605925043,0.6234159310658773,105.25766026469483,0.6404490311940512,82.75305994392123,0.6754043896993002,92.70775107300581,0.710533618927002
0.8525897026062011,0.823330307006836,0.863502311706543,0.6534205754597981,0.8011466979980468,0.6372612635294597,0.8442394256591796,0.6984559377034505,0.7985387325286866,0.6895580927530924,0.8339862823486328,0.8046012242635091,0.8102911949157715,0.8035273234049479,0.8456756114959716,0.7533072153727214,0.8323245048522949,0.6453409194946289,73.86265233395807,11.143610371321369,166.182951407553,173.88478832257613,82.95059412387182,0.6993240674336751,127.3829790857859,0.6674495061238607,77.3565414235364,0.6718984285990397,84.11249140458649,0.7465427080790201,95.51738925116732,0.7515285809834797
0.8487103462219239,0.8018917083740235,0.8583117485046386,0.6833176294962565,0.8066497802734375,0.6464128494262695,0.8311267852783203,0.7809298833211263,0.8089401245117187,0.7557571411132813,0.8258481025695801,0.8326014200846354,0.8222766876220703,0.8151373545328776,0.8483404636383056,0.7595547358194987,0.8324807643890381,0.6648652394612631,99.01488404995405,141.82343120983327,163.45699728212276,176.43141202113284,80.49169383743121,0.7122099876403809,104.52032107231582,0.7103111902872722,90.66836693030473,0.7228975613911948,77.3416462177462,0.7854472478230794,95.83301087619122,0.806765651702881
0.834967041015625,0.827092170715332,0.8599378585815429,0.6549893697102864,0.8076715469360352,0.6104073206583659,0.828094482421875,0.7620686213175456,0.8031773567199707,0.7081408182779948,0.8219728469848633,0.802301025390625,0.8160940170288086,0.7704868316650391,0.8354830026626587,0.7561668078104655,0.833804702758789,0.6326983451843262,56.02319532347014,131.1445279236214,160.97085169420413,175.33902843797767,89.221229636649,0.6944325764973959,112.09565413600725,0.6704195817311605,92.527313973772,0.6973834832509359,78.29522251765196,0.739313824971517,98.65158567002423,0.7821848233540853
0.8424273490905761,0.7896468480428059,0.8486521720886231,0.6204611460367838,0.8093976974487305,0.6095736821492513,0.8278791427612304,0.7662911732991536,0.8075250625610352,0.7308477401733399,0.8211724281311035,0.754840342203776,0.817410945892334,0.737471071879069,0.8439057350158692,0.7096073786417643,0.8290249347686768,0.6150174140930176,130.79323672742203,164.64641905091153,118.40329322460424,33.571742986127205,81.05956017995214,0.6623123963673909,100.51529776631699,0.6729325771331787,90.43396681081366,0.6906542936960856,33.82124468733823,0.7341594060262044,59.64263235971525,0.7605657577514648
0.8082307815551758,0.8021060307820638,0.8715301513671875,0.6044454574584961,0.8292362213134765,0.5646222432454427,0.8232036590576172,0.7817407608032226,0.8038450241088867,0.7233352661132812,0.8223361968994141,0.8105969111124675,0.8211220741271973,0.7657431284586589,0.8257146358489991,0.6895155588785806,0.8503831863403319,0.5845338503519695,165.64673192037532,173.71237837238567,148.66115177290058,174.64950277730156,103.22343866965986,0.637024704615275,108.5355779380126,0.6539345582326254,97.84720443327971,0.683137305577596,67.83391748227321,0.7445391972859701,91.72188445988397,0.796168835957845
0.7974034786224365,0.8162638346354166,0.862552547454834,0.633380126953125,0.8213963508605957,0.5868638356526693,0.8254862785339355,0.8421446482340494,0.7973488807678223,0.7771451950073243,0.8283989906311036,0.7938485463460286,0.8168787956237793,0.7506346384684245,0.8181810140609742,0.7028658866882325,0.8419744491577148,0.6101219813028971,179.2924600820182,172.93278616786756,26.252202277988165,0.7745778372719904,104.38889910315804,0.6564939339955648,104.95897087297716,0.6936335881551107,94.06476306526488,0.7261333147684732,126.3784970954835,0.7638899167378743,93.45129750697261,0.817996597290039
0.8026869773864747,0.8087777455647787,0.8590912818908691,0.5852612177530925,0.8131840705871582,0.5600132624308268,0.8373446464538574,0.8239333470662434,0.7850053787231446,0.7601995468139648,0.840830135345459,0.767999267578125,0.8010198593139648,0.7210533142089843,0.8195060014724731,0.6674434979756674,0.8361376762390137,0.5726372400919597,174.84644082105274,173.77197924007808,8.936828312954061,4.941671564852515,99.95003918155086,0.6200403690338135,105.24913091557636,0.6664183934529623,89.72481162408828,0.6982852935791015,112.24916496948768,0.7406264305114746,93.56573162465716,0.7959663073221842
0.7849782943725586,0.7842008590698242,0.862551498413086,0.6011010487874349,0.8213798522949218,0.5579427719116211,0.8230716705322265,0.8130519231160481,0.7926026821136475,0.7420316060384115,0.8283200263977051,0.7794307708740235,0.8128100395202636,0.7200768788655599,0.8096415042877196,0.6771294593811035,0.8419656753540039,0.5795219103495279,177.8135868199667,169.73155681726294,30.90798562814316,4.967510363845937,108.3230460615875,0.6283256848653157,106.89637601963828,0.6607767581939696,94.62550363879751,0.6962869167327881,132.62678595882807,0.7310542424519857,98.87242579568685,0.7962413469950358
0.8443422317504883,0.8343714396158854,0.8595219612121582,0.5805635452270508,0.7952494621276855,0.5735788345336914,0.8609895706176758,0.764723269144694,0.7901885509490967,0.7436684290568034,0.8595230102539062,0.7217065811157226,0.8077239990234375,0.7192267100016276,0.8353469133377076,0.7204557736714681,0.8273857116699219,0.5770711898803711,129.79075474238087,160.07039236245402,27.78244874525615,10.574717036384085,86.82200576830276,0.6487634817759196,102.58632914221788,0.6603698094685873,79.8473512815128,0.6708972295125326,125.65714093741494,0.7314475695292155,88.04738137541814,0.7432149251302083
0.820760440826416,0.797260030110677,0.8630756378173828,0.6494684855143229,0.8058700561523438,0.6435759862263998,0.8473715782165527,0.7578739166259766,0.7994925498962402,0.7234062830607096,0.8464858055114746,0.7597667058308919,0.812579345703125,0.7150818506876627,0.8253083229064941,0.7342735290527345,0.8344728469848632,0.6465222358703613,91.63549383783287,143.53553242120947,39.829689755661256,148.86642991411333,95.96221262712457,0.6903978824615479,114.46433462747386,0.6849642594655354,83.39243352234645,0.702198076248169,147.53980487064626,0.7192440668741862,115.0782867918282,0.7588203112284342
0.8115006446838379,0.7839836756388346,0.8550962448120117,0.6309971491495768,0.8155852317810058,0.6067944208780924,0.8359370231628418,0.7225399653116862,0.8093392372131347,0.6902799606323242,0.8398980140686035,0.7297156016031902,0.8265584945678711,0.7033988952636718,0.8180261373519897,0.7499380747477213,0.8353407382965088,0.6188957850138346,28.298714261967724,33.50336175263105,121.369558649416,153.45592386433287,97.52688387519528,0.684416929880778,110.01402202580647,0.6545878728230794,89.67037001791007,0.6707178751627604,37.30289657385747,0.696839427947998,61.101059602546485,0.7261277834574382
0.8063862800598145,0.7952409108479818,0.8595847129821778,0.6150252660115559,0.8156383514404297,0.6068063735961914,0.8369200706481934,0.6553677876790365,0.8063650131225586,0.635655403137207,0.8390392303466797,0.6893833796183269,0.8270371437072754,0.676295280456543,0.81389901638031,0.748432477315267,0.8376115322113038,0.6109158198038737,55.45133909432426,13.002945917525436,143.85171590969816,177.477467666911,99.7835186335006,0.6796741485595703,141.62940847853005,0.6232856114705403,90.89117841642857,0.6331418037414551,63.03909955006174,0.655975341796875,86.43509993130536,0.6723755836486817
0.8134602546691895,0.7830187479654948,0.8617131233215332,0.6370827992757161,0.8102881431579589,0.6041075388590494,0.8387558937072754,0.6350037892659505,0.7950715065002442,0.603091812133789,0.8302655220031738,0.6724072138468424,0.8130328178405761,0.6389419555664062,0.824347710609436,0.7388858795166016,0.836000633239746,0.6205951690673828,125.32032542226887,18.721989035956536,102.00663845131565,173.5272893896899,95.62610551711293,0.6797405242919922,23.15399263401079,0.6118434906005858,79.17441345342822,0.6277994791666666,63.388632962019145,0.6210168838500976,102.78910693741182,0.6537055015563964
0.848110294342041,0.7767642974853516,0.8453425407409668,0.5629894256591796,0.8140409469604493,0.5823924382527669,0.824260139465332,0.6218959172566731,0.8123526573181152,0.6375165303548177,0.8225020408630371,0.673225466410319,0.8308887481689453,0.6609127680460612,0.8346042633056641,0.6803481419881185,0.8296917438507081,0.5726909319559732,42.42702359401939,16.33479097253624,142.3886886717298,177.87115241454208,87.38734155745641,0.6265195369720459,104.97453195814482,0.6051037311553955,96.29922167198157,0.5972934246063232,51.61134045035117,0.6492146492004395,91.9616822730674,0.6475606918334961
0.9199469566345215,0.5983308156331381,0.8162825584411622,0.546546999613444,0.8116055488586426,0.5854654312133789,0.793420934677124,0.6097549438476563,0.8212716102600097,0.6781004587809245,0.7963742733001709,0.6864930470784505,0.8256340026855469,0.7210872650146485,0.8781132698059082,0.5670785744984945,0.8139440536499023,0.5660062154134115,149.14810411348816,141.8753894470348,178.51612166893773,169.4994265724689,0.9574050408790811,0.5665423949559529,86.2599187202825,0.6220533370971679,115.1319074980529,0.5878805796305339,84.20534056291993,0.6995938618977865,87.79600536234624,0.6481239954630533
0.9170955657958985,0.6121817270914713,0.7881338119506835,0.578344980875651,0.8244178771972657,0.6236839930216471,0.7636563777923584,0.6652609507242838,0.860081672668457,0.7484618504842122,0.7781858921051026,0.7668111165364583,0.8626493453979492,0.8274341583251953,0.8583592414855956,0.6390559514363607,0.8062758445739746,0.6010144869486491,160.85415166722333,139.0264508937064,167.88112049964406,162.24156629577308,36.14421389502786,0.6200352191925049,69.95219038521402,0.6747381687164307,123.55928154550824,0.6331377188364664,88.13776491071455,0.7879480044047038,81.85754133453766,0.716036033630371
0.8843808174133301,0.6839815139770508,0.8058079719543457,0.6781225204467773,0.8083810806274414,0.7026730855305989,0.8050581932067871,0.7933572769165039,0.8520420074462891,0.8653488159179688,0.8075133323669433,0.8718037923177083,0.8629810333251953,0.9035839716593425,0.8724473953247069,0.5567401091257731,0.8070945262908935,0.6903978029886881,161.80856710087056,165.2359537617988,178.7237259294139,178.33967682415457,116.05664628446621,0.6235689560572306,75.59149101282806,0.7778733094533284,91.13304854336914,0.7418775399525961,74.03424656474488,0.8844663937886557,88.20740016642752,0.8325805346171061
0.8264127731323242,0.4859856923421224,0.7929462909698486,0.695898691813151,0.868831729888916,0.7154121398925781,0.7564976692199707,0.7332895914713542,0.8748483657836914,0.7523050308227539,0.771874189376831,0.7661406834920247,0.8693540573120118,0.788900883992513,0.8316567420959473,0.5279420057932536,0.8308890104293822,0.7056554158528645,147.59724315455338,130.48162000273845,146.6615486442146,110.62223345178764,90.2475193663488,0.616798710823059,46.700662208890314,0.7289802233378092,159.62146259219458,0.7194725036621094,98.53831495860283,0.7706029574076334,64.91724542600043,0.7497151374816895
0.7985442161560059,0.414688777923584,0.7786260604858398,0.7770112355550131,0.8712272644042969,0.7763256708780925,0.7460943698883057,0.819995371500651,0.8844898223876954,0.8086940765380859,0.7676507949829101,0.8210599899291993,0.8934057235717774,0.8569102605183919,0.8270161151885986,0.5105209827423096,0.8249266624450684,0.7766684532165528,129.1759291685164,133.4472625994267,149.9987833816578,40.60479563146253,90.44980462910782,0.6435947179794312,28.26580929566008,0.7926812648773194,151.20641954279242,0.7983319123586019,79.52348455753358,0.832802168528239,2.8273992952821527,0.8205276807149251
0.7958348751068115,0.44099919001261395,0.7865383148193359,0.7691122690836588,0.8620245933532715,0.7766297658284506,0.7531940937042236,0.9019215265909831,0.865812110900879,0.9090398152669271,0.7706387519836426,0.9170522689819336,0.8658974647521973,0.9304723739624023,0.8180995225906372,0.5165550390879313,0.8242814540863037,0.7728710174560547,169.96978966703318,160.71219502367006,165.43635356778125,110.52921424329159,88.61838527830389,0.6447130282719931,73.03861228978329,0.840955416361491,118.8481326962996,0.8373962720235189,89.77182427624436,0.9197560946146648,40.93695533585944,0.9094868977864583
0.7692557334899902,0.42359485626220705,0.7792244911193847,0.7490395863850912,0.8608184814453125,0.746806780497233,0.7450567245483398,0.7953880310058594,0.8621870994567871,0.7809884389241536,0.7614011287689209,0.8316153208414714,0.8634063720703125,0.8519314448038737,0.7963133335113526,0.49196456273396805,0.8200214862823486,0.7479231834411622,140.94210634489053,131.92876014416348,158.3421820450795,120.70838243672378,84.70808098822022,0.619943873087565,38.102685495383426,0.7644558111826578,147.6595584322158,0.7716556072235108,89.01537442870851,0.8164599418640137,65.71687631837915,0.8135016759236654
0.7752397060394287,0.4354616483052572,0.7688659191131592,0.7667380015055338,0.8428075790405274,0.7744682312011719,0.759616470336914,0.88600279490153,0.8414495468139649,0.8795646667480469,0.7723891735076904,0.9042299270629883,0.8448882102966309,0.9198245366414388,0.7914709091186524,0.4982083479563395,0.8058367490768432,0.7706031163533529,169.3669746366347,162.8686206541603,170.2163898063257,130.92632818608797,86.98107218639117,0.6344057321548462,71.90063024171351,0.8250838915506999,111.8272601205988,0.8283029556274415,85.11811906026419,0.8996946016947429,54.979064826026296,0.8951163609822592
0.7878368377685547,0.7442861557006836,0.8289507865905762,0.7145773569742838,0.7661198139190674,0.7073461532592773,0.8204776763916015,0.8934473673502604,0.7608309268951416,0.8710184097290039,0.8262401580810547,0.8866166432698568,0.7814820766448974,0.8856286366780599,0.793251347541809,0.6224318822224935,0.7975353002548218,0.7109617551167806,174.51470501474788,178.57099162694783,120.02738508747622,49.432408752702266,87.2296233085532,0.666696818669637,102.91581704947487,0.7909900824228923,82.83428087662217,0.8022045612335205,35.27855345182022,0.8783235232035319,130.15138495510254,0.8900320053100585
0.7889912605285645,0.7191218694051107,0.7900266647338867,0.6561950047810873,0.8070235252380371,0.6593762079874674,0.7715893745422363,0.8269400278727214,0.8007844924926758,0.8297793706258138,0.77799973487854,0.8385569254557291,0.7928354740142822,0.8368961970011394,0.7976608753204346,0.6545873324076334,0.7985250949859619,0.6577856063842773,179.73116627106612,179.55414993558853,133.65780978787444,144.63168963109374,74.8789762544311,0.6561864693959554,89.24737680933131,0.7437824885050455,99.04767209674407,0.7423628171284993,138.16163418731776,0.8333377838134766,61.10949533626476,0.8327484766642252
0.7661757946014405,0.5755182902018229,0.7751318454742432,0.7325215657552083,0.7970520496368408,0.7348805745442708,0.7564470767974854,0.8532759984334309,0.8035686492919922,0.8595959345499674,0.7728631973266602,0.9044505437215169,0.8060474395751953,0.8983885447184244,0.7479435920715332,0.5412666320800781,0.786091947555542,0.7337010701497395,177.9914552318799,164.5148925712705,176.7471895200301,157.78432378649578,78.78701866750454,0.6374838511149088,82.09672009917931,0.7966485023498535,103.92395811153611,0.7934885342915852,86.34385525662243,0.8789922396341959,72.21444289799135,0.878863271077474
0.7508011817932129,0.383585516611735,0.7233325004577636,0.7844411849975585,0.8193982124328614,0.7850746154785156,0.7084022998809815,0.8981678009033203,0.8248950958251953,0.8892201105753581,0.7358168125152588,0.8958217620849609,0.8191633224487305,0.9264064153035482,0.7617549419403076,0.49768853187561035,0.7713653564453125,0.7847579002380372,162.02886988164414,158.55015897785455,152.59109210225654,67.3602771400588,88.08258671930551,0.6412232160568238,62.867963482458904,0.8369890054066976,119.03821579083726,0.8414628505706787,98.76242233318662,0.9078132629394531,175.1087429862688,0.8969947814941406
0.7236141204833985,0.38409217198689777,0.7231776714324951,0.7362415313720703,0.8117812156677247,0.7622112274169922,0.6965693473815918,0.8971276601155599,0.8117716789245606,0.8843512852986654,0.7140532016754151,0.9235971450805665,0.7980615615844726,0.9355368932088216,0.7500056028366089,0.48807126681009927,0.7674794435501099,0.7492263793945313,170.71061982712837,161.827554411656,155.68350560563886,129.51931762672953,86.17205556274364,0.6186488231023153,71.85151048827586,0.8167888323465984,115.61501915519233,0.8231770197550456,104.99475185415797,0.9099440892537435,56.5540934678116,0.9103624025980632
