0,1,2,3,4,5,6,7,8,9,10,11,12,13,14,15,16,17,18,19,20,21,22,23,24,25,26,27,28,29,30,31
0.43916144371032717,0.19191389083862304,0.4959207534790039,0.3967071851094564,0.5039764881134033,0.39273640314737956,0.479584789276123,0.46190334955851237,0.4810946464538574,0.46264219284057617,0.5009512424468994,0.47944005330403644,0.4890085220336914,0.49636443456013996,0.4532304763793945,0.28442442417144775,0.4999486207962036,0.394721794128418,155.59971993600522,154.69080132543792,160.64965741361416,130.05578908102797,67.0441674203768,0.3395731091499329,105.51408384754596,0.4286819934844971,106.86291699474079,0.42831257184346516,76.79292194842577,0.47950331370035804,39.37773799949112,0.4706717014312744
0.4359616756439209,0.2311213175455729,0.4875630855560303,0.4043049176534017,0.509937047958374,0.3897464434305827,0.47323360443115237,0.5101068496704102,0.49585576057434083,0.49850727717081705,0.49303674697875977,0.5504007975260417,0.4975286483764648,0.5498298009236654,0.45519590377807617,0.21478982766469318,0.4987500667572021,0.39702568054199217,170.210748627594,163.78908706403513,177.67509536560544,151.69409220009996,76.55851550858732,0.3059077541033427,91.63366159801504,0.44776647885640464,102.71567994918013,0.4535662651062012,88.1330714178453,0.5241685390472413,63.82740972757764,0.5302538235982259
0.4337571620941162,0.19775689442952474,0.4825252056121826,0.4117192268371582,0.5037208080291748,0.3999990463256836,0.470965576171875,0.5173532168070475,0.49223313331604,0.5063357353210449,0.47433900833129883,0.6359584172566731,0.48363494873046875,0.6344686508178711,0.45414705276489253,0.21787217458089192,0.4931230068206787,0.4058591365814209,171.97126581587077,165.54565548492621,178.5376023237837,173.70384892319018,78.28663719178864,0.3118656555811564,90.50742823441637,0.4560974359512329,101.24005330299595,0.4616061766942342,93.83899985613489,0.570402193069458,88.3708022151961,0.5766558170318603
0.425655460357666,0.23416627248128255,0.4805863380432129,0.4055471420288086,0.4954532146453857,0.4027885437011719,0.47098608016967775,0.538798713684082,0.4893364429473877,0.5321084976196289,0.47897968292236326,0.6165793100992839,0.49331865310668943,0.6306400934855143,0.4390778064727783,0.21868147850036623,0.48801977634429927,0.40416784286499025,171.47968494450538,167.0969068643796,179.02594974261172,171.69524586444098,75.21895490626828,0.31142466068267827,89.41037681534351,0.4681381702423095,97.21083309477365,0.4714832782745362,87.68561824356402,0.5813742955525716,84.13224618030638,0.577689011891683
0.4297167301177979,0.20195156733194988,0.4791369915008545,0.4093419392903646,0.49869046211242674,0.3979810078938802,0.47175822257995603,0.5339743932088216,0.4845267772674561,0.5335594177246094,0.4893812656402588,0.5785339991251628,0.48391313552856446,0.5750987370808919,0.4525260925292969,0.21664316654205323,0.4889137268066406,0.4036614735921224,172.29981622159954,169.03200601314734,179.17557724035694,158.57470098769323,78.9896804141367,0.3101523200670878,91.93427385369192,0.46861044565836585,97.49977651189805,0.46881793340047195,90.84634329792914,0.5543290774027506,68.42151547146985,0.5562541961669922
0.4207738399505615,0.19607795079549153,0.4736300468444824,0.414643128712972,0.4878699779510498,0.4139018694559733,0.4677529811859131,0.5516281763712565,0.4853514671325684,0.5425602595011393,0.464005708694458,0.6551455179850261,0.4732812404632568,0.6506790161132813,0.4383967161178589,0.21038445631663005,0.4807500123977661,0.4142724990844726,174.008471108898,169.67769147607964,175.43949468299263,178.0966485843864,78.2649443785037,0.31232847770055133,87.94578251008869,0.47841637929280595,95.40541475103298,0.48295033772786455,96.37004435497431,0.5966196378072103,92.07317137829041,0.6033868471781413
0.4194191932678223,0.1851746400197347,0.4811811923980713,0.40216474533081054,0.4734281063079834,0.4236519495646159,0.4785862922668457,0.5562175114949545,0.4776090145111084,0.5573277155558268,0.4968142509460449,0.6337790171305339,0.5024282932281494,0.6353808085123698,0.4309033632278442,0.22998856703440346,0.4773046493530273,0.4129083474477132,172.0004409897438,172.19669847767466,168.8034771746754,171.8226052504065,75.76601422132639,0.3214484572410583,89.87924879191318,0.48511803150177,89.48760588585694,0.48456292947133384,72.36040586399574,0.5963542620340982,76.77474535751054,0.5949982643127442
0.4183192729949951,0.26292235056559243,0.4771572113037109,0.4144525210062663,0.4674868583679199,0.4235473314921061,0.4793349266052246,0.5617334365844726,0.47014555931091306,0.5664040883382161,0.496968412399292,0.6320446014404297,0.4823321342468262,0.6146458307902019,0.4312672138214111,0.2286479870478312,0.4723220348358154,0.4189999262491862,172.58777918869825,174.60114902155976,168.75179127184916,172.5200587887921,77.82896735247802,0.3238239566485087,90.84593134147693,0.49270200729370117,87.18716199906572,0.4903666814168294,75.82284283212284,0.590524959564209,75.92104931054783,0.5968890190124512
0.4114114284515381,0.18575572967529297,0.4742156982421875,0.4055368423461914,0.46508021354675294,0.4106584548950195,0.467222261428833,0.5550193150838216,0.46329436302185056,0.5587132771809896,0.4688088893890381,0.6440160751342774,0.4657924652099609,0.6404551188151042,0.43079237937927245,0.2168924887975057,0.4696479558944702,0.4080976486206055,172.1528267579548,172.90478242890185,177.29891819304186,178.77486600853882,78.51310825236679,0.3124950687090556,92.41554184561701,0.48340546290079756,90.94587430554341,0.48155848185221356,88.24953567874316,0.599584197998047,88.97864308308937,0.5995176951090495
0.42177915573120117,0.20721338589986166,0.471002197265625,0.3921604792277018,0.4709439277648926,0.3900020917256673,0.45961575508117675,0.5534369150797526,0.46027660369873047,0.5535068511962891,0.47646183967590333,0.6459575653076172,0.4720927238464355,0.6577374140421549,0.43413739204406737,0.22045543193817138,0.4709730625152588,0.3910812854766845,171.7446503410113,171.62298154922246,173.7728419991891,170.91435598169798,77.81762757166237,0.30576835870742797,93.76774607112043,0.4722940683364868,94.00150864014402,0.47225910027821855,83.53226439801095,0.6056221326192219,79.68067835257145,0.5996972401936849
0.4160479545593262,0.24968571662902833,0.46314449310302735,0.40338446299235026,0.45539536476135256,0.4075249354044596,0.4667844295501709,0.5853577931722005,0.4613352298736572,0.5883370081583659,0.5024995803833008,0.6674523035685221,0.49933514595031736,0.6632127126057943,0.42795050144195557,0.23384296099344887,0.45926992893219,0.40545469919840493,175.26701425071994,176.08759801213077,161.92710519298612,165.85798459250185,79.65725068747324,0.31964883009592693,89.35298281192617,0.4968958536783854,87.60816210261152,0.4954062461853027,63.09190462029347,0.6257748603820801,66.48858954755374,0.6264050483703614
0.42132816314697263,0.25325164794921873,0.4587430953979492,0.45842552185058594,0.4497987270355225,0.4631320953369141,0.46368584632873533,0.5815887451171875,0.4543328285217285,0.5794265747070313,0.47310452461242675,0.6140565872192383,0.46513638496398924,0.6121334075927735,0.42520444393157963,0.23955178260803223,0.45427091121673585,0.46077880859375,175.1314337763853,178.03699822449704,165.82695419969906,170.82791088871016,82.51492471800714,0.3501652956008911,89.97009973260289,0.5201026916503906,85.54384382445589,0.5211837768554688,71.72083751960882,0.5957799911499024,73.82295108674478,0.5978226661682129
0.46063032150268557,0.5477841059366862,0.4460432529449463,0.39693498611450195,0.4369686126708984,0.39915412267049155,0.44516239166259763,0.42369899749755857,0.4338679313659668,0.4362247784932454,0.454776668548584,0.4222194353739421,0.44550237655639646,0.43303200403849285,0.44002945423126216,0.45782353083292643,0.4415059328079224,0.39804455439249675,27.234729148169095,16.66575754871059,81.17079106938462,110.01572710552932,91.4148585345453,0.4279340426127116,101.31275575062155,0.4171346664428711,81.88841837487192,0.41087177594502766,164.65441942518808,0.43462839126586916,171.25126107422665,0.4229592164357503
0.46082658767700196,0.5725536346435547,0.4466866493225098,0.3805297215779622,0.43001713752746584,0.3830124855041504,0.4546664237976074,0.3916367212931315,0.4285411357879639,0.39935805002848307,0.45515975952148435,0.3802403132120768,0.43443522453308103,0.40349664688110354,0.4477501392364502,0.5645962079366048,0.4383518934249878,0.3817711035410563,35.78555811456574,61.127994752499745,114.85553687869718,97.68261627076757,87.05726271196961,0.4731836557388306,119.15466373570108,0.3905645767847697,31.16192242551841,0.3867039124170939,35.07501837721667,0.40142734845479333,92.47871245518618,0.38593851725260414
0.4654197692871094,0.5521547953287761,0.43456149101257324,0.4240412394205729,0.42693662643432617,0.42360315322875974,0.4398076057434082,0.43979816436767577,0.4254488945007324,0.4555530865987142,0.43759951591491697,0.47896315256754557,0.42228283882141116,0.48273197809855145,0.43730680942535405,0.40606017112731935,0.4307490587234497,0.42382219632466633,176.00942783837596,154.685535396793,178.4661449552848,169.691250846265,110.2641772419683,0.41494118372599287,99.48284570588206,0.43968764146169026,60.44629346575173,0.431810180346171,96.64441066106262,0.4691425323486328,93.22687283472268,0.45938065846761067
0.4315446376800537,0.3728087743123372,0.43459362983703614,0.4197522799173991,0.42449235916137695,0.4062097231547038,0.43811373710632323,0.4278447469075521,0.4194693088531494,0.43456459045410156,0.4332873821258545,0.4440550486246745,0.4190621852874756,0.4340149561564128,0.4328730583190918,0.3768555800120036,0.4295429944992065,0.41298100153605144,168.0561027668633,155.8996308609033,63.01416405053474,156.5490025225381,95.26667678301658,0.3949182907740275,115.01982348478336,0.4237727959950765,60.03136272156746,0.42041287422180174,53.47201638920505,0.4342897733052572,106.58004821857686,0.43594989776611326
0.4300861835479736,0.5417483011881511,0.4367786407470703,0.423840586344401,0.420930290222168,0.42221479415893554,0.46543011665344236,0.619758415222168,0.4155452728271484,0.42381483713785806,0.43533849716186523,0.41736179987589517,0.4138343334197998,0.42576576868693033,0.43434486389160154,0.4107401212056478,0.42885446548461914,0.4230276902516683,148.5669148705101,177.9270117158486,141.5815333814052,122.69109146471035,114.07630666169521,0.4168839057286581,176.61529288297618,0.4234212636947632,79.46797036305313,0.5213930527369182,131.25030475599695,0.42479030291239417,81.54341130914723,0.5185601075490316
0.4382343292236328,0.3180577596028646,0.4301410675048828,0.4974860191345215,0.42416014671325686,0.49751208623250326,0.4641162395477295,0.6197640101114908,0.4637270450592041,0.6280661900838216,0.4397111892700195,0.5675537745157878,0.4330425262451172,0.5697569529215495,0.4311875104904175,0.33394948641459143,0.4271506071090698,0.49749905268351235,170.66380691306716,169.74989241899036,23.093444120276597,14.88823671659519,91.41394792760715,0.4157242695490519,74.35057594092515,0.562782621383667,73.1778137608836,0.5586315313975017,62.244963197228714,0.5989115715026856,64.94682448284914,0.5936588923136393
0.43091764450073244,0.334943962097168,0.44252729415893555,0.4834545135498047,0.41834325790405275,0.46309439341227215,0.4631025791168213,0.6409797032674154,0.41578025817871095,0.46028566360473633,0.4438587188720703,0.43162190119425453,0.4255374908447266,0.4298442522684733,0.4304487705230713,0.3508439222971598,0.4304352760314941,0.4732744534810384,56.08320169887665,175.39880948335716,155.79377451589767,156.8855468765931,90.00631523365486,0.4120591878890991,41.55067530991482,0.4667800585428874,78.97738363606483,0.5571270783742269,107.77195244571921,0.44506495793660483,84.74821411909284,0.536300802230835
0.42633056640625,0.27809060414632164,0.4391598701477051,0.3834446907043457,0.41651144027709963,0.38918247222900393,0.46297268867492675,0.6457005818684896,0.41582188606262205,0.4316170374552409,0.4357901573181152,0.410031795501709,0.4153918266296387,0.40726099014282224,0.42598614692687986,0.2913422425587972,0.42783565521240235,0.3863135814666748,169.29229042035212,178.24430114509838,31.72404826150891,11.96063807450895,88.88434103495209,0.338827912012736,104.85209792081561,0.4089653094609579,82.28556746211106,0.5160070816675821,88.98842247154563,0.4194390137990316,83.42045963137703,0.5278661886850993
0.4278602123260498,0.302579657236735,0.4171895503997803,0.3740044593811035,0.4327371120452881,0.37065226236979165,0.4146577835083008,0.3203632354736328,0.4353785991668701,0.33307917912801105,0.41804656982421873,0.24279298782348632,0.4297799110412598,0.25792465209960935,0.40799732208251954,0.2840926170349121,0.42496333122253416,0.3723283608754476,44.06486154987716,0.81172518282483,173.32876057693468,174.4420255575823,79.11597777549429,0.32821048895517985,104.86164166991915,0.3527037700017293,78.78283874180181,0.3463457981745402,85.73958112808387,0.29550191561381023,92.50147161980556,0.28157811164855956
0.42098178863525393,0.15822822252909344,0.43168201446533205,0.46724424362182615,0.4142965316772461,0.4585301399230957,0.464326000213623,0.6340392430623373,0.39779224395751955,0.6668763478597005,0.4319359302520752,0.5944058100382487,0.4242124557495117,0.5877184549967448,0.42068967819213865,0.21800275643666583,0.4229892730712891,0.46288719177246096,175.87858882049014,172.40954361785452,19.018661476055875,35.36551050568478,89.46197802110767,0.3404449741045634,97.04158785384045,0.5648817698160807,76.42192225932226,0.5484632174173991,108.45725594063029,0.6272974014282227,50.742894550929606,0.614222526550293
0.4131115436553955,0.14900209108988444,0.4214787006378174,0.44914951324462893,0.416961669921875,0.4510247230529785,0.400634765625,0.666557248433431,0.40201601982116697,0.6628996531168619,0.4233381271362305,0.5951101938883464,0.4243949890136719,0.5829495112101237,0.4130197525024414,0.20691653887430828,0.41922018527984617,0.45008711814880376,176.7605394608594,176.6362624793381,17.868010452100915,19.254907843409967,88.53937236803799,0.328501828511556,94.62184747580073,0.5564933856328329,94.907194846104,0.5583221832911174,105.63754766592837,0.6229245821634928,107.62842663245584,0.6308337211608888
0.41312718391418457,0.19449612299601238,0.4272897720336914,0.4286942481994629,0.4088315010070801,0.44033921559651695,0.4632657527923584,0.6161432266235352,0.4179523468017578,0.5520270665486654,0.4217395305633545,0.6167601267496745,0.4229553699493408,0.6130153020222981,0.41257084608078004,0.22276295026143392,0.4180606365203857,0.4345167318979899,179.0108397870849,173.36683363077404,176.88113292928423,89.6946489089993,88.51491964751754,0.3286398410797119,90.05279996950169,0.49327189922332765,76.02360027398062,0.5253299792607625,85.3103791428642,0.5825211842854818,179.14889503812748,0.6164516766866048
0.40714116096496583,0.21562569936116535,0.43468017578125,0.4313228607177734,0.41506733894348147,0.43164424896240233,0.4341101169586182,0.6078210194905599,0.4086888313293457,0.6154352823893229,0.4393465042114258,0.6367162704467774,0.4113149166107178,0.6456127166748047,0.41095499992370604,0.24870729446411133,0.42487375736236577,0.4314835548400879,175.32585041562106,179.309109586612,171.403384580937,173.76209999141383,85.645223140276,0.34009542465209963,95.02820012797142,0.5234594186147054,87.00165104863255,0.5196522871653239,85.02656484834812,0.6305239995320637,79.72835300808897,0.6222686449686686
0.4022339344024658,0.22120572725931803,0.42296271324157714,0.44658641815185546,0.4104189872741699,0.4586201032002767,0.4495394229888916,0.5475358327229818,0.4120489120483398,0.5865857442220052,0.42287511825561525,0.6154822667439779,0.42008562088012696,0.6122540791829427,0.4033110022544861,0.24435805479685466,0.41669085025787356,0.45260326067606604,176.55314859204228,169.58301244300367,163.83289492817752,156.3990164317159,86.32377351225668,0.34848065773646036,91.98426781301225,0.5195945024490356,70.91335429110849,0.500069546699524,72.61475697056231,0.5994199117024739,111.42659447949558,0.5815090497334798
0.4028931617736816,0.410211976369222,0.41499876976013184,0.353511905670166,0.40241527557373047,0.3635830879211426,0.44563894271850585,0.5509185791015625,0.40495667457580564,0.4565811475118001,0.42899398803710936,0.5106280008951823,0.40947914123535156,0.5247743288675945,0.39968392848968504,0.3492300351460775,0.40870702266693115,0.3585474967956543,174.99724976737258,178.03178105289422,176.47192344648954,14.848449598329587,45.91952315490465,0.3538887659708659,92.19082307445618,0.4075643221537272,79.1324305616383,0.4547330379486084,86.20578821102336,0.4906777381896973,67.55336649304273,0.5307732899983724
0.39634203910827637,0.1645649751027425,0.4241065979003906,0.41427221298217776,0.39832162857055664,0.418202273050944,0.4436894416809082,0.5552453994750977,0.38558197021484375,0.5373423258463542,0.43597116470336916,0.5560990651448567,0.3955545425415039,0.6710058212280273,0.3996806502342224,0.20678853193918864,0.41121411323547363,0.41623724301656084,170.4918737016302,174.0484380161652,172.21578421201536,86.27344701136055,86.84814463080703,0.31151288747787476,101.95040822854227,0.47678978443145753,76.8503070088824,0.48574132124582925,85.7330937113588,0.6041740735371908,173.68855951647663,0.5556722323099772
0.39016406536102294,0.19232921600341796,0.42204060554504397,0.44168485005696617,0.399884033203125,0.4468420664469401,0.435382080078125,0.6113264083862304,0.3928045749664307,0.6479725519816081,0.43529272079467773,0.6503407796223958,0.3956357479095459,0.6690933863321941,0.3958721995353699,0.21369445323944092,0.41096231937408445,0.4442634582519531,175.3110797339077,177.3583626834067,168.4654170436924,173.13534606072167,86.25548594296413,0.328978955745697,95.09363562759872,0.5461180051167807,81.68391121252772,0.5277949333190918,82.36521529341044,0.6585329691569011,90.1312311511526,0.630833594004313
0.3857220411300659,0.15679540634155273,0.40532169342041013,0.41313791275024414,0.41963467597961424,0.415992800394694,0.3814719200134277,0.5292872746785482,0.44768214225769043,0.5838034947713217,0.41507539749145506,0.5708098729451497,0.424737548828125,0.5782822926839193,0.39502242803573606,0.21085188388824463,0.4124781847000122,0.41456535657246907,176.28610340532285,167.3124941131801,72.18763622702377,141.96971370542636,85.10241473865936,0.31270862023035684,78.2492295508438,0.49918442567189536,105.1241659625215,0.47192631562550863,13.529964033084298,0.5810428937276204,51.01738826670278,0.550048573811849
0.3760507583618164,0.16090898513793944,0.3926783800125122,0.42374690373738605,0.41358561515808107,0.42774566014607746,0.38346407413482664,0.4829374313354492,0.44766836166381835,0.5843530019124349,0.39183697700500486,0.6731850941975911,0.41440486907958984,0.5444321950276693,0.386336088180542,0.21310807863871256,0.4031319975852966,0.42574628194173175,173.69632561628546,161.6318302029314,34.376596104604005,174.86639977476588,85.48368643612214,0.31942718029022216,74.31539299458039,0.5050496419270833,108.97799251700681,0.4543418566385905,50.19768713046838,0.5643925984700521,87.48000782999253,0.5780612627665201
0.3712083101272583,0.12903084754943847,0.39524083137512206,0.42267303466796874,0.40481176376342776,0.4230600039164225,0.37937154769897463,0.4969995180765788,0.42647900581359866,0.5252753893534342,0.38097386360168456,0.6643653233846029,0.4250185966491699,0.6106264114379882,0.38067463636398313,0.27421185970306394,0.4000262975692749,0.42286651929219565,175.85620116467564,164.76635339075045,171.43778470084825,174.94062040856463,82.58302296503308,0.3485391894976298,75.5167961043535,0.47407095432281493,105.56876674105762,0.4599330186843872,90.98027082638973,0.5679509003957113,89.45148213645075,0.5806824207305908
0.3573224306106567,0.17996344566345215,0.39447650909423826,0.4004628817240397,0.40978217124938965,0.391671880086263,0.37988991737365724,0.5274879773457845,0.4194917678833008,0.5075501441955567,0.39107570648193357,0.6595975875854492,0.45147705078125,0.6056374231974284,0.37022465467453003,0.2072248379389445,0.40212934017181395,0.39606738090515137,179.53602793474803,168.66660160272562,175.18950302514546,172.75844715712768,80.41051289910052,0.30164610942204795,81.14781625663309,0.451808762550354,99.6047863257338,0.4617776791254679,71.93936934292184,0.5565937836964925,85.160280124932,0.5935427824656168
0.37996816635131836,0.44625043869018555,0.3974428176879883,0.3091996828715006,0.3988521099090576,0.30547370910644533,0.3969069719314575,0.4731723785400391,0.39995858669281004,0.48295666376749674,0.4125771999359131,0.554914919535319,0.4051459312438965,0.572891362508138,0.37504788637161257,0.33539886474609376,0.39814746379852295,0.30733669598897295,171.00853570446745,170.55604442581532,178.20852571358478,172.48355700104395,129.45975119221208,0.32136778036753333,89.40914452471311,0.3951466798782348,90.42857858941763,0.390254537264506,86.69889359673984,0.5279240131378173,79.14792954408445,0.5140436490376791
0.3947493553161621,0.6100257873535156,0.3864647626876831,0.27048155466715496,0.3753682613372803,0.26875537236531577,0.39449491500854494,0.42180519104003905,0.3787775993347168,0.4150107701619466,0.40647048950195314,0.46050917307535805,0.38099501132965086,0.4585021336873372,0.3830025911331177,0.506695302327474,0.38091651201248167,0.26961846351623536,3.4812640316794714,12.80830660606114,177.1051075142089,170.43185991134933,89.49585777603784,0.3881568829218547,90.84283571966968,0.342314616839091,84.90145690672104,0.3457118272781372,87.08129561291823,0.4367564519246419,72.80717268542536,0.44115718205769855
0.3954847097396851,0.6174650192260742,0.3898810148239136,0.32324673334757487,0.38432765007019043,0.30818554560343425,0.39384875297546384,0.45796562830607096,0.3836008071899414,0.45850610733032227,0.4109165191650391,0.5565128962198893,0.3936422348022461,0.5482755661010742,0.37352962493896485,0.47976992925008133,0.387104332447052,0.3157161394755046,23.938095748380928,45.695232220807284,175.22786491600021,175.8217725414378,94.73019011953919,0.39774303436279296,91.40553951524343,0.3871111234029134,87.28548996720903,0.38684088389078775,83.61754285955124,0.5033908367156983,80.17420312993,0.5072392622629801
0.3813395261764526,0.4559319496154785,0.38388853073120116,0.38603359858194985,0.3785705089569092,0.37047443389892576,0.38469059467315675,0.4600743293762207,0.37796151638031006,0.4619458198547363,0.3933368682861328,0.5703529357910156,0.3836461067199707,0.5877058029174804,0.3776747226715088,0.41651117006937666,0.3812295198440552,0.3782540162404378,177.40218739698935,173.27326184872874,178.07291437725416,179.12334795480854,95.30859477811354,0.3973825931549072,92.23615358401749,0.42009991804758706,87.57777965750108,0.4191641728083293,87.41188356125743,0.5248258113861084,85.5169580267307,0.5152136325836182
0.3887303113937378,0.5808353424072266,0.38739054203033446,0.3646197001139323,0.3714160919189453,0.3600751558939616,0.3804816246032715,0.45016886393229166,0.36676576137542727,0.4524693806966146,0.3869072437286377,0.49253985087076824,0.377143931388855,0.49646981557210285,0.3806986570358276,0.5200831731160482,0.3794033169746399,0.3623474280039469,19.626102804015165,0.5256051215964908,165.76338532932076,174.67543989443175,89.52949250542773,0.4412153005599976,97.9823814184904,0.40740840435028075,89.29653425723575,0.40625814596811927,76.72848159308981,0.47446959813435874,81.37672117679993,0.47135435740153
0.39023795127868655,0.6222588221232096,0.38188636302948,0.2838047345479329,0.3600980281829834,0.28375027974446615,0.37868072986602785,0.3427044232686361,0.3602344751358032,0.35888423919677737,0.3821804285049438,0.3906601905822754,0.36894690990448,0.41024726231892905,0.38122020959854125,0.5255763212839762,0.3709921956062317,0.28377750714619954,15.326687462934165,6.638120776778688,169.4463437411033,178.19808447114352,87.5778504313311,0.4046769142150879,98.15117411341521,0.32133087317148845,82.5662833952555,0.31324096520741784,80.3728579407864,0.3845657507578532,85.82608855194704,0.3666823069254558
0.38927907943725587,0.6331122080485027,0.37599692344665525,0.3472134272257487,0.35791678428649903,0.35321626663208006,0.38359072208404543,0.40572547912597656,0.3734548568725586,0.4288096745808919,0.3862673997879028,0.476029109954834,0.380625319480896,0.5031835238138834,0.37631615400314333,0.5428522109985352,0.36695685386657717,0.35021484692891436,3.2890727800101116,19.71763875138715,179.5991576428417,173.45445326357856,87.21846768178548,0.4465335289637248,85.2736927651695,0.38951226075490314,73.31905365888225,0.37797016302744546,84.49307280083956,0.4659965991973877,87.8196247418503,0.44087729454040525
0.37729597091674805,0.591253153483073,0.3513328075408936,0.32076733907063804,0.34179880619049074,0.30206689834594724,0.3621188163757324,0.3822165489196777,0.3394543886184692,0.37952998479207356,0.3624293565750122,0.45581146876017253,0.3391089916229248,0.45366156895955406,0.3666783690452575,0.5369087219238281,0.34656580686569216,0.31141711870829264,15.774573402749201,10.701462919959276,177.2661096212532,173.9722387577869,84.90303190708354,0.4241629203160604,95.96045023999002,0.3454735517501831,77.61023246284071,0.3468168338139852,90.26695297453632,0.41659577687581384,89.75823688335113,0.4190140088399251
0.37606523036956785,0.6132348378499349,0.3419198751449585,0.2902685165405273,0.33914144039154054,0.2915818532307943,0.3420902729034424,0.2827345212300619,0.33909337520599364,0.3019004185994466,0.3369730472564697,0.3556476593017578,0.3326494932174683,0.35858427683512367,0.3658429026603699,0.5562819163004558,0.34053065776824953,0.29092518488566077,13.463706529522328,164.25650165969301,179.84153451143703,179.13164231297603,84.5510714366192,0.42360355059305826,97.46082057184171,0.2964128017425537,100.78084654296319,0.28682985305786135,96.48560284267882,0.3302423477172851,94.01457778057754,0.31919109026590986
0.35841078758239747,0.3949967702229818,0.3628326654434204,0.5169567108154297,0.34726762771606445,0.5134931246439616,0.3753521203994751,0.5970525105794271,0.33275728225708007,0.6142894109090169,0.3738204002380371,0.5933282852172852,0.32945539951324465,0.5987539291381836,0.3609737157821655,0.41382365226745604,0.35505014657974243,0.5152249177296957,175.32976839269026,170.5528402980996,29.034970027719975,8.843276707622278,93.3432544740898,0.4645242849985759,102.68222949975295,0.5647571643193563,76.0658991005288,0.5561387141545614,78.0010086472645,0.6065216700236002,67.64334143683993,0.5951903978983561
0.34144914150238037,0.44430440266927085,0.35679194927215574,0.5157874425252279,0.3365122556686401,0.5175747553507487,0.39612250328063964,0.6602578481038411,0.3276375293731689,0.623808479309082,0.3698428153991699,0.578144900004069,0.32965688705444335,0.6022565841674805,0.34825619459152224,0.4962174892425537,0.3466521024703979,0.5166810989379883,179.11473160505116,177.2552713801815,5.879893357909046,2.924919451099408,94.4821102069931,0.506449294090271,100.06489095922863,0.5702447891235352,70.9882414381628,0.5884694735209147,95.35284053567818,0.6130325317382812,72.25308490611066,0.619201374053955
0.33960518836975095,0.5510311762491862,0.3263627290725708,0.4062888463338216,0.3436103105545044,0.4075017293294271,0.3266859769821167,0.5257611910502116,0.36417317390441895,0.5590125401814778,0.33488295078277586,0.48819770812988283,0.34716689586639404,0.5012407938639323,0.34079512357711794,0.5920360883076985,0.3349865198135376,0.4068952878316243,46.156775059984,16.0127270227451,9.046436451960783,12.236928027613803,88.202992821181,0.4994656880696614,79.13868866163126,0.4829539140065511,93.99454566319216,0.46632823944091795,73.59714470968022,0.5301266670227051,102.30991558590905,0.5069794495900473
0.3251880407333374,0.642027473449707,0.33760800361633303,0.4588557879130046,0.33255791664123535,0.4561296463012695,0.35932507514953616,0.5562428156534831,0.34156763553619385,0.5628334681193033,0.39559316635131836,0.6667080561319987,0.39421787261962893,0.664769172668457,0.32511509656906123,0.5824595769246419,0.3350829601287842,0.457492717107137,43.49568362869062,66.32806546250787,168.60662583360244,177.95505587902423,94.5604883611575,0.5199761470158895,86.47737206677662,0.5101630926132201,76.20724269538421,0.5068677663803101,62.68344872303926,0.6138013203938801,71.82389020628314,0.6114754358927409
0.32213990688323973,0.6442073822021485,0.33878350257873535,0.3845178286234538,0.3204686164855957,0.3645558675130208,0.3493330717086792,0.5538543065388998,0.3299736738204956,0.5140743573506673,0.39594235420227053,0.6799750645955404,0.3215346097946167,0.6595626831054687,0.32251147031784055,0.5708854675292969,0.3296260595321655,0.3745368480682373,7.625760725125581,63.85694369923316,178.30637601742413,171.96751488797278,92.07517463756767,0.4727111577987671,89.85726568776452,0.4443056027094523,83.7283552346341,0.46419557730356853,93.31972724210952,0.586818520228068,69.71766589390637,0.6169146855672201
0.31850490570068357,0.620199457804362,0.3222585916519165,0.36905584335327146,0.3313841581344604,0.3667034149169922,0.3361361980438232,0.5511542002360026,0.3413634538650513,0.5549166361490886,0.3397685050964355,0.5757198969523112,0.34246482849121096,0.5745002746582031,0.31654661893844604,0.5871045430501303,0.32682137489318847,0.36787962913513184,42.077965292335506,31.49577909130241,178.8892368737833,175.15369155017365,92.68340696354801,0.47749208609263105,85.55421184690921,0.4613981326421102,87.09047892556495,0.4595169146855672,86.78110309612545,0.5647084554036459,81.58913394851122,0.5634370485941569
0.3103145360946655,0.3459244092305501,0.30755531787872314,0.3339365005493164,0.3161909580230713,0.3201406160990397,0.3166548490524292,0.4810625712076823,0.3231689691543579,0.4752393086751302,0.3229225635528564,0.6021759668986003,0.32487552165985106,0.6002133051554362,0.3066403269767761,0.3401122887929281,0.3118731379508972,0.32703855832417805,177.38490847129947,177.7141520121601,178.05727172118642,179.33728399710054,111.81394685584816,0.3335754235585531,85.64135469800458,0.4011389334996541,88.22181040413739,0.40405056476593015,89.2176598166751,0.5377263069152832,87.03754061123361,0.5416192690531413
0.3084914207458496,0.23083338737487794,0.30085651874542235,0.41124169031778973,0.3064685106277466,0.4256347974141439,0.3107655763626099,0.544930903116862,0.3187925100326538,0.5238361676534017,0.3184427499771118,0.640041732788086,0.3170710563659668,0.6498484929402669,0.3021345973014832,0.2616071859995524,0.30366251468658445,0.41843824386596684,175.46572225674402,178.5308710282483,175.90116532819795,179.200985319228,89.44181688733504,0.3400227149327596,81.83093187056362,0.47113720575968426,86.78599138988132,0.4816845734914144,90.78266863602533,0.5868423302968343,85.38519374873421,0.592486317952474
0.2974399566650391,0.2449393590291341,0.29767208099365233,0.46978759765625,0.29817678928375246,0.46929397583007815,0.3102484464645386,0.5393295288085938,0.30757038593292235,0.5246563275655111,0.3118362665176392,0.6265436172485351,0.30698361396789553,0.6403158823649089,0.2951314449310303,0.27639799118041997,0.29792443513870237,0.4695407867431641,172.94141337060765,173.2759158063914,176.67277831905463,175.97932698170618,89.17151764584167,0.372969388961792,80.07301700769551,0.4970985571543376,79.98537135034275,0.5044351577758789,90.29067437412694,0.5824861049652099,88.95698803060218,0.5829365730285645
0.29506137371063235,0.22260316212972006,0.29609179496765137,0.4861387570699056,0.2937579870223999,0.4965950012207031,0.3014249563217163,0.5505411783854167,0.29977343082427976,0.5528786977132162,0.3049841642379761,0.6275670369466145,0.3022202730178833,0.6376459121704101,0.29511476755142213,0.2666418790817261,0.2949248909950256,0.49136687914530436,176.42553736258827,175.00471006276888,178.79825845426112,178.421640100473,90.0484108253111,0.37900437911351526,85.49309904071872,0.5221227884292603,83.73141469276683,0.5209540287653606,88.346591732493,0.5952623049418131,87.35436071650906,0.5890541076660156
0.29290525913238524,0.24523377418518066,0.2981101036071777,0.49575446446736654,0.28294322490692136,0.4974448839823405,0.3021152257919312,0.5676516850789388,0.2918020963668823,0.5532246271769206,0.30261955261230467,0.6313920974731445,0.29872698783874513,0.630738894144694,0.29161983728408813,0.2543662150700887,0.29052666425704954,0.4965996742248535,178.74461811635564,172.65539123427718,178.39322521667472,175.3267659497526,90.25856781199491,0.3754829446474711,88.70967623583824,0.524912150700887,80.73664073672721,0.5321256796518962,84.89491998305347,0.5919817606608073,89.54667385645769,0.5995218912760416
0.28686354160308836,0.21006717681884765,0.29025907516479493,0.44329541524251304,0.2797562122344971,0.42605660756429037,0.29655420780181885,0.5575869878133138,0.28340764045715333,0.5498524983723958,0.2926682949066162,0.6139706293741862,0.281093430519104,0.61468505859375,0.2857764720916748,0.2080548365910848,0.28500764369964604,0.43467601140340173,179.6011949454141,176.3993832588825,179.2013585948221,173.61089124350264,90.194379245761,0.32136542399724327,90.7958875897917,0.49226425488789877,84.63324194741368,0.4961314996083578,92.04431523328027,0.5822687784830729,93.94254239693886,0.5857788085937501
0.29221310615539553,0.1777771790822347,0.29876251220703126,0.4802255630493164,0.2789388418197632,0.48102080027262367,0.32460546493530273,0.6179587046305338,0.2894721031188965,0.5900266011555989,0.30520474910736084,0.6114053726196289,0.28842689990997317,0.6048933029174804,0.288047730922699,0.2200263261795044,0.28885067701339723,0.48062318166097007,179.89512348959784,170.65618720988564,176.17382364174298,64.20790761272687,89.82346188904503,0.3503247539202372,89.67455578284275,0.5353248914082844,75.40720306753335,0.549290943145752,94.02156158131761,0.5974599520365397,18.66435924769476,0.6146820386250813
0.2969388484954834,0.19631333351135255,0.297686243057251,0.5249001820882161,0.27483811378479006,0.5193127632141114,0.3144634008407593,0.6158676783243815,0.2923652410507202,0.6335248311360677,0.30034680366516114,0.6435703913370768,0.2896807909011841,0.6314903259277344,0.2890371084213257,0.24314972559611003,0.28626217842102053,0.5221064726511637,177.35315597534046,167.162507659625,51.051945287833064,146.3834446555488,90.5699325619376,0.3826280991236369,86.86469415784504,0.5778156518936157,73.25991692136948,0.5689870754877726,37.1579520209977,0.632507578531901,117.0022328145413,0.6297190348307291
0.2801707983016968,0.25219933191935223,0.300175404548645,0.5045102755228679,0.2674071788787842,0.49433698654174807,0.32431302070617674,0.6259618123372396,0.2688849449157715,0.5558333079020182,0.29346652030944825,0.5937049865722657,0.2711868047714233,0.5911465326944987,0.275455915927887,0.24733454386393228,0.2837912917137146,0.49942363103230797,166.41805321182048,169.59588109022917,168.44597150720023,37.86045476288776,88.10619362896946,0.3733790874481201,104.80215260475525,0.5276284694671631,72.24320800181121,0.5626927216847738,86.27050386482657,0.5734899202982584,46.28031668344903,0.6098333994547527
0.27262301445007325,0.2021278699239095,0.29866576194763184,0.5040962219238281,0.2670546054840088,0.4896359443664551,0.31875011920928953,0.613224983215332,0.25049803256988523,0.6178166071573893,0.3002199649810791,0.6289080937703451,0.2734214305877686,0.5964481989542644,0.2752769112586975,0.24079647064208984,0.28286018371582033,0.4968660831451416,168.78076953735393,169.51600492188305,41.59618013658522,122.75329889340479,88.30373251178354,0.3688312768936157,104.97947068107196,0.5573413451512654,72.85805640654056,0.5550455331802369,137.0107054438238,0.6071324030558268,139.7568865029148,0.6210665384928385
0.2611838817596436,0.19904939333597818,0.2880250930786133,0.46995293299357094,0.2559678316116333,0.4653323173522949,0.2980547666549683,0.5711158752441406,0.24692847728729247,0.582815678914388,0.29754855632781985,0.6470739364624023,0.25409047603607177,0.6119642893473307,0.26538815498352053,0.23186995983123782,0.2719964623451233,0.4676426251729329,170.7317752703274,171.36494271356247,159.12298219979562,171.5133983829246,88.39451694102794,0.3497562925020854,102.27919695956007,0.5252291520436605,75.86478451507698,0.5193792502085368,76.1955262499614,0.5973899841308594,90.38183288847871,0.6090949058532715
0.2546092987060547,0.2032919406890869,0.28671295642852784,0.46575927734375,0.25694272518157957,0.4634796460469564,0.3049257040023804,0.5793282190958658,0.23868579864501954,0.6212807337443034,0.30252463817596437,0.6447238286336263,0.2332369089126587,0.6682502110799153,0.2625854253768921,0.23782790501912435,0.27182784080505373,0.4646194616953532,171.62155230284145,170.97276984922982,175.88615206910228,168.22478559987618,87.66632172505605,0.35122368335723875,101.94493251835617,0.5429500977198283,73.905126546335,0.5219738403956096,96.61725590403353,0.6447654724121094,92.10272785751468,0.6120260238647461
0.25033276081085204,0.17416232426961262,0.28292715549468994,0.4497778574625651,0.25224106311798095,0.45673974355061847,0.300761342048645,0.5784442901611329,0.23588721752166747,0.6484347661336263,0.30338075160980227,0.6364402135213216,0.25386216640472414,0.6217411677042644,0.2561876177787781,0.22624982992808024,0.26758410930633547,0.4532588005065918,173.528503970392,172.36946127849325,29.299413582447883,171.52884161245444,87.12600287904613,0.339754315217336,99.22439406731024,0.5508467833201091,75.1564566349342,0.5158515453338623,123.95555627355455,0.6350879669189453,87.41397019231007,0.6074422518412272
0.24521536827087403,0.19920323689778646,0.2766400337219238,0.45059102376302085,0.24945530891418458,0.46262849171956383,0.2920069694519043,0.5571420033772786,0.2963024854660034,0.5611724853515625,0.3000777006149292,0.6148395538330078,0.30091261863708496,0.6400933583577474,0.25091540813446045,0.23157112598419188,0.2630476713180542,0.4566097577412923,170.19790001912475,171.1239217617425,171.68284572084815,174.79116147120433,86.91406234749685,0.34409044186274207,72.35741178069449,0.5088911215464273,73.93043588133987,0.5068758805592855,86.6568876259241,0.6006329218546549,82.0371351787574,0.5859907786051433
0.23836264610290528,0.18671323458353678,0.27318246364593507,0.4396896044413249,0.2487760066986084,0.4461814880371094,0.28474419116973876,0.5540840784708659,0.28941893577575684,0.5525461196899414,0.2850924253463745,0.5795764923095703,0.29471430778503416,0.6009671529134114,0.24511111974716188,0.24343912601470946,0.26097923517227173,0.44293554623921716,173.61198816583328,175.20186125283888,174.191033756398,170.77461604422777,85.4522195852108,0.3431873361269633,75.45469908085626,0.49774083296457927,77.93116313009696,0.49850981235504155,83.75887901972409,0.5767566363016764,89.21737079092746,0.5668302853902181
0.2301772117614746,0.2576074441274007,0.26764602661132814,0.4575838406880697,0.24021730422973633,0.4615664482116699,0.2793935775756836,0.5384785334269205,0.2807304859161377,0.5391466776529948,0.3107379198074341,0.6190095901489258,0.3078200101852417,0.6160665512084961,0.23873283863067626,0.2547768195470174,0.25393166542053225,0.4595751444498698,169.78813483935593,170.27145931526474,179.60015294361395,178.34389717266194,85.75565304016529,0.3571759819984436,71.38703849147831,0.4993609110514323,72.11524870282916,0.49902683893839517,70.59883314333864,0.5776066144307455,68.732989878378,0.5787440617879231
0.21529536247253417,0.17446486155192056,0.25709750652313235,0.4434727986653646,0.24990649223327638,0.44701375961303713,0.23109862804412842,0.6340065002441406,0.27535626888275144,0.543527094523112,0.23063642978668214,0.6806588490804036,0.31337318420410154,0.643627675374349,0.23066983222961426,0.22657076517740887,0.2535019993782044,0.44524327913920086,175.48875252272413,173.1712104497784,175.99735549778032,175.01997381375145,84.03919724545531,0.33590702215830487,77.46373639574065,0.4943851868311564,96.76849002502182,0.5396248896916708,69.20386583134226,0.5935773849487305,90.56762721963707,0.6573326746622721
0.2095667839050293,0.16254059473673502,0.23997254371643068,0.4459981600443522,0.2558143138885498,0.4343969980875651,0.22488765716552733,0.608871587117513,0.26799516677856444,0.5442020416259765,0.2230217933654785,0.6777806599934896,0.3093268871307373,0.6448567072550456,0.22742073535919188,0.22145815690358478,0.24789342880249024,0.4401975790659587,176.22635871411345,172.6078625864537,174.38394519680733,175.57472872008358,84.65303640130419,0.3308278679847717,79.06089016158758,0.4921998103459676,97.76675690317352,0.5245345830917358,67.6755270620593,0.5945293744405111,91.55102950868003,0.6433261235555012
0.20447304248809814,0.15644488334655762,0.22647597789764404,0.4547787030537923,0.2525991678237915,0.4410625139872233,0.22275407314300538,0.619496218363444,0.2652743816375732,0.5514614741007487,0.22806718349456787,0.6576056798299154,0.30131757259368896,0.6358656565348307,0.22177734375000002,0.22739542325337728,0.23953757286071775,0.4479206085205078,173.68578264559287,174.27038581772499,175.07239390575026,168.93202155698856,85.39556150118742,0.33765801588694255,76.04107519330499,0.49969104131062825,95.58688976831847,0.533708413441976,66.87602217194257,0.5936635653177897,82.06314828890206,0.6385509490966796
0.1972135543823242,0.1812826156616211,0.22417542934417725,0.4459197680155436,0.24862191677093506,0.43817863464355467,0.21085126399993898,0.5879384358723958,0.25090072154998777,0.5412901560465495,0.21843855381011962,0.6145996729532878,0.29696903228759763,0.6317959467569987,0.21781527996063232,0.2299378236134847,0.23639867305755616,0.44204920132954917,177.75192711948245,171.18176244373967,170.72743142377976,158.17233657010573,84.99301629443282,0.33599351247151693,81.6862301701937,0.49166967868804934,99.93264460578172,0.5149938186009725,63.02347199588964,0.5865430514017741,74.11463747524711,0.6012690544128418
0.2263254404067993,0.6072389602661132,0.22123298645019532,0.4284151713053385,0.2393946409225464,0.4127899805704753,0.20956339836120605,0.5258572260538737,0.2231757164001465,0.5122927029927572,0.2254579782485962,0.5903039932250976,0.23464407920837402,0.5683736801147461,0.2158506691455841,0.3085490147272746,0.23031381368637086,0.4206025759379069,173.48946278490973,170.50469618319423,170.12107004019143,164.50655319863205,82.64529675970589,0.36457579533259077,94.45151095195725,0.4664476394653321,101.1525518920799,0.47322990099589035,78.44256219562466,0.5403331915537517,76.14556710176522,0.5580806096394857
0.18593443632125856,0.18849725723266603,0.2153794527053833,0.45442829132080076,0.2401524543762207,0.4270093282063802,0.20925595760345458,0.6245623270670573,0.2259068489074707,0.5899852752685547,0.22283079624176025,0.6318475087483724,0.22695496082305908,0.6184166590372722,0.2071232795715332,0.24019179344177244,0.227765953540802,0.44071880976359046,176.21264615776866,173.93273743571942,177.62727980377966,116.74191985246117,84.1225545242889,0.34045530160268145,90.71357850797757,0.5153520425160726,95.74936047324611,0.5326405684153239,87.8887693914084,0.6042009671529134,28.221032454206885,0.6282049179077148
0.17738583087921142,0.19068992932637532,0.21596391201019288,0.4582671165466309,0.22737877368927,0.44354483286539714,0.21003787517547606,0.591995112101237,0.21077268123626708,0.5644203821818033,0.21917457580566407,0.6177593231201172,0.21915974617004394,0.6018721898396809,0.19701240658760072,0.23143018086751302,0.22167134284973145,0.450905974706014,172.14946220012055,173.21743468568957,166.42414936205392,159.61678722180324,83.58948617589483,0.3411680777867635,95.48422986466913,0.5076631784439087,94.71364536034208,0.5214505434036255,77.37728059687569,0.5831462860107421,70.47408819564806,0.6048772176106771
0.1776861071586609,0.26331899960835775,0.21838483810424805,0.4476339340209961,0.18992465734481812,0.44755671819051107,0.22016482353210448,0.6735623041788737,0.2023535966873169,0.6023900985717774,0.2320667028427124,0.6783253987630208,0.21581931114196778,0.6471211751302083,0.19079195261001586,0.2573151191075643,0.20415474772453307,0.4475953261057536,177.41438975293383,179.98372554543315,166.5920393303126,118.70881851414912,85.98288843151958,0.35245522260665896,90.6666484538141,0.5249927123387654,85.94728642532473,0.5605788151423137,73.24625520189896,0.6247556368509928,21.81113171741501,0.6759438514709473
0.17531830072402954,0.23495580355326334,0.21368906497955323,0.472649351755778,0.1936721086502075,0.4747159004211426,0.20497705936431884,0.6076248168945313,0.19810214042663574,0.5980459849039713,0.21275105476379394,0.634136962890625,0.2143280029296875,0.624307123819987,0.1843092918395996,0.27150264581044514,0.20368058681488038,0.4736826260884603,175.01298451967907,177.0359463842959,152.3329200233197,166.89308210080517,84.52707548918244,0.3725926359494527,92.56833949775451,0.5358643054962158,89.44543175538165,0.5406537214914958,58.28949457837175,0.6111765543619792,73.65760082967243,0.6208808898925782
0.1795369029045105,0.2181578795115153,0.19615817070007324,0.4450407028198242,0.19045417308807372,0.44505815505981444,0.2110835552215576,0.6239877700805664,0.21048276424407958,0.6323986689249674,0.22138755321502684,0.6410808563232422,0.20900890827178956,0.6454302469889323,0.18153818845748904,0.23252884546915692,0.19330617189407348,0.44504942893981936,178.90177480415463,178.64254369302913,169.0665389105753,157.06985054436953,86.83057564862801,0.3387891372044881,84.76164079206023,0.5387240489323935,84.32632741593734,0.5345185995101929,96.45266496201883,0.6389144579569499,58.917725084189904,0.6325343132019043
0.175270676612854,0.26934731801350914,0.198913049697876,0.4599387804667155,0.17686562538146972,0.46626968383789064,0.20235345363616944,0.5727097193400065,0.18593804836273192,0.5583894729614258,0.21114509105682372,0.6122167587280274,0.21059763431549072,0.6018607457478841,0.1782693862915039,0.2625099182128906,0.18788933753967285,0.46310423215230306,177.34216771482892,176.92195288425347,159.7298088055739,176.31870113674483,87.25435570706955,0.3628070751825968,91.17316185604886,0.5107468525568645,82.48238631722833,0.5179069757461547,60.43542023899609,0.5801251093546549,77.45420101650951,0.592463239034017
0.16418311595916749,0.22121880849202474,0.2020507574081421,0.5182322502136231,0.16979594230651857,0.523705259958903,0.1949175000190735,0.629702377319336,0.16765377521514893,0.6086073557535807,0.20048999786376953,0.6291611353556316,0.18737897872924805,0.6369738896687825,0.17528895735740663,0.24490904013315837,0.18592334985733033,0.5209687550862631,169.4271286697134,178.19157511605013,145.90536036319463,92.12040868122794,87.79393859418553,0.3829388976097107,101.77551496485599,0.5647880554199218,85.27141355970679,0.5753355662027995,55.186452408075056,0.6227906227111817,174.4524137408332,0.6294317563374838
0.15791265964508056,0.20078304608662922,0.19996637105941772,0.4890742301940918,0.17401610612869262,0.5031623522440593,0.20276250839233398,0.6227171579996745,0.1794299840927124,0.6274767557779948,0.20455312728881836,0.648172124226888,0.18902068138122557,0.6430941263834635,0.1698636829853058,0.254196842511495,0.18699123859405517,0.4961182912190755,175.23753929995644,178.00029358866524,149.23681780681042,177.43547273849504,85.95033030325216,0.37515756686528523,93.29442368148754,0.5617975234985352,82.89886473492588,0.559417724609375,58.44572777993719,0.6352854410807292,85.97618084697508,0.6354446411132812
0.15887926816940307,0.2124658266703288,0.19630371332168578,0.5016432444254557,0.17175971269607543,0.5283185323079427,0.21003174781799316,0.643277359008789,0.18817970752716065,0.6515995025634765,0.21698153018951416,0.6580377578735351,0.1945470690727234,0.6463358561197917,0.16357625722885133,0.26767990589141843,0.1840317130088806,0.5149808883666992,178.07229156606678,175.59460170300386,54.9977415322041,167.75762143266172,85.27155401702015,0.3913303971290588,88.26092811751566,0.5832901954650879,78.54382426274222,0.579129123687744,140.42080429362812,0.6489676793416341,64.78707992151783,0.650657558441162
0.12882307767868043,0.2207252820332845,0.1908585548400879,0.4634693145751953,0.1751394510269165,0.4841387430826823,0.19873987436294555,0.6092487970987955,0.1708635926246643,0.6353228251139323,0.17502896785736083,0.6761905670166015,0.17346327304840087,0.6666358311971029,0.1451439678668976,0.2529146194458008,0.1829990029335022,0.4738040288289388,171.85551560448755,178.07526974365354,172.42302322206024,162.75091200211816,80.27537490699541,0.3633593241373698,94.29673752422198,0.5545634269714356,83.37104155201894,0.5415264129638672,85.25405196347403,0.6509793281555176,109.50424556847454,0.6427196820576986
0.12964633703231812,0.22759364446004232,0.1914479613304138,0.5042124112447103,0.16627296209335327,0.5167591412862141,0.1922250747680664,0.6073277791341146,0.16323459148406982,0.6405988693237304,0.20379176139831542,0.6485905965169271,0.1692142367362976,0.6748321533203125,0.14801049828529358,0.2692454655965169,0.17886046171188352,0.5104857762654622,170.8042906815196,179.59345147087572,166.73281833371664,174.57396813654574,82.71253281866855,0.38986562093098953,96.8481124072413,0.5755423227945964,82.14256716688193,0.5589067776997885,80.09191039379604,0.6577155113220214,74.34089014048942,0.6279591878255208
0.12096253633499146,0.22436761856079102,0.17943041324615477,0.49973424275716144,0.16956253051757814,0.5059405326843261,0.17177003622055054,0.6259218215942383,0.17111752033233643,0.6312192916870117,0.16422523260116578,0.6625993728637696,0.16784114837646485,0.6695009231567383,0.1383950114250183,0.27788395881652833,0.17449647188186646,0.5028373877207438,173.20126000471728,173.2534337661005,177.39496357041185,172.0545765808633,80.88267762784986,0.3903606732686361,91.50765000558428,0.5670283397038778,91.26894774344154,0.564379604657491,94.89179611589395,0.650360107421875,101.62395713415603,0.6442605972290039
0.11201704740524292,0.237144136428833,0.17305103540420533,0.4913853645324707,0.16484080553054808,0.5090803464253744,0.15904847383499146,0.643222427368164,0.16136519908905028,0.6344292322794597,0.1571815252304077,0.6947306315104167,0.16179612874984742,0.6651923497517903,0.13384245634078978,0.2750680446624756,0.16894592046737672,0.5002328554789226,172.38719384817173,172.12372428238675,176.71565227085233,178.61443812511024,81.13885039238599,0.3876504500706991,93.23318873086316,0.5673310438791912,93.95958148152863,0.5717276414235433,89.19745337610452,0.649810791015625,92.07581435187349,0.6689765294392904
0.10423566102981567,0.25814520517985023,0.17471582889556886,0.5091086387634277,0.15265856981277465,0.5253200213114421,0.19009580612182617,0.6158114115397135,0.13312966823577882,0.6974487940470377,0.23163232803344727,0.7140644073486329,0.1505938172340393,0.7597631454467774,0.12774903774261476,0.2675656318664551,0.16368719935417175,0.5172143300374349,169.66028823934192,175.15582366763502,161.25403316699288,176.12647413498013,81.80826637624436,0.392389980951945,99.62260686339752,0.6073315620422364,75.00563972077943,0.5665128707885743,74.3440012164413,0.7286059697469076,67.08375535483012,0.6649379094441732
0.09607518911361694,0.24123398462931314,0.16034247875213622,0.5127641995747884,0.1561801552772522,0.5108287493387859,0.17592569589614868,0.6040871938069662,0.11445443630218506,0.6217564900716146,0.14428384304046632,0.7601364771525065,0.1340642213821411,0.7383534749348958,0.12412106990814209,0.26966446240743003,0.1582613170146942,0.5117964744567871,159.8508495974152,177.97023592217388,164.35680987948712,171.75905085507978,81.97428802465136,0.39073046843210857,111.72180234300343,0.5667764822642009,79.16467238208877,0.5579418341318767,80.4530934549793,0.6800549825032551,101.46236416189682,0.6821118354797364
0.09052944779396058,0.2165554682413737,0.16493256092071534,0.512101968129476,0.16238844394683838,0.5279296239217123,0.15826741456985474,0.6731634140014648,0.13628770112991334,0.7092625935872395,0.14830316305160524,0.7688921610514323,0.14577982425689698,0.7648914337158204,0.12215411067008972,0.25943694909413656,0.16366050243377686,0.5200157960255941,169.9701226094788,172.9945817490138,166.14040865941652,177.588629856939,80.94965211941548,0.3897263725598653,98.23022731104078,0.6146391948064168,92.0168354039531,0.5965896050135295,80.31670160192962,0.7370770136515299,95.94242645151925,0.7210277875264486
0.07850231528282166,0.23196914990743,0.13677295446395873,0.5521411895751953,0.12095189094543457,0.5561969757080079,0.1085881233215332,0.6241256713867187,0.10706926584243774,0.6161221186319987,0.12571985721588136,0.7178440093994141,0.12506169080734253,0.7190352121988932,0.10479297041893006,0.2844047705332438,0.12886242270469667,0.5541690826416016,160.2265428127679,163.1977003098372,168.76250496854166,168.5407499742622,84.90134249494555,0.4192869265874227,109.38029091377207,0.5851456006368001,106.16225311573956,0.5891473770141602,80.08313602609813,0.667578665415446,79.64069620588715,0.6709848403930664
0.06916135549545288,0.1193097432454427,0.13663012981414796,0.49235442479451497,0.13105592727661133,0.5076207796732585,0.14673320055007935,0.5538796742757162,0.16348865032196044,0.6177668889363607,0.14843618869781494,0.7018723805745443,0.12806535959243776,0.7301588694254557,0.09836245179176331,0.24873920281728107,0.13384302854537966,0.4999876022338867,175.88038857238826,175.55598600925467,163.94429696030235,176.5248758309043,81.96200546578902,0.37436340252558387,75.87185682094085,0.5588772455851236,76.5484309986114,0.5269336382548014,107.49361729006228,0.6739628791809082,89.34071259726811,0.6278760274251303
0.05715171098709106,0.13216230869293213,0.13635482788085937,0.4887592633565267,0.1308841347694397,0.49767335255940753,0.14043431282043456,0.5538288116455078,0.12517766952514647,0.6102090199788411,0.1327344298362732,0.7293869654337565,0.12757648229599,0.7250253677368164,0.0825837105512619,0.21496970653533937,0.13361948132514953,0.4932163079579671,169.72199127824598,176.7267532837224,177.30981823855677,177.70336387459034,79.60638209581958,0.35409300724665327,94.12712338903685,0.5517126639684041,83.58501732915055,0.5235225598017375,88.80311595259923,0.6676171938578288,92.51135152707033,0.6416078885396321
0.05475960373878479,0.192104705174764,0.1281343936920166,0.5004557291666667,0.12150019407272339,0.4959835688273112,0.11528985500335694,0.6118535359700521,0.10155036449432372,0.6039772669474284,0.12599414587020874,0.7236932754516602,0.12492334842681885,0.718240483601888,0.08065350949764252,0.27086483637491865,0.12481729388236999,0.49821964899698895,164.00286754354443,169.40734661852053,168.46702376657544,174.83186918789883,79.00716730370206,0.38454224268595383,102.40754949295984,0.5510984579722087,94.79265729227059,0.5550365924835206,78.43940603057601,0.6611088752746581,84.53281851501406,0.6677734057108562
0.04674945473670959,0.12463695208231608,0.08976085782051087,0.3392082532246908,0.09105790257453919,0.38320782979329426,0.09186304211616517,0.5393324534098307,0.08128175735473633,0.5431623458862305,0.12421121597290039,0.725123914082845,0.1245238184928894,0.7250453313191731,0.06640729904174805,0.17676456769307453,0.09040938019752504,0.36120804150899255,174.8034705502009,176.45145390004515,171.98296519136613,175.42984872361853,82.5856252850469,0.26898630460103357,92.87179930632168,0.4521851936976115,89.53242319270687,0.45027024745941163,76.62640764904502,0.6341038386027018,80.12323316383183,0.6322281837463379
0.04486565291881561,0.20247365633646647,0.09011651873588562,0.33592440287272135,0.09200014472007752,0.38591397603352867,0.10580353736877442,0.529863198598226,0.08686060309410096,0.5426981608072917,0.12415477037429809,0.7182500839233399,0.1258476495742798,0.7178635915120443,0.07095196843147278,0.17630144755045574,0.09105833172798157,0.360919189453125,176.19096040986037,179.35844011149456,173.01876461017912,179.7279403925522,83.78452343163745,0.2686103185017904,91.32286696350101,0.4518086751302084,85.0119415019993,0.4453911940256755,77.45205666894903,0.630280876159668,84.43623047909689,0.6240566412607829
0.0610580325126648,0.21401975949605306,0.09558170437812805,0.40703935623168946,0.08741427659988403,0.4066134452819824,0.10043483972549438,0.5016741116841634,0.0889367401599884,0.5105826695760091,0.12445540428161621,0.7220052083333334,0.12454166412353515,0.7212303161621094,0.07075251638889313,0.2538973331451416,0.09149799048900603,0.40682640075683596,174.53372121277584,178.5515242698778,176.40593128037304,179.7477417458248,82.27474203824288,0.3303618669509888,91.41407395400562,0.4587045351664225,84.6173033471823,0.4542502562204997,80.40620335298708,0.6159064928690592,83.77816839802502,0.6118396600087483
0.0812114417552948,0.2838846524556478,0.10365492105484009,0.3496708869934082,0.08745137453079224,0.34799861907958984,0.10619006156921387,0.4910601615905762,0.08995638489723205,0.5157235463460287,0.12225266695022582,0.7156274159749348,0.09876763820648193,0.6446798324584961,0.0829965353012085,0.2544372081756592,0.09555314779281616,0.348834753036499,176.55343604296087,178.6789509119148,176.71372127798261,179.92790020861312,82.42308526939915,0.3016359806060791,91.92074466356597,0.43227914969126385,85.72286155788039,0.4199474573135376,86.09120125157759,0.5802016894022624,85.908776564347,0.6033437887827555
0.03329207599163055,0.10202714602152506,0.10175198316574097,0.3725033124287923,0.09395554065704345,0.37116146087646484,0.10633740425109864,0.4577327728271484,0.08480491042137146,0.4836024284362793,0.12833579778671264,0.5277514775594075,0.04429210126399994,0.4135724067687988,0.06627408266067505,0.3019267559051514,0.09785376191139221,0.3718323866526286,167.51701747095606,171.21992095247978,82.12075310392161,173.6201391823059,65.68905563143154,0.33687957127889,96.65898336569478,0.427717407544454,84.35967939767013,0.4147825797398885,59.95034783637101,0.44858741760253906,72.55838613109562,0.492742125193278
0.04185172915458679,0.3574469248453776,0.08949136734008789,0.42907037734985354,0.08213101029396057,0.4307713508605957,0.1065143346786499,0.5053682009379069,0.08896000981330872,0.5003058115641276,0.15327717065811158,0.7994623819986979,0.09723976850509644,0.6410732269287109,0.06932941675186158,0.3805719534556071,0.08581118881702424,0.4299208641052246,173.25062619142548,178.7523495339941,179.7319139018616,178.68839975514445,71.5314786949055,0.40524640878041585,87.43845888378823,0.4651133378346761,74.65543399132372,0.4676445325215658,86.63381414730385,0.5706895192464192,80.96524373963699,0.6524152914683023
0.06655028462409973,0.3706294059753418,0.09451085329055786,0.4342237790425619,0.08357852697372437,0.43495470682779946,0.09944725036621094,0.650647226969401,0.08170508742332458,0.569099235534668,0.10951725244522095,0.7008963267008463,0.08840572237968444,0.6727682749430338,0.07009256780147552,0.3643405278523763,0.08904469013214111,0.43458924293518064,173.63077602940828,176.90248359874883,176.1481306813712,173.0639527976436,74.9018517872963,0.39946488539377845,93.1232746003054,0.5018442392349243,87.24350440103785,0.5426182349522908,86.30183887022753,0.620933755238851,78.66794195429065,0.6757717768351237
0.07265774607658386,0.29055503209431965,0.09206699728965759,0.34238948822021487,0.08116792440414429,0.35622224807739256,0.10910850763320923,0.5302324612935384,0.09614887237548828,0.5707793553670247,0.11998879909515381,0.7268851598103842,0.11022239923477173,0.7309739430745442,0.07139732837677001,0.2579587459564209,0.08661746084690095,0.3493058681488037,177.94024842106893,179.2005428189205,178.5183526937644,178.11598990844163,80.54035565386565,0.3036323070526123,87.53571915328111,0.4600426117579142,82.9138934892122,0.43976916472117106,84.97930140928358,0.6508766492207845,86.83319957270255,0.6285588105519613
0.0634432852268219,0.2891469637552897,0.09413710236549377,0.38451595306396485,0.0869692623615265,0.402534548441569,0.09522144198417663,0.6342818578084309,0.09330380558967591,0.6373685836791992,0.11980479955673218,0.7585872014363607,0.10915669202804565,0.7893615086873372,0.06473740041255951,0.27765731811523436,0.09055318236351013,0.3935252507527669,176.10568098065457,176.22509258241922,176.73637717851244,173.39439974090124,77.439458238646,0.33559128443400066,89.35371446925598,0.515446917215983,88.88917664895207,0.513903554280599,84.04557053202643,0.7133650461832682,78.81320174949535,0.6964345296223958
0.0732595145702362,0.30555864969889324,0.07547872066497803,0.3381243387858073,0.07195938229560853,0.3372441291809082,0.0950494110584259,0.5697593053181966,0.09823641777038575,0.5625316619873046,0.11383074522018433,0.740298843383789,0.10831832885742188,0.7594453811645507,0.06353998482227326,0.28842938741048174,0.07371905148029329,0.33768423398335773,179.00869695914264,178.8607937989136,178.24119234415224,179.40489380296157,78.32356148606269,0.3130568106969197,83.77705283232125,0.45010794798533116,84.74861525960985,0.45372176965077715,87.06903613637074,0.6609885215759277,83.71540367598827,0.6550290743509928
