0,1,2,3,4,5,6,7,8,9,10,11,12,13,14,15,16,17,18,19,20,21,22,23,24,25,26,27,28,29,30,31
0.7169977188110351,0.2654968897501628,0.7194812774658204,0.45985342661539713,0.6959245204925537,0.4569239616394043,0.7256159782409668,0.5632033030192057,0.6986071109771729,0.5660888036092122,0.7244430541992187,0.583002217610677,0.7050798892974853,0.600101089477539,0.7126854181289672,0.28286403020222983,0.707702898979187,0.4583886941274007,178.0182237302821,172.9425827982653,168.1646645819216,168.9585414198763,91.6259861781051,0.37062636216481526,94.82744621667446,0.5122387488683064,80.30170487601458,0.5107959985733033,79.22505329984827,0.5830949465433757,93.39034460562728,0.5731027603149415
0.7220706939697266,0.2406429926554362,0.7246418952941894,0.457299009958903,0.6989946365356445,0.4566120783487956,0.7347110271453857,0.6038462956746419,0.700950813293457,0.6117035547892252,0.7357009410858154,0.583615493774414,0.7047962188720703,0.5721726735432943,0.717715048789978,0.28297545115152994,0.711818265914917,0.4569555441538493,178.90229695580365,174.17380188123056,2.0683762925713833,13.479480095313884,91.9412076434661,0.3699654976526896,94.0171022237294,0.5343295494715372,81.14177617178247,0.5304009199142456,95.5560227943744,0.5919381141662597,92.80130716238658,0.5937308947245279
0.7252403736114502,0.2802914619445801,0.7270455837249756,0.4367288907368978,0.6975300788879395,0.4404948870340983,0.7415716171264648,0.6199108123779297,0.7035131931304932,0.6229963302612305,0.7451207160949707,0.510963249206543,0.7086633205413818,0.5181373278299968,0.7184214115142822,0.2759618600209554,0.7122878313064576,0.43861188888549807,179.73526804437196,174.67531424196326,0.20226110412986983,26.27425997787379,92.15961730170292,0.3572868744532267,92.72458305200139,0.5308041095733642,80.82470935413306,0.5292613506317139,92.81181043141402,0.5705668290456136,91.86581966646963,0.5654370307922363
0.7302560329437255,0.2817866643269857,0.7327627182006836,0.4469970385233561,0.7030434131622314,0.4523977279663086,0.7421070098876953,0.6202389399210612,0.6833866119384766,0.6257446924845378,0.7417124748229981,0.5549014409383138,0.7045017719268799,0.5568321863810222,0.723343586921692,0.27609977722167967,0.7179030656814576,0.4496973832448323,175.4265065907078,175.04313391061834,9.905355311454231,12.406184291863614,91.79505303894176,0.362898580233256,101.09289984512262,0.5377210378646851,81.9222989000084,0.5349681615829467,107.03534422714358,0.59128843943278,89.65402839582356,0.5875701904296875
0.7387983322143554,0.25905551910400393,0.7369116306304931,0.44990288416544594,0.7057981014251709,0.44847790400187176,0.7407037258148194,0.6235650380452474,0.6919486045837402,0.6175493876139323,0.7380040168762207,0.5276050249735514,0.6905823707580566,0.6096807479858398,0.7320389032363892,0.27290722529093425,0.7213548660278319,0.44919039408365885,176.72751099236862,175.08378169781437,20.704261859429707,10.375624230987286,93.46829687398203,0.3610488096872966,99.90756716092723,0.5333698908487956,83.66827992296923,0.5363777160644532,80.14992128290332,0.6136150677998861,88.38848357723457,0.5755850315093994
0.7488877773284912,0.25267297426859536,0.7398910045623779,0.44759963353474935,0.7076742649078369,0.44390490849812825,0.7418775081634521,0.6309711456298828,0.6955528736114502,0.6110804875691732,0.7358785152435303,0.5687570571899414,0.6971765041351319,0.6230909347534179,0.7401633024215699,0.2737037817637126,0.7237826347351074,0.4457522710164388,177.84257899773357,174.69513052720342,163.76870073258962,0.10850191844043733,95.43871399389327,0.3597280263900757,99.68979423883378,0.528416379292806,84.4202215641629,0.5383617083231608,82.30115082255465,0.6170857111612955,84.49228270191462,0.5998641014099121
0.7633380889892578,0.22696245511372884,0.7320011615753174,0.44543231328328453,0.7262939453125,0.45124197006225586,0.7363831043243408,0.615594482421875,0.7413537502288818,0.6279764811197917,0.7037949562072754,0.6377056121826172,0.7073564052581787,0.6370631535847981,0.753337812423706,0.26295231183369955,0.7291475534439087,0.44833714167277017,174.23242623071465,174.77032139568607,111.55046323797617,131.78237783031977,97.43433414529237,0.3556447267532349,86.1128212886617,0.5381568113962809,87.52292960209772,0.5319658120473225,165.03599636854725,0.6325198173522949,145.8430219901553,0.626650047302246
0.7749828815460205,0.22669885953267416,0.7393774032592774,0.446257209777832,0.7180068016052246,0.43862123489379884,0.740164041519165,0.6253601710001627,0.7407504558563233,0.6300435384114583,0.7324270248413086,0.6868825276692708,0.6947925090789795,0.6410919825236002,0.7588655233383179,0.25944022337595624,0.728692102432251,0.44243922233581545,173.52395952284175,173.4856448099838,113.20168001565638,171.95677354605826,99.3628581098766,0.3509397228558858,86.32234647573556,0.5362413803736369,86.41137897018719,0.5338996966679891,166.48241741701892,0.6355677604675293,97.1678552099238,0.6561213493347168
0.7655962467193603,0.2421342372894287,0.742275333404541,0.4390174229939779,0.7122236251831054,0.42057164510091144,0.7411764144897461,0.6195422490437825,0.700150728225708,0.5245971043904623,0.6985595226287842,0.640696907043457,0.6972780704498291,0.6441728591918945,0.7551295042037964,0.26510251363118487,0.7272494792938232,0.42979453404744467,176.01001591286638,173.54780590563675,173.41747767175522,124.1460459266645,99.60827088758118,0.3474485238393148,105.95226971274538,0.4771958192189535,85.80218225443274,0.5246683915456136,91.37619464500192,0.5843849817911784,153.6005941634024,0.6301195780436197
0.7799248218536377,0.2432452360788981,0.7420024394989013,0.44284502665201825,0.7115898609161377,0.41946551005045574,0.7408747673034668,0.6287081400553386,0.698772668838501,0.5516819000244141,0.7002682209014892,0.630029042561849,0.6950721263885498,0.6414142608642578,0.7632858991622925,0.2624576409657796,0.7267961502075195,0.43115526835123696,179.48512644255925,172.4221003147944,173.78141774818303,99.46101230247771,102.2052014124958,0.3468064546585083,103.08920160478557,0.4914185841878255,85.92370433304568,0.5299317042032878,92.3615269477688,0.5965480804443359,178.13686540904618,0.6293685913085938
0.7809792041778565,0.2432515303293864,0.7421166896820068,0.4429086367289225,0.7132035732269287,0.4126059850056966,0.7398297309875488,0.6273861567179362,0.697096586227417,0.5739253362019857,0.697312593460083,0.637749989827474,0.6959006309509277,0.6398604075113933,0.768251895904541,0.25641270478566486,0.7276601314544677,0.42775731086730956,179.1788932318705,172.13033931912145,172.52315853407643,111.92236255929558,103.32774411493625,0.3420850078264872,101.8103110756201,0.5008413235346476,86.51150179096607,0.5275717337926229,91.03913858321795,0.6068928718566895,166.30092576377118,0.632568073272705
0.7868644237518311,0.24189160664876302,0.7421733856201171,0.4342148462931315,0.721925687789917,0.417466672261556,0.7379720211029053,0.6203205744425456,0.7382970809936523,0.627297846476237,0.6936628818511963,0.642213503519694,0.6945645809173584,0.6426303863525391,0.7721185207366943,0.25729525089263916,0.732049536705017,0.42584075927734377,173.0009088263002,172.88222916366203,119.13055817549805,126.35391373607689,103.37290465923333,0.34156800508499147,88.22372477365597,0.5265693028767904,88.25571347326762,0.5230806668599447,160.67942080254542,0.634964116414388,153.70624777046643,0.6312670389811198
0.796489953994751,0.21813467343648274,0.7404566764831543,0.42768481572469075,0.7324487686157226,0.4213602383931478,0.7365512847900391,0.6163122177124023,0.7391576766967773,0.6244658788045248,0.6909998416900635,0.6351926167805989,0.6900741577148437,0.6358065923055013,0.7801941871643066,0.25426177978515624,0.7364527225494384,0.42452252705891924,172.8995961086023,173.09707384670054,115.3903855416745,124.68844052970374,104.40818746426115,0.33939215342203777,89.22491545239434,0.524494202931722,89.97055524783744,0.5204173723856608,166.99014782763894,0.6301362355550131,157.48671676656363,0.6257524172465005
0.7957493305206299,0.21942385037740073,0.7456746101379395,0.4370213826497396,0.7231478691101074,0.4186068534851074,0.7385499000549316,0.621560541788737,0.7018752098083496,0.5266734441121419,0.6899405479431152,0.632501220703125,0.6891242980957031,0.63333740234375,0.7785674810409546,0.2528585275014241,0.7344112396240234,0.42781411806742353,177.42980073311386,172.58184968483428,174.39043558613602,114.94208309472518,104.16480628781873,0.34033632278442383,108.21712086942274,0.4772437810897827,88.77627822197766,0.5246873299280803,96.81695009594672,0.5800054232279459,167.31560611899542,0.627030881245931
0.8014617919921875,0.22809618314107258,0.7470661163330078,0.4301502227783203,0.7226763248443604,0.41267646153767906,0.7387336254119873,0.6213683446248373,0.7014724731445312,0.5347003936767578,0.7378358364105224,0.6036261240641276,0.687883996963501,0.6362875620524089,0.7800515651702881,0.25144357681274415,0.734871220588684,0.4214133421579997,179.07838081126212,172.52027860611656,175.28387364585973,1.9646766268906113,104.88579716776047,0.3364284594853719,106.42631940380957,0.4780568679173788,88.89339113969642,0.5213908433914185,97.6187590350657,0.5854939778645833,87.10319892558064,0.6124972343444824
0.80752592086792,0.23261926968892416,0.7499194145202637,0.4334036509195964,0.7244548320770263,0.4126508076985677,0.7380300045013428,0.6221151987711588,0.7022388458251954,0.5282901128133138,0.686510419845581,0.6349786122639974,0.6863003253936768,0.637785275777181,0.7827572107315064,0.2561820030212402,0.737187123298645,0.42302722930908204,178.11713377429103,172.78885647604307,174.95166286668803,117.46573233997523,105.27648200896623,0.33960461616516113,108.36665675136304,0.47565867106119797,89.75742759777928,0.5225712140401204,98.28201693149545,0.5830376942952474,165.9810102071093,0.6285469055175781
0.8063899993896484,0.24299065272013345,0.7411446094512939,0.4262523651123047,0.7434589385986328,0.4313147226969401,0.7032067775726318,0.5254474322001139,0.7393347740173339,0.6244789759318033,0.6871471881866456,0.6365519841512044,0.6881392955780029,0.636087163289388,0.7824791431427003,0.24942080974578856,0.7423017740249633,0.42878354390462237,174.30650461400643,174.00308313576417,117.4177924484158,173.35789600972794,102.62587236622419,0.3391021768252055,90.86861278692386,0.5266312599182128,112.02050682556666,0.47711548805236814,167.22462852914347,0.6302830696105957,98.22484369634424,0.5809997081756592
0.8070380210876464,0.24619299570719402,0.7474825859069825,0.4302776018778483,0.7387041568756103,0.4262855847676595,0.7373276233673096,0.6224067052205403,0.7391670227050782,0.6292070388793946,0.6891578197479248,0.6358665466308594,0.6898855686187744,0.6315550486246745,0.7843291521072389,0.2505449612935384,0.7430933713912964,0.4282815933227539,174.3180888310423,174.49754264864248,107.39614086763912,120.17645528687581,103.06182091171955,0.3394132773081462,91.11949275261365,0.5287443161010742,91.70125304315994,0.5253441492716471,177.272211366352,0.6303810437520345,164.3883146405366,0.6291366259256999
0.8067276954650879,0.25048093795776366,0.730151891708374,0.42135346730550133,0.7540564060211181,0.43577121098836263,0.7051701545715332,0.5251814206441243,0.739985179901123,0.6261648178100586,0.6893796920776367,0.6353048960367839,0.7367997646331788,0.6055221557617188,0.7812868356704712,0.2506430466969808,0.7421041488647461,0.428562339146932,174.3379482786474,174.57615713238306,10.489178673932756,173.85306707468337,102.419840469269,0.3396026929219564,90.61438159107554,0.5273635784784954,110.92005445577053,0.47687187989552815,81.22775266117388,0.6158434867858886,98.15994725572511,0.5802431583404541
0.8082120895385743,0.25403329531351726,0.7299899578094482,0.42132752736409507,0.7544917583465576,0.4357654889424642,0.7032806396484375,0.5412937800089518,0.7398073673248291,0.6269216537475586,0.6896183490753174,0.6482014973958333,0.7364282608032227,0.6133982976277669,0.7818130731582642,0.2505130926767985,0.7422408580780029,0.42854650815327966,174.33518269456036,176.05077936853857,15.83038624183487,173.81027241425338,102.53163953062632,0.3395298004150391,90.70281867222009,0.5277340809504192,109.062771384808,0.4849201440811157,75.97066525272518,0.6201599756876628,97.28264964324906,0.5947476387023926
0.8097932815551758,0.25423579216003417,0.7319626331329345,0.4222681681315104,0.7538483142852783,0.4369720776875814,0.7054327487945556,0.5225428899129232,0.7400299072265625,0.6240648905436198,0.6901746273040772,0.6474800109863281,0.7372990608215332,0.6157975514729818,0.7831665039062501,0.2509152412414551,0.7429054737091064,0.4296201229095459,174.25306459100074,174.00732161334156,20.00413356813982,173.35663828315782,102.69638298165266,0.3402676820755005,90.84726277668194,0.5268425067265828,111.96261503924794,0.47608150641123453,71.72070899556695,0.6199312210083008,96.96284757874851,0.5850114504496257
0.8120925903320313,0.253794797261556,0.730100154876709,0.4246451059977214,0.7558454513549805,0.4404338836669922,0.7078149318695068,0.51196715037028,0.7402738571166992,0.6239171346028646,0.6900695323944092,0.6463560740152995,0.7381008625030517,0.6101003011067708,0.7829801797866821,0.24979268709818522,0.7429728031158447,0.43253949483235676,174.29584439309488,172.12145666447293,10.509481026414548,173.62488364224103,102.34851572174968,0.341166090965271,90.80797299234722,0.5282283147176107,113.87610599096992,0.47225332260131836,81.06221501298523,0.6170087178548177,97.52211035382298,0.5791616121927897
0.8104489326477051,0.25941081047058107,0.7308921813964844,0.42302742004394533,0.7546093940734864,0.4380659103393555,0.706687593460083,0.5195205370585124,0.7403359889984131,0.6229890823364258,0.6901756286621094,0.6482652028401693,0.7383739471435546,0.6117855707804362,0.7828387022018433,0.2503755728403727,0.7427507877349854,0.4305466651916504,174.21151656028562,173.73431369487605,11.316727173270353,173.732484201582,102.54392681037254,0.34046111901601156,90.71891902495332,0.5267678737640381,112.06386522267395,0.4750336011250814,80.06667204250417,0.617387326558431,97.30849092994298,0.5838928699493409
0.8106625556945801,0.25841399828592937,0.7305230140686035,0.42238248189290367,0.7556840896606445,0.43847573598225914,0.7072487354278565,0.5222371737162272,0.7401812553405762,0.6237284342447916,0.6899740695953369,0.6435149510701498,0.7383942127227783,0.6041897455851237,0.7829762697219849,0.25058104197184244,0.7431035518646241,0.4304291089375814,174.32365585840867,174.24378982604202,6.778308719779668,174.10630575985928,102.50041337177578,0.3405050754547119,90.86613081977868,0.5270787715911865,111.33268511654106,0.4763331413269043,84.77416729181128,0.6139590899149576,98.10661328899923,0.5828760623931886
0.8164743423461914,0.24459821383158367,0.736066484451294,0.4204750378926595,0.7512455940246582,0.4328901290893555,0.705370283126831,0.5341500600179037,0.7398081302642823,0.6253311793009441,0.6898402214050293,0.6488725662231445,0.7363661289215088,0.614634641011556,0.7835136175155639,0.2493911663691203,0.7436560392379761,0.4266825834910075,174.4784638935807,175.7366514178995,20.05863435073655,174.09410279465723,102.67023516661386,0.3380368749300639,91.10970518132527,0.5260068813959757,109.60866249334174,0.4804163217544556,72.16252694804783,0.61998291015625,97.70930404315966,0.5915113131205241
0.8164779663085937,0.2445391337076823,0.7366235733032227,0.42118396759033205,0.7509145736694336,0.4329546928405762,0.7054739952087402,0.5332426389058431,0.7397108554840088,0.6254739125569662,0.6898740768432617,0.648754628499349,0.7362857818603515,0.6143006006876628,0.7835953712463379,0.2493950049082438,0.7437690734863281,0.4270693302154541,174.51605495565235,175.55453159132313,19.331217422404123,174.02690945910703,102.63420389286827,0.33823216756184893,91.17177911150122,0.5262716213862102,109.83359361389628,0.4801559845606486,72.95757192217687,0.6198872566223145,97.6912730383462,0.5909986337025961
0.8169041633605957,0.24482215245564778,0.7427598476409912,0.42588647206624347,0.7453110218048096,0.4301344871520996,0.7060264110565185,0.5322803179423015,0.7389119625091553,0.6215649286905924,0.6901173114776611,0.648562494913737,0.6910595417022705,0.6484004338582356,0.7857639551162721,0.2505513350168864,0.7440354347229003,0.42801047960917155,174.31901520213336,175.77497291753735,132.79955088489046,174.0529370396438,103.23239033017046,0.33928090731302896,91.51629064459637,0.524787704149882,110.0280920186536,0.4801453987757365,150.71641228591074,0.634982681274414,97.79053112903657,0.5904214064280192
0.8173624992370605,0.24576918284098306,0.7475322723388672,0.4310473442077637,0.7397856712341309,0.42816406885782876,0.7369524002075195,0.6169289271036784,0.7388629913330078,0.6239199956258138,0.6902883052825928,0.648451550801595,0.6915997505187989,0.6449666341145833,0.7877793312072754,0.25207079251607256,0.743658971786499,0.4296057065327962,173.91969910465318,174.11982719917268,127.59315677523658,137.74527984046028,103.95621840064939,0.3408382495244344,91.41386236481245,0.526762851079305,92.05043556060306,0.5232673168182373,155.99626897566935,0.6344433148701986,145.96010739563732,0.6326902389526368
0.8186049461364746,0.24442283312479654,0.7429028511047363,0.426659361521403,0.7449234962463379,0.4302811622619629,0.7040292739868164,0.5438400268554687,0.7398272514343261,0.6270058314005534,0.6900556564331055,0.6484013239542643,0.6910991191864013,0.6479241053263346,0.7889321327209473,0.25200758775075277,0.7439131736755371,0.4284702618916829,173.7187371296213,177.15078536685914,126.76469540128589,173.8519204668447,104.31194689562602,0.34023892482121787,91.17899808595224,0.5277380466461181,109.07052139934704,0.4861551443735758,156.7668604003783,0.637464968363444,97.61193112980712,0.5961206754048665
0.8184581756591797,0.24462192853291828,0.738850450515747,0.42502902348836263,0.7459234237670899,0.43146572113037107,0.704128360748291,0.5426150639851888,0.7397057056427002,0.6249934514363606,0.6900872707366943,0.6484937032063802,0.7371937751770019,0.6163875579833984,0.7853827714920044,0.24948493639628094,0.7423869371414185,0.4282473723093668,173.84535340129014,176.99689237374284,17.85284042186915,174.19615572752616,103.52386876263503,0.33886615435282386,90.78077154198301,0.5266204118728637,108.49625235941735,0.4854312181472778,73.72827171034307,0.6206905047098795,97.55419796245073,0.5955543835957845
0.8185279846191407,0.24532229105631512,0.7323338985443115,0.42199249267578126,0.7544261455535889,0.43645054499308267,0.7050987243652344,0.5322810173034668,0.739335298538208,0.624409294128418,0.690325117111206,0.6478045781453451,0.7370823383331299,0.6166534423828125,0.7844817638397217,0.24945118427276614,0.7433800220489502,0.42922151883443194,174.3215331108566,175.3006217451241,18.122204786824955,173.64454925580043,102.87844830340244,0.33933635155359904,91.18712569649549,0.526815406481425,110.37743936810126,0.48075126806894936,73.80220059801363,0.6205313682556153,97.28765323380388,0.5900427977244059
0.818108081817627,0.24869116147359213,0.7360200881958008,0.42305151621500653,0.7512001514434814,0.4344853719075521,0.7049072265625,0.5352032979329427,0.7402082443237304,0.6253906885782877,0.6901449680328369,0.6485064188639323,0.7373079299926758,0.6164956410725911,0.7850672245025635,0.24969814618428549,0.7436101198196411,0.42876844406127934,174.18213300414652,175.70013141566133,19.981802125063744,173.74815674743456,103.03507120141238,0.33923329512278244,90.99120861722615,0.5270795663197836,109.98277847646493,0.48198587099711104,71.94095241272889,0.6209431648254394,97.42324862433867,0.5918548583984375
0.818539047241211,0.24553039868672688,0.7325754642486573,0.4226170857747396,0.752073097229004,0.435622501373291,0.7051002979278564,0.5326129913330078,0.7396807193756103,0.626227060953776,0.6901500225067139,0.6482537587483724,0.7371820926666259,0.6164561589558919,0.7848374366760253,0.24979894955952964,0.7423242807388306,0.4291197935740153,173.92781863473047,175.9629474246985,15.91665820685306,173.97408134965045,103.33736745833153,0.33945937156677247,90.76839291797599,0.5276734272638957,109.78242273545847,0.48086639245351154,75.65565644788416,0.6213416099548339,97.36645652752107,0.59043337504069
0.818563175201416,0.2459362506866455,0.7327836036682129,0.42325143814086913,0.7515259265899659,0.4357447624206543,0.7051244258880616,0.5323198636372884,0.7397190570831299,0.6265458424886068,0.6900570869445801,0.6476445515950521,0.7371668338775634,0.616228993733724,0.7839789867401123,0.24956057071685794,0.7421547651290894,0.42949810028076174,174.01204443768864,175.77643811327977,15.425200887520111,174.01183958557772,103.08533301232613,0.3395293354988098,90.70819732550478,0.5280219713846843,109.80603109889365,0.4809089819590251,76.10491264088307,0.6213874181111654,97.44361469381948,0.5899822076161703
0.8185685157775879,0.24439889589945477,0.732426643371582,0.42256027857462564,0.7520007133483887,0.435565185546875,0.7051676750183106,0.531836986541748,0.7396893501281738,0.6262392044067383,0.6900829792022705,0.6478748321533203,0.7372347354888916,0.6165760676066081,0.7836012363433837,0.24908743699391683,0.7422136783599853,0.4290627320607503,174.09241965432975,175.6815925565641,15.773719519792877,174.0062324291963,102.95072058680758,0.3390750845273336,90.73348230139659,0.5276509682337442,109.8222029530733,0.48044985930124917,75.74726776482028,0.6214076360066731,97.40680330747726,0.5898559093475342
0.818546199798584,0.24408164024353027,0.7357366561889649,0.42437798182169595,0.7510468006134033,0.435479736328125,0.705198335647583,0.5322694460550944,0.7401263236999511,0.6265251795450847,0.6900493144989014,0.6455942789713541,0.7374936103820801,0.6164697011311849,0.7849617242813111,0.24920377731323243,0.7433917284011842,0.42992885907491046,174.1751528040735,175.271471207025,16.48278010297035,173.7213932085586,102.95373619599314,0.33956631819407146,90.95157785713721,0.5282270193099976,110.46551813452115,0.48109915256500246,75.32821591780915,0.6214974403381348,97.6140376140568,0.5889318625132243
0.8145274162292481,0.2427270253499349,0.7346653461456298,0.41757084528605143,0.750979232788086,0.4295303026835124,0.7092223644256592,0.5280113220214844,0.739954662322998,0.620707893371582,0.6905832767486573,0.6471902847290039,0.7380563735961914,0.6395891189575196,0.7862683773040772,0.2510429302851359,0.7428222894668579,0.4235505739847819,173.69217028093243,177.71485171624073,175.52263223072822,175.74108462735938,104.13597382040192,0.3372967521349589,90.83330077864987,0.522129233678182,107.83044942073231,0.47578094800313314,95.74113567926156,0.6301485061645509,98.88881288383666,0.5876008033752441
0.8145169258117676,0.2425330638885498,0.7349924564361572,0.42234986623128257,0.7508978843688965,0.4294873873392741,0.7092343807220459,0.5279956181844075,0.7399500846862793,0.6207550684611003,0.6905852794647217,0.6471869786580403,0.7380548000335694,0.6395769755045573,0.7863428115844726,0.25111271540323893,0.7429451704025268,0.42591862678527836,173.72707868854243,177.28611890015452,175.56114418591488,175.57929355716752,103.94247538854003,0.3385156710942586,90.88069898011959,0.5233368476231893,108.2757370379172,0.47695712248484295,95.75005506342637,0.6301660219828288,98.89260167533395,0.5875912984212239
0.8089564323425293,0.23493528366088867,0.7311693668365479,0.4163224220275879,0.7543684482574463,0.43146340052286786,0.7092924594879151,0.5293182373046875,0.7406810283660888,0.6167519251505534,0.6917645931243896,0.6400871912638346,0.7363502025604248,0.6348132451375326,0.7844087839126587,0.24722268581390383,0.7427689075469971,0.4238929112752279,173.87161890886205,177.29414445731385,168.25901945692092,175.71738497768428,103.26215519797184,0.33555779854456586,90.62025616368328,0.5203224182128907,107.61657220365227,0.4766055742899577,103.48406160597592,0.6257825851440431,98.99181908363846,0.5847027142842611
0.8091726303100586,0.2413535435994466,0.7311885356903076,0.41620365778605145,0.75454740524292,0.4313405672709147,0.7092830657958984,0.5292831103006999,0.7406854629516602,0.6167910257975261,0.6920931816101075,0.6405697504679362,0.7363537788391114,0.6347935994466146,0.7832339763641358,0.24727408091227215,0.7428679704666138,0.42377211252848307,174.0793585325024,177.03712538945248,168.23911694675218,175.59949150296256,102.88228171864824,0.3355230967203776,90.64782843488825,0.5202815691630046,107.65664464280447,0.47652761141459143,103.52903094533318,0.6257923126220704,98.78079312571374,0.584926430384318
0.8078533172607422,0.23190895716349283,0.7407196044921875,0.42600536346435547,0.7494172573089599,0.4295671780904134,0.7086832523345947,0.5301542282104492,0.7397858142852783,0.6202729543050131,0.6920474529266357,0.6415819803873698,0.7370379447937012,0.6386327743530273,0.7863698720932006,0.2500550587972005,0.7450684309005737,0.4277862707773844,174.40026902147957,175.93456093073604,173.66902688452402,174.56310245647876,103.08228990767121,0.33892066478729244,91.57203437256932,0.5240296125411987,109.56700522705768,0.4789702494939168,98.5121364993369,0.6294528643290203,98.49135401059617,0.5858681042989096
0.809865665435791,0.2490808645884196,0.74140305519104,0.425298531850179,0.7490510463714599,0.4332302411397298,0.7091012001037598,0.5302469889322917,0.7396885395050049,0.6201272964477539,0.6923282623291016,0.640664545694987,0.7370580673217774,0.6383688608805339,0.7857616901397705,0.24982720216115317,0.74522705078125,0.4292643864949544,174.5698012727,175.6054647101681,174.0316007278899,174.5887834921081,102.72938846051763,0.33954579432805376,91.66215790559912,0.5246958414713542,109.68432999410791,0.4797556877136231,98.20560812999406,0.6292480786641439,98.63746143423555,0.5854557673136394
0.8085822105407715,0.24489658673604328,0.7417739391326904,0.4250898996988932,0.7488044738769531,0.43265275955200194,0.7090270042419433,0.5308693250020345,0.7396941184997559,0.6190500895182292,0.6922452926635743,0.6414194107055664,0.7369225978851318,0.6396677017211914,0.7847158670425416,0.25012280146280924,0.7452892065048218,0.4288713296254476,174.72752195322136,175.5168808940756,174.61681910072298,174.61908846594721,102.43859554784268,0.3394970655441284,91.6851644535216,0.5239607095718384,109.57125489861164,0.4798703273137411,97.65608470834502,0.6293588956197103,98.63170752693762,0.5861443678538005
0.8076984405517578,0.24268744786580404,0.7442534923553467,0.42694304784139,0.7486184120178223,0.4330645243326823,0.708878755569458,0.5312957127888998,0.739446496963501,0.6151264190673829,0.6922815799713135,0.6418732325236003,0.7368949890136719,0.6403605779012044,0.785007619857788,0.24977412223815915,0.7464359521865844,0.43000378608703616,175.0538689866158,174.78810262508773,176.82319369791665,174.19814726376026,102.07987054696905,0.3398889541625977,92.1622216209838,0.5225651025772096,110.34386053604818,0.48064974943796795,95.77373946107474,0.6277434984842936,98.5361105348378,0.58658447265625
0.8087495803833008,0.24152506192525228,0.7426325798034668,0.4265379269917806,0.7459275722503662,0.43103481928507487,0.7087528228759765,0.5311595916748046,0.7395877361297607,0.6197769165039062,0.6922314167022705,0.6419534047444662,0.6932915687561035,0.6402963002522787,0.784948468208313,0.24655810197194417,0.7442800760269165,0.4287863731384277,174.47768716477086,175.8495026285092,127.45751310576077,174.76001931456855,102.5806979284522,0.33767223755518594,91.40738485463488,0.5242816448211669,109.13864554913374,0.4799729824066162,156.0961247744382,0.6300366083780924,98.48136386184552,0.5865564982096354
0.8080555915832519,0.2403010368347168,0.7422816276550293,0.42608655293782555,0.7483795642852783,0.4328174591064453,0.708710765838623,0.5316115061442057,0.7394327640533447,0.6151966094970703,0.6921365261077881,0.6432279586791992,0.7370174884796142,0.6414685567220052,0.7847617387771606,0.24954038461049396,0.7453305959701537,0.4294520060221354,174.7519839443163,175.36848813606065,176.99275635619864,174.47310741434904,102.36202405050872,0.3394961953163147,91.81866592090645,0.5223243077596029,109.7205945383852,0.48053175608317056,95.25264432613469,0.6283325831095378,98.44629113745926,0.5874197324117025
0.8078678131103516,0.245542573928833,0.731814193725586,0.416154416402181,0.7539052486419677,0.431680170694987,0.7094874382019043,0.5308716456095378,0.7400169372558594,0.6163535435994466,0.6929788589477539,0.641946283976237,0.7371145725250244,0.6442911783854167,0.781766414642334,0.24948279062906903,0.7428597211837769,0.423917293548584,174.35408033058258,177.0766903618591,175.56233666565467,175.56735271685633,102.57370741390376,0.33670004208882653,90.84634612376986,0.5201354185740152,107.32915449521175,0.4773944695790609,95.93102643356517,0.6303223609924317,98.4537580814046,0.5864089647928874
0.8057352066040039,0.24341333707173665,0.7408410549163819,0.4257435162862142,0.7497194290161133,0.43381818135579425,0.7078104972839355,0.5353891372680664,0.7396902561187744,0.6204936345418294,0.6920772552490234,0.6432177861531575,0.7374381065368653,0.6408383687337239,0.7820565700531006,0.24477383295694988,0.7452802419662476,0.4297808488210042,175.24539743660188,174.7966631495022,175.81103713149915,174.30466705346484,101.24289310167205,0.33727734088897704,91.67891691457599,0.5251372416814168,109.53464839017634,0.4825849930445353,96.3168882631416,0.6306660016377766,98.3014273293182,0.5893034617106119
0.807559871673584,0.24156916936238607,0.730592918395996,0.42108933130900067,0.7564714908599853,0.4390342394510905,0.7082114696502686,0.5239791552225749,0.740455436706543,0.6247014363606771,0.6900195121765137,0.6423331578572591,0.7402264595031738,0.6317818323771159,0.781111216545105,0.2521679401397705,0.7435322046279906,0.4300617853800456,174.6774033357506,174.40297092890495,179.08658971248994,174.58923250593293,101.9280288353437,0.34111486275990804,90.9056280900484,0.5273816108703613,110.61043169579764,0.47702047030131023,91.85227726587718,0.6282416343688966,98.73842969670704,0.583156156539917
0.8041604995727539,0.2328354040781657,0.7308861255645752,0.421675968170166,0.7568292617797852,0.4389227549235026,0.70795578956604,0.5245214780171712,0.7403220653533935,0.6234589258829752,0.690432357788086,0.6425402323404948,0.7401097297668457,0.6319791158040364,0.7808743238449096,0.25227567354838054,0.7438576936721801,0.4302993615468343,174.81372401145472,174.13562438741332,179.63704818909295,174.31660303760515,101.74618995609438,0.34128751754760744,91.04863542154737,0.5268791437149047,110.8585810884844,0.4774104197820027,91.42759907126052,0.6277190208435058,98.44557687787427,0.583530855178833
0.8013202667236328,0.2296427090962728,0.7343528270721436,0.42264798482259114,0.7541666030883789,0.4356245994567871,0.7068911075592041,0.5294819513956706,0.7402080059051513,0.6285483042399088,0.6902186393737793,0.6484785715738932,0.739173173904419,0.6182061513264974,0.7799153089523315,0.2517995436986288,0.7442597150802612,0.4291362921396891,175.14753442524778,174.3086187743407,7.255030923528222,174.13497094896388,101.36840115841423,0.340467917919159,91.16399155312126,0.528842298189799,110.42527256945944,0.4793091217676798,84.28602412497436,0.623377227783203,97.97572166650417,0.5889802614847819
0.800148868560791,0.22697350184122722,0.7346347332000732,0.4228984832763672,0.7557824134826661,0.43693710962931315,0.7082638740539551,0.5233799934387207,0.7402280807495117,0.628859265645345,0.6897252559661865,0.6476444880167643,0.7393814563751221,0.6177836100260417,0.7805384159088135,0.252947998046875,0.7452085733413696,0.4299177964528402,175.3134520396247,173.39452464320573,6.147794275944189,174.18877867359393,101.28997092021334,0.3414328972498576,91.43409824164773,0.5293885310490926,111.56840624287852,0.47664889494578044,85.62880464054405,0.6233214378356933,98.48519062747143,0.5855122407277424
0.8073098182678222,0.24045581817626954,0.7338313579559326,0.4223641395568848,0.7563713073730469,0.4373775482177734,0.7089938163757324,0.5195953369140625,0.7400248050689697,0.6256776809692383,0.6898000240325928,0.6466075261433919,0.7391044139862061,0.6176094690958659,0.7785277605056762,0.2523166338602702,0.7451013326644897,0.4298708438873291,175.59730017415265,172.66138262331702,8.337524912334276,174.2795311691959,100.66173791150597,0.3410937388737997,91.48512925635437,0.5277742624282837,111.92116244368293,0.4747330904006958,83.4920471218735,0.6216435750325521,98.593386702085,0.5831014315287272
0.799275255203247,0.22948443094889323,0.7338475704193115,0.4234130859375,0.7551530361175537,0.4375014623006185,0.708325719833374,0.5233612696329752,0.7395317554473877,0.6271779378255208,0.6892678737640381,0.649561055501302,0.7384203433990478,0.608569590250651,0.7784460544586181,0.25361416339874265,0.7445003032684325,0.4304572741190592,175.49972798272333,173.29670500130078,5.373080861220959,174.43900002702753,100.86598614054984,0.34203571875890093,91.44680434469485,0.52881760597229,111.27474308652693,0.4769092718760172,86.58198230709792,0.6178737640380859,98.58753738586175,0.5864611625671386
0.7964095592498779,0.22534182866414387,0.735140609741211,0.4220406214396159,0.7571589469909668,0.43503398895263673,0.707390022277832,0.5220033963521321,0.7397251129150391,0.6205832163492838,0.6904135704040527,0.6516061147054036,0.7378427505493164,0.6090009053548177,0.7793512105941772,0.2555392742156982,0.7461497783660889,0.4285373051961263,175.72075737049644,172.58930207492833,11.866583469145368,173.4338441741909,100.8639928162755,0.34203828970591227,91.91604696090275,0.5245602607727051,112.52345461501092,0.4752703507741292,80.7689723458824,0.6147920608520507,97.46259469809613,0.5868047555287679
0.7986642837524414,0.2308021386464437,0.727109146118164,0.41486129760742185,0.7555140972137451,0.43046439488728844,0.7050328254699707,0.533414077758789,0.7409261703491211,0.610054079691569,0.6910180568695068,0.646229871114095,0.739173412322998,0.633314577738444,0.7775095462799072,0.25722194512685137,0.7413116216659545,0.4226628462473552,174.1982968209173,176.5664507843283,176.27226895337168,174.40322023013127,102.34164124021817,0.33994239568710327,90.11785344548849,0.5163584629694621,108.13725070017495,0.4780384620030721,94.30928887660934,0.6216843287150065,97.081404469398,0.589821974436442
0.7937010288238525,0.22907163302103678,0.732921838760376,0.41478172938028973,0.7549138069152832,0.42702051798502605,0.7031784057617188,0.5350415547688802,0.7403634548187256,0.6172993342081706,0.6900533676147461,0.6459865570068359,0.7397341728210449,0.6336482365926107,0.7765043497085571,0.25953988234202063,0.7439178228378296,0.42090112368265786,175.26835628269032,175.26132067381715,178.92229931082804,173.28869015493248,101.41719344832006,0.34022050301233925,91.03681218053978,0.5191002289454143,109.64268343539271,0.477971339225769,92.20427107652407,0.6254737854003907,96.74685851881969,0.5905140558878581
0.7946564674377441,0.2482771078745524,0.7406302452087402,0.42286195755004885,0.7449178695678711,0.4233507792154948,0.7037035465240479,0.5435397466023763,0.7400753974914551,0.6124555587768554,0.6874281883239746,0.64940980275472,0.739754581451416,0.6457809448242188,0.7759664535522461,0.2625934918721517,0.7427740573883057,0.4231063683827718,174.95926853723094,176.45062874602468,179.77467123065173,174.9968580939486,101.68349361415315,0.3428499301274618,90.81654087906875,0.5177809635798136,107.97389061543214,0.48332305749257404,90.55155662018822,0.6291182518005372,98.73963682699399,0.5964747746785481
0.7864405632019043,0.23275616963704426,0.7524168968200684,0.43367026646931967,0.723749828338623,0.4062800089518229,0.7381777763366699,0.6134642918904623,0.7063190937042236,0.5683509826660156,0.6890606880187988,0.6435365676879883,0.6892351150512696,0.6447022755940756,0.7724839448928833,0.25354658762613935,0.7380833625793457,0.41997513771057127,179.78605233356163,174.52724696328528,179.6509741611602,133.8454336200315,101.67850374899673,0.3367608626683553,102.08347568040426,0.4941630601882934,89.97204231205492,0.5167197148005167,102.61246590688765,0.6065266291300455,148.52266084272426,0.6285004297892253
0.7757160186767578,0.210526180267334,0.7384255409240723,0.4255736033121745,0.7404632091522216,0.420531177520752,0.7069839477539063,0.5350855509440104,0.7400834560394287,0.6151833216349284,0.6894847869873046,0.6329833984375,0.6884919166564941,0.6327908833821615,0.7691290855407715,0.2601761341094971,0.739444375038147,0.42305239041646325,175.13206735033907,176.5796137352521,122.49868378676824,176.7482389308899,100.32896887102007,0.3416142622629802,89.80941897868627,0.5191178560256958,106.15838818389989,0.47906897068023685,161.15585422642098,0.6239871025085449,100.13454149191486,0.5840344746907552
0.7710655689239502,0.21550483703613282,0.7199587821960449,0.39997291564941406,0.7521172046661377,0.41841554641723633,0.7037083625793457,0.57600523630778,0.7425822257995606,0.6083436330159505,0.6924717903137207,0.6233984629313151,0.7385727405548096,0.6170958836873373,0.7644664525985718,0.26321935653686523,0.7360379934310913,0.4091942310333252,174.4896347199444,179.9758012958192,154.68853738289513,178.15826017040706,101.0203532941664,0.3362067937850952,88.11788529602843,0.5087689320246378,100.96850667705085,0.4925997336705526,114.61294427856011,0.6127197583516439,103.33810781522872,0.5997018496195475
0.7645959377288818,0.21505587895711262,0.7183295249938965,0.4099933942159017,0.7455615997314453,0.4192038536071777,0.707039213180542,0.6252431233723958,0.7410308361053467,0.61730531056722,0.7101747512817382,0.6137975056966146,0.7385063648223877,0.6174559275309245,0.7601211547851563,0.2658200263977051,0.7319455623626709,0.4145986239115397,174.32486478331455,178.3421897027802,91.56196573150875,9.083151751317146,100.72364095015924,0.3402093251546224,87.4337319213128,0.5159519672393799,96.74327494084697,0.5199208736419678,176.58562225090822,0.6173806190490723,105.320357314249,0.6195203145345052
0.7614669799804688,0.19592652320861817,0.7138930797576905,0.4080364227294922,0.7510376453399659,0.423040771484375,0.7088000297546386,0.6099936167399088,0.7409677505493164,0.6313143412272135,0.7078885078430176,0.613347053527832,0.7391677856445312,0.6321156819661459,0.7550711393356323,0.2686930815378825,0.7324653625488282,0.41553859710693364,175.51621907942433,179.21813613155598,112.22596177982315,171.87588449611414,98.75155897211495,0.3421158393224081,87.74349495080656,0.5234264691670736,96.93881970881412,0.5127661069234213,156.0014682745224,0.6317150115966796,105.20657590285157,0.6116703351338704
0.7555718421936035,0.19173917770385743,0.7132045745849609,0.4126784642537435,0.7511355400085449,0.428666623433431,0.7125019073486328,0.6058616638183594,0.7416714668273926,0.6035916646321614,0.720064926147461,0.6382456461588542,0.7403357982635498,0.6340209325154622,0.7498118638992309,0.2703068415323893,0.7321700572967529,0.4206725438435872,175.62738792469895,179.717823776711,175.29477976227483,163.67015534908623,96.69169202748641,0.34548969268798824,87.02654458621932,0.5121321042378744,96.06241557182815,0.5132671038309733,92.51333944647554,0.6188062985738119,76.85464183276058,0.6220536549886068
0.7470775604248047,0.20274200439453124,0.7099975109100342,0.4224572499593099,0.7481180191040039,0.4288108189900716,0.712650203704834,0.6015764236450195,0.7421295642852783,0.5997444152832031,0.7194089889526367,0.6237648646036784,0.7425039291381836,0.6314043045043946,0.7436072587966919,0.2686789592107137,0.729057765007019,0.4256340344746907,175.45068700452825,179.98508674922016,176.93876012606768,160.2707790904942,95.29609534902441,0.3471564968427022,85.70642222280539,0.512689224878947,95.32772680832713,0.5136052290598552,89.32253311728692,0.6155743598937988,73.05882440956056,0.612670644124349
0.7405416011810303,0.2183583418528239,0.7124017715454102,0.4188283284505208,0.7464048385620117,0.42846835454305016,0.7275943279266357,0.5241768836975098,0.7425347328186035,0.568136469523112,0.7274295330047608,0.6385773340861003,0.7103691577911377,0.6401273727416992,0.7384929656982422,0.2643139123916626,0.729403305053711,0.4236483414967855,175.5692516160356,178.6293327162437,160.94975142643383,179.5563816089107,93.26505279513839,0.343981126944224,84.80708786941591,0.49589240550994873,91.03090691767956,0.4739126125971477,114.07511796340162,0.6041319211324057,90.08253505074143,0.581377108891805
0.7365030288696289,0.2167397658030192,0.7396800518035889,0.4231630643208822,0.707702350616455,0.4140761057535807,0.7427094459533692,0.5797373453776041,0.7047553062438965,0.6070810953776041,0.7369168758392334,0.6523415247599283,0.7055252075195313,0.6587339401245117,0.7350581169128418,0.25372938315073645,0.723691201210022,0.41861958503723146,179.1639852805653,174.61246269564637,174.81954826498486,172.19968540313715,93.94351849259827,0.336174484093984,95.7376055378451,0.5128503402074178,83.26799125159873,0.4991784652074178,89.14605231093668,0.6329075177510579,94.56155977016599,0.6160394350687662
0.7282394886016845,0.20790772438049315,0.7318540096282959,0.4170647303263346,0.7241747856140137,0.41294469833374026,0.7423327445983887,0.6078805923461914,0.7037439346313477,0.6386313756306966,0.7328161239624024,0.6455294926961263,0.7109684944152832,0.6420803070068359,0.7256869316101073,0.2609480539957682,0.7280143976211548,0.41500471433003744,177.13095200771602,178.5013175556666,111.22635933600782,164.6210535849458,89.13444939935884,0.3379763841629028,96.19413359468196,0.526818044980367,85.7543743391263,0.5114426533381145,25.51933493085839,0.6403558413187662,104.18567392842047,0.6267050425211589
0.7264233589172363,0.21918304761250815,0.740215539932251,0.4260778745015462,0.702369499206543,0.42531576156616213,0.7433155536651611,0.5818106969197591,0.7020158290863037,0.5765997568766276,0.7426513195037842,0.6308673858642578,0.704840612411499,0.6437621434529622,0.72180335521698,0.2588421026865641,0.721292519569397,0.4256968180338542,176.28367393086435,175.78096457651182,173.27711750936786,173.28102029923764,90.17541389300413,0.3422694603602091,97.27966947381034,0.5011482874552409,81.97025277954694,0.5037537574768066,87.59161581850917,0.6101809501647949,90.77574515016059,0.6063390413920084
0.7212560176849365,0.19145379066467286,0.7327394008636474,0.4321520169576009,0.7039315700531006,0.43257052103678384,0.7431615352630615,0.5484804153442383,0.7064186573028565,0.5652624130249023,0.738442850112915,0.6452843983968098,0.7070202827453613,0.641831906636556,0.7213835716247559,0.2618927876154582,0.718335485458374,0.4323612689971924,177.70022344228744,172.277547156869,176.45781897335507,171.8146209382734,91.02437625419036,0.3471270283063253,95.12382979478689,0.49881184101104736,77.93195871645025,0.49042084217071535,89.54982215839748,0.6035471598307292,92.79065912360073,0.5968824068705241
0.7200685977935791,0.19502549171447753,0.7317455291748047,0.438504695892334,0.6986291885375977,0.44082711537679037,0.7419312477111817,0.6170010884602865,0.705251932144165,0.6202759424845378,0.7371220111846923,0.6620076497395834,0.7076064586639405,0.6600617090861003,0.7195080518722534,0.25624105930328367,0.7151873588562012,0.4396659056345622,179.093948577003,174.9805294868269,174.64316683147948,168.2665640693551,91.34939026665896,0.34795348246892294,93.14868902095168,0.52997092405955,81.42386094696522,0.5283334970474243,86.6131789675612,0.6401688257853191,96.09927330505252,0.6395043690999349
0.718973970413208,0.20129003524780273,0.735197925567627,0.4221184730529785,0.6973522663116455,0.4271081288655599,0.7425979614257813,0.5647451400756835,0.7025988578796387,0.5635972340901693,0.7415823459625244,0.6357294082641601,0.7042341232299805,0.6269203821818033,0.7154226541519165,0.2603501160939534,0.7162750959396362,0.4246133009592692,176.80159400626542,174.46296779910398,175.1145860333819,172.34465554967733,89.70266692248124,0.3424817085266113,95.61990267387682,0.4941052675247192,79.36132912834499,0.49467922051747637,88.52071499250552,0.5952588081359863,90.8197099293084,0.6002372741699218
0.7151864051818848,0.18216729164123535,0.6917394161224365,0.444590695699056,0.7254525661468506,0.44457782109578453,0.7066466331481933,0.5119948705037435,0.7363503456115723,0.5101008733113607,0.7210145950317383,0.5403111139933269,0.7346458911895752,0.5564684549967448,0.7113927602767944,0.26321136156717934,0.7085959911346436,0.4445842583974203,162.81367120023594,179.4365194219236,164.78815503982068,160.48795479715696,90.88343061209643,0.3538978099822998,67.04135991213573,0.4773425658543905,91.65639896451664,0.4782895644505819,92.10522286037111,0.5332846641540527,63.09628013860393,0.5261529922485352
0.7156439781188965,0.2008607546488444,0.7278373718261719,0.4154812812805176,0.6930476188659668,0.40817302068074546,0.742970609664917,0.553391965230306,0.7004442691802979,0.5120017369588216,0.7410074234008789,0.603970464070638,0.7013284206390381,0.6020287195841472,0.7115162134170532,0.25400485992431643,0.7104424953460693,0.4118271509806315,176.75764071358716,173.0570993587914,176.69391900261368,168.73868531760365,90.3897964243045,0.33291600545247396,95.69970167603095,0.46191444396972653,77.0594572093703,0.48260955810546874,89.43731849083115,0.5570152282714844,92.22279927626434,0.5786812146504721
0.7157727718353272,0.24546922047932943,0.7293694496154786,0.40105133056640624,0.6931224822998047,0.39654458363850914,0.7410380363464355,0.5236708958943684,0.7007216930389404,0.4913285255432129,0.742228651046753,0.6123342514038086,0.701565170288086,0.606050682067871,0.7134021759033202,0.25370344320933025,0.7112459659576416,0.3987979571024577,176.56575870052103,172.42612969326998,176.90440129332063,172.51372673775415,90.85139426125555,0.32625070015589397,96.48884174964174,0.44506324132283526,76.5812704477807,0.46123442649841306,89.57874906498803,0.548689603805542,89.23065062222264,0.5680025736490886
0.7135079383850098,0.19981988271077475,0.7159799575805664,0.4270694096883138,0.7098947048187256,0.4278863271077474,0.7302338123321533,0.5068352699279786,0.71881103515625,0.488900629679362,0.7302144050598145,0.6007311503092448,0.716248893737793,0.6017211278279623,0.7129216670989991,0.258005968729655,0.7129373311996461,0.4274778683980306,175.99867038489452,171.68419948115815,177.61024458301569,174.29336483792733,89.99470421434974,0.3427419185638428,84.5375591448711,0.4581892490386963,77.70429437746883,0.4671565691630046,91.300957389726,0.5453108787536621,90.01184242350706,0.5537832101186118
0.7159838676452637,0.2065092881520589,0.7247518539428711,0.41685237884521487,0.6924275398254395,0.411916987101237,0.7372543811798096,0.5198814074198405,0.70370512008667,0.5187812805175781,0.7327757358551026,0.5930426915486654,0.7068163394927979,0.5827221552530925,0.7121614933013916,0.2635642925898234,0.7085896968841553,0.41438468297322595,179.21890810275073,170.39037517984576,176.61075086095624,168.78733519205574,91.35665086568146,0.33897448778152467,92.6788390074707,0.466582981745402,74.79905995763748,0.4671330451965332,87.2143130645817,0.5507517178853353,93.50305027378472,0.5564620494842529
0.7149078845977783,0.21307915051778156,0.7214958190917968,0.39083662033081057,0.6890297412872315,0.39051764806111655,0.731656265258789,0.4579441706339518,0.700339412689209,0.4416577974955241,0.7306473255157471,0.5813371022542317,0.702900743484497,0.5844045639038086,0.7117641925811767,0.2412509600321452,0.7052627801895142,0.39067713419596356,177.74664993316674,163.82146397184246,178.27349325720056,171.94774121583174,92.49132191007837,0.31596404711405435,95.51613260126176,0.4161674658457438,68.57650767263661,0.4243106524149577,88.9720418768513,0.5130311806996664,90.46847659791716,0.5196406364440918
0.7139110565185547,0.2396357218424479,0.7249139308929443,0.3976355234781901,0.694922399520874,0.40150667826334635,0.7294406890869141,0.48252423604329425,0.7054623603820801,0.48493817647298176,0.7312548637390137,0.6074259440104167,0.710391616821289,0.5964123407999674,0.711691164970398,0.26517058213551836,0.7099181652069091,0.3995711008707682,178.6355928696241,171.42529727004006,177.60590755216478,174.97115961038187,90.75579701808377,0.3323708415031433,92.98788896708868,0.442254638671875,76.7567711881605,0.44104766845703125,87.46809737068934,0.5406752586364746,89.16784771207607,0.5449750900268555
0.7094377040863037,0.24113291104634602,0.7196792602539063,0.4048921267191569,0.6832324981689453,0.4154832204182943,0.7284832954406738,0.5107653299967448,0.7049490928649902,0.4940980593363444,0.7325448989868164,0.6204188664754232,0.7054639339447022,0.6124126434326171,0.7064361572265625,0.2665618896484375,0.7014558792114258,0.4101876735687256,177.2416849472492,170.11748543886986,179.11387749542584,173.7093421042517,91.98595697526532,0.3383747816085816,87.61613661728222,0.452142866452535,74.95870225992869,0.46047650178273525,89.7506813295249,0.5532553513844808,87.87871499623391,0.565592098236084
0.7067973136901855,0.22615251541137696,0.7213788509368897,0.41582164764404295,0.6963803768157959,0.4173728624979655,0.7236185550689698,0.5136580467224121,0.7031547546386718,0.5033424059549968,0.7272793769836425,0.6151755015055339,0.703816270828247,0.6067834854125976,0.7064126491546632,0.27409450213114417,0.7088796138763428,0.4165972550710042,177.0383545843088,175.47348498657522,178.10856284801818,176.77148047977735,89.00821179878672,0.3453458786010742,93.77583406535928,0.4599698305130005,81.36544788435289,0.46512765089670816,89.63359267656793,0.5550629456837972,87.9347512469506,0.564416774113973
0.7055175304412842,0.22339386940002443,0.7172929763793945,0.4296250343322754,0.6868412494659424,0.42754716873168946,0.723698091506958,0.5180890719095866,0.7076039791107178,0.4996683120727539,0.7266683101654052,0.6324602762858073,0.7137856006622314,0.6107613881429036,0.7029505968093872,0.2669104337692261,0.7020671129226684,0.4285861015319824,176.6913314499143,171.13529062923425,179.50436070970326,174.60710555586112,90.31309222240138,0.34774826765060424,85.54600543700802,0.4641272068023682,76.4133470623945,0.4733375867207845,86.81513937888168,0.5552148501078288,88.51236374755108,0.575274674097697
0.7171866416931152,0.20590988794962564,0.7117349624633789,0.4425320307413737,0.7028863430023193,0.4433636983235677,0.7186953544616699,0.5138063748677572,0.720316743850708,0.5065457979838054,0.7113314628601074,0.6169618606567383,0.7126781463623046,0.6126128514607747,0.7128314256668091,0.2655237118403117,0.7073106527328491,0.4429478645324707,170.22093607014293,172.22536116800808,174.06886377241307,174.59313634935242,91.7822543043409,0.35423578818639123,78.44209770149533,0.47474683125813805,80.87240354437955,0.47837711970011393,94.11914070393513,0.55957932472229,94.08320883131252,0.5653841177622477
0.7086420059204102,0.203113587697347,0.6912981510162354,0.4386834462483724,0.7141188621520996,0.4405429522196452,0.698640251159668,0.4797903378804525,0.72574782371521,0.48053741455078125,0.7011029720306396,0.5854145685831705,0.7243948936462402,0.6398864110310872,0.706426739692688,0.26868387063344323,0.7027085065841675,0.43961319923400877,155.832539775302,176.33040332054284,173.33341291170376,178.03343724651958,91.24616104588787,0.354148534933726,60.62156911235199,0.460075306892395,95.78194685147331,0.45970176855723066,90.48645000647468,0.5602119127909342,88.66434103173809,0.5326024532318115
0.7157292366027832,0.20207029978434246,0.6954476833343506,0.43900845845540365,0.709954833984375,0.44122117360432944,0.7053841114044189,0.5157925923665364,0.720807409286499,0.5049459139506022,0.7019472599029541,0.6267744700113932,0.7133244037628174,0.6236228942871094,0.706348466873169,0.254242746035258,0.7027012586593628,0.4401148160298666,167.69670952459637,177.7584044515711,173.0789616504203,178.45769045700882,91.12412168274362,0.3471787810325623,74.39591485785071,0.4725303649902344,87.96965767425267,0.4779537041982015,93.6079262463845,0.5642844041188557,91.77375062097003,0.5712835311889648
