0,1,2,3,4,5,6,7,8,9,10,11,12,13,14,15,16,17,18,19,20,21,22,23,24,25,26,27,28,29,30,31
0.5792581081390381,0.3780181566874186,0.7277483940124512,0.44258190790812174,0.7178610324859619,0.41470632553100584,0.6608345985412598,0.5694751739501953,0.6577761173248291,0.5350240071614584,0.7207736015319824,0.7028129577636719,0.7072874546051026,0.6503197352091471,0.6199605464935303,0.3440001487731934,0.7228047132492066,0.4286441167195638,137.36547494315107,145.97400895041858,152.7557441676353,155.3703173455266,39.45544945438857,0.3863221327463786,121.4368836210637,0.4818340619405111,113.7510111035785,0.49905964533487956,66.75990819609812,0.5926718711853027,65.79477112294256,0.6361440658569336
0.5638221740722656,0.35128587086995444,0.7273131370544433,0.43791923522949217,0.71697096824646,0.41454070409139,0.6641168594360352,0.5604533513387044,0.6604748725891113,0.5319212595621745,0.7158106327056885,0.7000024795532227,0.7058685779571533,0.6716285705566406,0.6120200395584107,0.3389739195505778,0.7221420526504516,0.4262299696604411,135.64077590052608,143.38441783610864,158.20599860931438,158.3488270485814,38.39182432290536,0.38260194460550945,120.26207017422142,0.47907561461130777,113.37898126934195,0.49334166049957273,71.99998207633213,0.6017749150594076,69.67364592371891,0.6302279154459636
0.5656350612640381,0.3575974146525065,0.7214267253875732,0.4360499064127604,0.7102841377258301,0.4181635538736979,0.6609797477722168,0.5476890563964844,0.6553281784057617,0.5254346847534179,0.7165628910064697,0.6970729827880859,0.694712495803833,0.6594562530517578,0.6094685554504395,0.3337751706441243,0.7158554315567016,0.4271067301432292,134.9284670044506,141.9909927832385,158.42437452565792,159.74079328547583,41.25997556506301,0.38044095039367676,121.61500048425196,0.47627070744832356,114.46975711996001,0.4873978932698568,73.62375642645661,0.5924454689025879,69.5906473043962,0.6223810195922852
0.5641484260559082,0.3158182462056478,0.7175778865814209,0.43311049143473307,0.7062053680419922,0.41508576075236003,0.6595293045043945,0.5450923283894856,0.6546242237091064,0.5214143435160319,0.7188855648040772,0.6969918568929037,0.688962745666504,0.6552023569742839,0.6022699117660522,0.311162010828654,0.7118916273117065,0.4240981260935466,135.54189847970693,142.8446912342693,159.93895543589755,160.1245303259204,45.85320331303938,0.3676300684611003,120.47541611646423,0.47275623480478923,113.4013784108523,0.4845952272415161,75.6049826574677,0.5883083502451578,68.65642991356891,0.6210420926411946
0.5597123622894287,0.3192041714986165,0.7135410308837891,0.42845290501912436,0.6995636463165283,0.4159055391947428,0.6521116256713867,0.5302162488301595,0.6488342761993409,0.5137555440266927,0.7213919639587403,0.6982391357421875,0.6872411727905273,0.6563201268513997,0.5983497142791748,0.29836851755777993,0.7065523386001586,0.4221792221069336,134.58646088878365,140.20082827450165,160.20757765225466,160.66931221080054,48.848622584195596,0.36027386983235676,122.22211452741232,0.4679673830668131,116.743896680186,0.47619773546854655,74.92247210334708,0.5850378354390462,67.59233393146054,0.6142276922861736
0.55052490234375,0.31689767837524413,0.7055684089660644,0.4252252260843913,0.6883157253265381,0.41929009755452473,0.6538226127624511,0.5296831766764323,0.6464820384979248,0.512348747253418,0.7225159645080567,0.7004159291585287,0.6821885108947754,0.6658594767252605,0.5920048952102661,0.295648988087972,0.6969420671463012,0.422257661819458,136.6353847656141,143.3338414137927,163.44003395381574,163.33590321893965,50.3470136857547,0.358953324953715,119.25319355027572,0.467303204536438,111.86999916769685,0.47597041924794514,76.90587523844574,0.5891041119893392,68.08289182574632,0.6150495529174804
0.5535415649414063,0.3264354387919108,0.7060893058776856,0.42492876052856443,0.6894906520843506,0.4186200777689616,0.6549608707427979,0.5295030911763509,0.6470325469970704,0.5112045605977377,0.7234670162200928,0.7005013783772787,0.6827922344207764,0.6704984664916992,0.595079493522644,0.29265309969584147,0.697789978981018,0.421774419148763,137.05036412998703,144.1305512657865,163.8968166529715,163.43111643447267,51.49925252248233,0.35721375942230227,119.57773407752036,0.46648948987325034,111.68101790019487,0.47563875516255694,77.34750137046069,0.5908515135447184,68.16773910871548,0.6150022347768147
0.5519623279571533,0.2984391530354818,0.6921091079711914,0.42449773152669273,0.6747320652008056,0.41796814600626625,0.6550184726715088,0.5361843744913737,0.6449440956115723,0.5242314338684082,0.7224376201629639,0.6964874903361002,0.6697751522064209,0.6712777455647786,0.5923080205917359,0.29007198810577395,0.6834205865859986,0.4212329387664795,146.8473561629468,151.8263535373352,167.29149545397325,165.25756269134794,55.21374888117255,0.3556524634361267,110.48385919041249,0.47273218631744385,103.87863253511651,0.4787086566289266,80.41513987344098,0.5977545897165935,67.18969690542033,0.616335932413737
0.551027250289917,0.2768667221069336,0.68077073097229,0.4248698870340983,0.6819196224212647,0.4160935401916504,0.6529478549957275,0.5507205327351888,0.6509781360626221,0.5395977020263671,0.6585302352905273,0.6803503036499023,0.6567527770996093,0.6726497650146485,0.5882879018783569,0.2795002937316895,0.6813451766967773,0.42048171361287434,152.14654856740427,154.29048902169043,171.94475384092658,172.51676687944138,56.57248885752824,0.3499910036722819,104.30214804735056,0.48003970781962074,102.30028005484611,0.4856011231740316,87.51484463707853,0.6061237335205079,87.53413642404617,0.6155354181925456
0.5484703063964844,0.2719824473063151,0.6680902004241943,0.4281291643778483,0.6783439159393311,0.4035709698994954,0.659212064743042,0.5796889623006185,0.6507847785949707,0.545055898030599,0.6570871829986572,0.6828516642252604,0.6532569885253906,0.6741929372151693,0.5842839002609252,0.26729151407877605,0.6732170581817627,0.4158500671386719,156.68665850650348,161.62667430500053,174.48525322859314,177.72287350336092,59.09355496755818,0.341570790608724,99.84932088722383,0.4804529825846354,94.88578202040766,0.4977695147196452,88.90325893010338,0.6096244176228841,91.17997629877654,0.6312703132629395
0.5474058628082276,0.26649635632832847,0.6608044147491455,0.4299294471740723,0.667963171005249,0.4143872896830241,0.6454438686370849,0.5694969177246094,0.6410418510437011,0.5381845474243164,0.7020479679107666,0.6850009282430013,0.6552483081817627,0.6785319646199545,0.5830527305603028,0.2639908711115519,0.6643837928771973,0.42215836842854815,156.68367143245445,161.13261573381143,172.1792230139274,162.04701094968223,62.78738988207779,0.34307461977005005,101.37482914355054,0.4801714579264323,97.32502813453121,0.4958276430765788,84.22000784734895,0.6083582560221354,63.89229235439838,0.6272489229838054
0.5420989513397216,0.26947234471639,0.6506166934967041,0.4459867795308431,0.6634739875793457,0.4231299082438151,0.6369198799133301,0.5636815388997396,0.6391194820404053,0.5525880813598633,0.6560483932495117,0.682310676574707,0.6557639598846435,0.6746569315592448,0.5747377634048462,0.266331426302592,0.657045340538025,0.43455834388732906,158.68872943914116,159.3294884794533,171.9296426717963,170.60955443140614,63.92910529868722,0.3504448850949605,98.6358459206931,0.49357321262359616,98.8589834269903,0.4991199413935343,82.23542125664324,0.613622506459554,80.84010953095208,0.6229961077372232
0.5420846939086914,0.26427189509073895,0.6503950119018554,0.43886289596557615,0.6627943038940429,0.42340656916300456,0.6397951602935791,0.5536724726359049,0.6429257392883301,0.5370941162109375,0.655287504196167,0.6910343805948893,0.6528189182281494,0.6749260584513347,0.5754621505737305,0.26452220280965166,0.6565946578979491,0.43113473256429036,158.74759966625695,159.65019249472928,175.0072126023316,173.27693220628504,64.03608452529143,0.347828467686971,97.35064547047972,0.48411442438761393,97.80638647491224,0.49240360260009763,85.89451510299557,0.606010087331136,83.56509634721031,0.6223534266153972
0.5356424808502197,0.2672281265258789,0.64290452003479,0.44141407012939454,0.6534815788269043,0.4263226826985677,0.6309812545776368,0.5655040105183919,0.632566261291504,0.5410123825073242,0.6756137371063232,0.7144599914550781,0.6528478622436523,0.6606692632039388,0.5675983428955078,0.2680184046427409,0.6481930494308472,0.4338683764139811,158.31559611196673,160.52293682788644,171.5556733009773,168.9014047956301,64.08258994774603,0.350943390528361,98.29799353642062,0.48744037946065266,97.44935220219527,0.49968619346618653,80.37991206519798,0.6008408228556315,73.31992371179886,0.639982000986735
0.5356234073638916,0.2763333320617676,0.6379687309265136,0.4554160435994466,0.6622873306274414,0.42637755076090494,0.6276197910308838,0.5680447260538737,0.6293978214263916,0.5237115859985352,0.6815600872039795,0.7278944651285807,0.6447015762329101,0.6667219797770182,0.5686958074569702,0.2682092269261678,0.6501280307769775,0.44089679718017577,152.5819871741391,158.84312891465578,172.51541703131642,167.60349242953993,64.75339884713098,0.3545530120531718,104.05350573978028,0.48230419158935545,100.038729506625,0.5044707616170248,83.89193810117716,0.5952167828877767,71.35335436355686,0.6479695955912272
0.5306466102600098,0.2747941017150879,0.626444959640503,0.4599508285522461,0.6564754009246826,0.421881898244222,0.6263227939605713,0.5638837178548177,0.6231123924255371,0.5121213277180989,0.6837552070617676,0.7313397725423177,0.6330448627471924,0.6582237879435221,0.5611346006393432,0.27499881585439045,0.6414601802825928,0.44091636339823403,150.902634247497,160.26607311273926,173.89315632025605,169.35543234700512,64.16700653549422,0.35795758962631224,104.44940471855067,0.4765188455581665,97.01785240987985,0.5024000406265259,86.11085030728108,0.5851725578308105,71.06956663666917,0.6476117451985677
0.5243340969085694,0.27740818659464517,0.623363447189331,0.47018820444742837,0.6549498081207276,0.4313381512959798,0.6259829521179199,0.5635220845540364,0.6193372249603272,0.5110130945841471,0.6831032276153565,0.7247419993082682,0.6171335220336914,0.6611309051513672,0.5614988565444947,0.27997336387634275,0.6391566276550293,0.45076317787170406,147.73666504081638,160.52413324393495,174.86458572603001,169.603447649309,65.54880641045945,0.3653682708740234,108.20878579250201,0.4808881362279256,96.66368381855781,0.5071426312128702,90.84103150669725,0.5860719998677572,70.49074493564028,0.6441320419311523
0.5164812564849853,0.29069817860921227,0.6199374675750733,0.49025278091430663,0.6358722686767578,0.46615692774454753,0.6293776988983154,0.6032070795694987,0.6176433563232422,0.5657878239949544,0.6808734893798828,0.7234253565470378,0.6106815338134766,0.6708099365234375,0.5569809198379516,0.2875792662302653,0.6279048681259156,0.47820485432942705,161.0168808693831,167.75636393304484,178.6825658825534,169.00086602690234,69.59183409138653,0.3828920602798462,96.68249765463828,0.5219963391621907,89.32494735731214,0.5407059669494629,93.7925376866821,0.618298880259196,66.81201120324036,0.6633162180582682
0.516673231124878,0.2914745012919108,0.620110559463501,0.4900824228922526,0.6359017848968506,0.46621907552083336,0.629179573059082,0.6024234135945638,0.6178643703460693,0.5609448115030925,0.6810644626617431,0.7236960093180339,0.6108391761779786,0.6704402923583984,0.5570591926574706,0.28777575492858887,0.6280061721801757,0.478150749206543,160.46740149563587,167.63121320074646,178.56938789971574,169.03018112879613,69.56110309828411,0.38296325206756593,96.9836164719996,0.5195477803548177,89.45902085141361,0.5402870814005534,93.67104671101703,0.6156925519307455,66.83697455758421,0.6630597114562988
0.5129506587982178,0.3066048304239909,0.627300214767456,0.4732504844665527,0.626788854598999,0.45866696039835614,0.6158653259277344,0.6076487223307292,0.6059514999389648,0.5665407180786133,0.6677541732788086,0.718251101175944,0.6102616310119628,0.6686784108479817,0.5536609649658204,0.2962052822113037,0.6270445346832275,0.4659587224324544,157.20871153005677,164.1937470447815,172.85094491846934,164.03266865725348,66.62141128336265,0.38108200232187905,101.84385573137409,0.5162497202555338,94.51123810596995,0.5368037223815918,87.58359641198763,0.6176095644632975,64.8664881225684,0.6629499117533366
0.5090427875518799,0.32537078857421875,0.6073742866516113,0.5019716580708822,0.6246222496032715,0.4679323514302572,0.6134209156036377,0.6220713297526042,0.6128861427307128,0.5590101877848307,0.6063812255859375,0.6924663543701172,0.6034116744995117,0.6902335484822592,0.5467608213424682,0.3065188884735107,0.6159982681274414,0.48495200475056965,162.91801069559918,166.99487707412234,179.37897909293162,176.94267208887734,68.79224045314182,0.3957354466120402,92.40630803594357,0.5219810962677002,91.07682877359777,0.553511667251587,94.12965109956842,0.6246218681335449,95.71074428119019,0.6572688420613606
0.5094753265380859,0.32911383310953773,0.5980913639068604,0.5118228276570638,0.6177762508392334,0.4837841033935547,0.6073408603668213,0.6270308176676432,0.6064075469970703,0.6063329060872396,0.6063464164733887,0.6994550069173177,0.6114011764526367,0.6812601089477539,0.5426990747451782,0.3083126703898112,0.6079338073730469,0.49780346552530924,167.12766754366532,168.2720068033784,177.2698537151954,179.664351303527,71.00329269855646,0.4030580679575602,90.8057031650396,0.5520681858062744,90.2628942089492,0.5624171415964763,86.1870803688751,0.6437965075174967,90.78666890570251,0.6632429122924804
0.5064451694488525,0.3133338610331217,0.5932711601257324,0.5443592071533203,0.6068272590637207,0.5324664751688639,0.5604257106781005,0.5673757553100586,0.596808385848999,0.5856471379597982,0.6041641235351562,0.6811072031656901,0.603896188735962,0.6897218068440755,0.5412135124206543,0.3280362923940023,0.6000492095947265,0.5384128411610921,163.89678684065905,121.57565522597537,177.5604102079053,160.61623800905093,74.37536692747642,0.43322456677754717,93.92500746919691,0.5620299895604451,143.83495256326123,0.5528942982355753,86.10399820434682,0.6376844724019368,68.96444267917163,0.6242414792378743
