0,1,2,3,4,5,6,7,8,9,10,11,12,13,14,15,16,17,18,19,20,21,22,23,24,25,26,27,28,29,30,31
0.3175785779953003,0.20111640294392905,0.31043233871459963,0.3994089126586914,0.3442968845367432,0.3869524319966634,0.3176900863647461,0.500267219543457,0.35711572170257566,0.46898775100708007,0.3238861322402954,0.5473325729370118,0.35564332008361815,0.5424643198649088,0.3260253071784973,0.25092551708221433,0.32736461162567143,0.3931806723276774,166.68637646819818,176.7523610254643,168.1255912118887,171.2075943725794,89.46058738592544,0.32205309470494586,68.57206770262535,0.43108421166737876,95.16226133319691,0.4467239459355672,91.14800010728923,0.5057260354359945,82.50026977776227,0.5237998962402344
0.30149362087249754,0.2131604035695394,0.3332443952560425,0.38217004140218097,0.3589599847793579,0.375538698832194,0.3177441120147705,0.453030268351237,0.35507779121398925,0.4494017601013184,0.32532007694244386,0.480622673034668,0.33200416564941404,0.47947378158569337,0.32556812763214116,0.2389223337173462,0.3461021900177002,0.3788543701171875,179.26970249464134,161.1705122290971,150.47766156010502,153.10512828440054,81.65182074435099,0.3088883519172668,82.74932894343709,0.41412806510925293,110.9222812794516,0.4159423192342122,127.49826338713972,0.4644377708435059,74.64681387836447,0.46682647069295247
0.30149216651916505,0.21142175992329915,0.33327631950378417,0.38205353418986004,0.36190855503082275,0.37503633499145506,0.3234283685684204,0.46763703028361003,0.35420799255371094,0.4508332888285319,0.32871017456054685,0.49410524368286135,0.33856589794158937,0.49164841969807943,0.32392405271530156,0.23789227803548177,0.3475924372673035,0.3785449345906575,177.13474281280543,164.94860567654055,163.59402045588655,159.43472932002965,80.44801780990373,0.30821860631306963,84.77107347281782,0.4146891117095947,105.17501223090613,0.4230909824371338,110.96895791847416,0.47124085426330564,78.71470704241533,0.4808711369832357
0.3033876657485962,0.2106951395670573,0.33259613513946534,0.3884480794270833,0.3588369846343994,0.3814480463663737,0.3237799406051636,0.47775405248006186,0.35591487884521483,0.45867443084716797,0.3271829843521118,0.49265778859456383,0.36043658256530764,0.5119808197021485,0.32599295377731324,0.23689507643381755,0.3457165598869324,0.3849480628967285,179.8082536265468,167.2274638944226,178.23878019557876,157.3746183516759,82.41174167082117,0.310921569665273,82.12444591505175,0.42181124687194826,103.29895512889806,0.4313510576883952,85.15150349971898,0.4853276252746582,77.1378759365684,0.4852059205373128
0.3043484687805176,0.22498512268066406,0.33657078742980956,0.3906305948893229,0.36487812995910646,0.38965787887573244,0.33240375518798826,0.46786686579386394,0.35946216583251955,0.4394990603129069,0.3437572240829468,0.5190189997355144,0.3538271188735962,0.5085845947265625,0.3303895711898803,0.23765962123870848,0.350724458694458,0.39014423688252764,178.15687239619052,166.2351200962244,173.83634651728977,164.39127132884198,82.40402557026817,0.3139019290606181,79.96046340518009,0.4148216485977173,103.26358682857916,0.4290055513381958,94.66307808752352,0.47404182751973467,77.48578651415488,0.49344293276468915
0.30447044372558596,0.23408110936482748,0.3373420715332031,0.3978354771931966,0.360248064994812,0.399726931254069,0.3322839498519897,0.46837876637776693,0.33516297340393064,0.456771183013916,0.3421532869338989,0.5107758839925131,0.3335797548294067,0.5124362309773763,0.3278305768966675,0.24078971544901528,0.3487950682640075,0.39878120422363283,164.82688370077682,165.5330471836551,174.00415155653894,163.50195487528356,82.44136203317821,0.31978545983632406,103.2287176022579,0.4277761936187744,103.34595461687664,0.43357998530069985,91.62916044117482,0.48460370699564614,76.89587367269232,0.48957732518513997
0.30189378261566163,0.2347113609313965,0.3381956100463867,0.4015871365865072,0.3577528476715088,0.40313180287679035,0.32438368797302247,0.4660069783528646,0.3175497531890869,0.4411505063374837,0.3345700740814209,0.5188775698343913,0.33478944301605223,0.5172760963439942,0.3268553614616394,0.24228359858194987,0.34797422885894774,0.40235946973164877,144.571396823507,160.29607084512432,160.69468826347529,162.53223936991097,82.48435142444171,0.3223215341567993,128.10769871837962,0.42175498803456624,110.33690143556409,0.4341832240422567,77.23981372350501,0.4792133013407389,79.09465523313311,0.49244227409362795
0.2965546131134033,0.23590181668599447,0.3431760549545288,0.41425399780273436,0.3605001926422119,0.41460494995117186,0.3254518508911133,0.4968256950378418,0.3225848913192749,0.4877578417460124,0.33339567184448243,0.5166370073954264,0.31671459674835206,0.5103605588277181,0.3283772230148315,0.2443064292271932,0.3518381237983703,0.4144294738769531,159.61418270505007,162.906767817905,174.44964985919634,147.92204003295475,82.14812331587734,0.32936795155207316,111.74877327070261,0.45109365781148275,107.75695967267987,0.4556275844573975,104.55899081796146,0.49905920028686523,68.15049849776229,0.506731351216634
0.29854774475097656,0.23944923082987468,0.3461477518081665,0.40711297988891604,0.36517181396484377,0.3983398119608561,0.32050607204437254,0.4534783681233724,0.3331059694290161,0.44941368103027346,0.33323757648468016,0.5209161440531412,0.3267080545425415,0.5018959363301595,0.3292255520820617,0.25042959849039714,0.3556597828865051,0.40272639592488607,153.0984300445952,147.7502474612075,170.67568996065873,158.56688993552842,80.15324444195689,0.3265779972076416,115.78437828614604,0.42607003847757974,124.70868223918589,0.4281023820241292,96.95041859621229,0.4756548086802165,79.30902020342029,0.4871972560882568
