0,1,2,3,4,5,6,7,8,9,10,11,12,13,14,15,16,17,18,19,20,21,22,23,24,25,26,27,28,29,30,31
0.3248281955718994,0.26145153045654296,0.3664391279220581,0.45050118764241537,0.3622138023376465,0.44497432708740237,0.3509116888046265,0.5717573165893555,0.34165129661560056,0.5614526112874348,0.3669102668762207,0.6108119328816731,0.35956361293792727,0.614630126953125,0.3458385705947876,0.27463040351867674,0.36432646512985234,0.44773775736490884,169.55931284230732,172.84834332009873,159.74972448521322,158.6314608939911,83.90390891928035,0.3611840804417928,101.2770801510353,0.5045951843261718,96.17348873381783,0.5097475369771322,71.38441444133231,0.5880413691202799,67.72372336686855,0.5912846247355144
0.3200305700302124,0.2693165143330892,0.36397476196289064,0.4449923833211263,0.35657458305358886,0.4459855079650879,0.35099637508392334,0.5281903266906738,0.3426140069961548,0.5482263565063477,0.3688330888748169,0.6129374186197917,0.36286604404449463,0.6156524022420248,0.3430287361145019,0.2752226829528809,0.36027467250823975,0.4454889456431071,170.33316700843673,171.79470341435402,164.15434718290987,171.04032004991785,84.2163475266233,0.360355814297994,99.75387288203058,0.49685765107472735,96.4012665950591,0.4868396361668904,73.2818732748004,0.5819393793741863,78.1144360157038,0.5705638726552327
0.3123448371887207,0.2678241729736328,0.3596163034439087,0.4495109558105469,0.34283630847930907,0.45229981740315756,0.35237257480621337,0.5544940948486328,0.32087254524230957,0.579639752705892,0.3610550403594971,0.6426931381225586,0.34595837593078616,0.6218942642211914,0.33641648292541504,0.2852200826009115,0.35122630596160886,0.4509053866068522,169.7549137260058,177.24283356835505,147.53842483642882,177.31154557845915,84.89217667967525,0.36806273460388184,103.26722110513909,0.515272569656372,89.3660150061708,0.5026997407277425,59.303070116237585,0.6007670084635417,84.37781929160661,0.5985936164855956
0.3073317050933838,0.2709156036376953,0.35710303783416747,0.44042158126831055,0.34869990348815916,0.43592061996459963,0.3461653709411621,0.5343053181966145,0.33142833709716796,0.5562793095906575,0.35479977130889895,0.6487248102823894,0.34439079761505126,0.6408055623372396,0.33523412942886355,0.28242185910542805,0.3529014706611633,0.4381711006164551,170.49185084407011,173.50688701232238,168.8763553521249,176.20103753778042,83.52834363543995,0.3602964798609416,100.3043363771366,0.4972252051035563,94.0081492978812,0.48623820940653484,81.28137185179233,0.5985424359639486,85.68448682611921,0.591515064239502
0.3022301435470581,0.2642762502034505,0.3493967056274414,0.5150760332743327,0.33741421699523927,0.4941385269165039,0.3378875494003296,0.6399712880452474,0.30005028247833254,0.5942522684733073,0.351354718208313,0.6260868708292643,0.3090916633605957,0.6173144022623698,0.3310157895088196,0.2911479155222575,0.3434054613113403,0.5046072800954183,160.02327541969913,176.53714442165716,141.6596904032968,47.869945485504346,86.67814835007421,0.3978775978088379,115.80989341240976,0.5494297742843628,92.33428464509836,0.5722892840703329,68.59261448365095,0.6057833353678386,134.12602075242296,0.6330290794372558
0.2975801467895508,0.2646892229715983,0.34700353145599366,0.3677206993103027,0.34349427223205564,0.3689160664876302,0.3356884241104126,0.5419495900472006,0.32301137447357176,0.5355614980061849,0.3583273410797119,0.6545816421508789,0.33490781784057616,0.6367490768432618,0.3187719464302063,0.2635117769241333,0.3452489018440247,0.36831838289896646,171.53329313477758,173.37163437453478,171.08843436187183,171.25088663028117,75.82219403700809,0.3159150799115499,97.57392272862646,0.4519399404525757,93.15163646412519,0.4551339864730835,83.29461878854316,0.5861552874247233,78.63504740418222,0.5982656160990397
0.29494390487670896,0.2645864963531494,0.34543447494506835,0.391619618733724,0.3351715087890625,0.38561671574910483,0.34337427616119387,0.5211634000142416,0.31167848110198976,0.5519182205200195,0.36575376987457275,0.6638003667195638,0.3213402509689331,0.6140652338663737,0.31812888383865356,0.26855475107828775,0.3403029918670654,0.3886181672414144,171.36179335879828,175.62027856281358,166.35524575514762,176.36716931376154,79.53614329654054,0.3285864591598511,99.942245712618,0.47026819388071694,88.67260300646628,0.454890783627828,81.16317537033346,0.5829917271931966,81.08308635097663,0.5924818833669027
0.2922131776809692,0.2597217559814453,0.33853869438171386,0.4484873135884603,0.32090651988983154,0.4374903996785482,0.36088488101959226,0.6523740768432618,0.2902703046798706,0.6048116683959961,0.3567717790603638,0.6537195841471354,0.29464714527130126,0.6289676666259766,0.31843118667602544,0.27744666735331214,0.3297226071357727,0.44298885663350424,171.2152565008367,177.9951347259471,159.04947688107893,100.79989630055847,86.09797216193374,0.36021776199340816,103.70138799867794,0.5239002625147502,81.5349480247948,0.547681466738383,79.72996272426437,0.6168896675109863,161.88567431346607,0.6530468304951986
0.28888421058654784,0.27081206639607747,0.3354418039321899,0.4316693941752116,0.316132640838623,0.43111871083577474,0.3456686019897461,0.5380894343058268,0.2857168197631836,0.5634583155314128,0.36026599407196047,0.6532167434692383,0.2913997173309326,0.613021723429362,0.3121778130531311,0.2776895523071289,0.32578722238540647,0.4313940525054932,168.41163091314957,176.7734327097119,162.73818640107527,178.39116159272743,84.94007319181073,0.35454180240631106,106.87863370246808,0.49742618401845295,79.44468749214532,0.48474174340566,83.4590794523799,0.5882400194803874,82.77382819929873,0.5956530888875325
0.28429369926452636,0.2753526051839193,0.3322966814041138,0.3999574025472005,0.31052777767181394,0.4049663543701172,0.3433159112930298,0.5325243949890137,0.28632822036743166,0.5478392283121745,0.36002020835876464,0.6543585459391276,0.29136579036712645,0.6027437845865885,0.3059040069580078,0.27608879407246906,0.3214122295379639,0.4024618784586589,170.55243651295012,178.74101880102216,166.22578185818688,179.09310576137094,83.00377026461695,0.33927533626556394,103.56779938810824,0.4751505533854167,80.44058214465089,0.4674931367238363,84.75770946384463,0.5752915064493815,82.19303233318637,0.5934414704640707
0.2791680097579956,0.28208916982014975,0.32649643421173097,0.4227706591288249,0.29891066551208495,0.42208820978800454,0.34330809116363525,0.5368836720784506,0.2724299907684326,0.5744348526000976,0.35929121971130373,0.6495094299316406,0.2863543272018433,0.6147145589192708,0.3038466811180115,0.2842843214670817,0.31270354986190796,0.42242943445841474,171.34029903866946,173.9086627924575,153.1274270809331,176.48320792728967,86.33162839008338,0.35335687796274823,104.8394528492388,0.4984321435292562,75.029606387533,0.47965655326843265,70.9301872484137,0.5945747057596842,81.92288353648637,0.5931965510050456
0.276484751701355,0.30484240849812827,0.3214437246322632,0.4324683507283529,0.2928513526916504,0.43796510696411134,0.34056155681610106,0.5462159474690755,0.27168450355529783,0.57035706837972,0.3592461109161377,0.6592163721720378,0.28329493999481203,0.5922300338745117,0.293760347366333,0.29172744750976565,0.30714753866195676,0.4352167288462321,169.82626510000577,173.6671006132112,143.40207839826687,176.2956136865029,84.6698764657698,0.36347208817799886,104.70382016525132,0.502786898612976,73.24666551025678,0.4907163381576538,62.04009308946951,0.5812935511271158,80.61112660187689,0.6027161598205566
0.27049908638000486,0.2816973368326823,0.3151630163192749,0.42702166239420575,0.28487136363983157,0.43385661443074547,0.3334390640258789,0.5348555882771809,0.27236032485961914,0.5787896474202474,0.3572074890136719,0.6556105931599935,0.27827632427215576,0.6604690551757812,0.2840542316436767,0.26993389924367267,0.30001718997955323,0.4304391384124756,171.60792448018688,172.81051788113112,170.45815924760484,176.88431942103378,84.32035744994573,0.35018651882807417,100.56037454762537,0.5046143929163616,72.25104277348969,0.4826473633448283,85.8573289037676,0.6196293512980143,78.86471616290396,0.5952330907185872
0.26510322093963623,0.2833538055419922,0.31180026531219485,0.4323476473490397,0.27979745864868166,0.4422966957092285,0.33059828281402587,0.5409225463867188,0.2707392692565918,0.5847496668497721,0.3555061101913452,0.6552242279052735,0.2803492546081543,0.6473730087280274,0.2810724258422852,0.2740607659022013,0.29579886198043825,0.4373221715291341,172.25800839593288,171.94646134549316,167.06899446436083,176.96983503820505,84.84577897567065,0.3556914687156677,99.64688137253125,0.5110359191894531,71.43277270163897,0.48912235895792644,81.2756246599065,0.6160613377888997,77.70668485813557,0.5980733871459961
0.25510785579681394,0.27655007044474283,0.3082020044326782,0.42411349614461263,0.27702171802520753,0.43430500030517577,0.3267423868179321,0.5391110102335612,0.2675215244293213,0.5844703674316406,0.35225534439086914,0.6532318115234375,0.28022027015686035,0.6417606353759766,0.2763174772262573,0.27263031005859373,0.2926118612289429,0.4292092482248942,172.43600180175022,173.46268932969292,164.16557244148032,177.69335849002414,84.05890070723515,0.350919779141744,99.1796898600372,0.5068398078282674,72.74756484217548,0.4841601292292277,77.50209801249105,0.6131155014038085,77.39811781968493,0.5961714108784993
0.261430025100708,0.3137966156005859,0.3075608253479004,0.41784607569376625,0.2786344766616821,0.42692724863688153,0.3225787878036499,0.552440897623698,0.2669682502746582,0.5858914057413737,0.3434357881546021,0.643803596496582,0.27375781536102295,0.6325427373250325,0.27383986711502073,0.27818498611450193,0.29309765100479124,0.4223866621653239,172.19973902390703,177.3048616624463,166.46150078079066,179.94866598053505,82.39329634038673,0.35028582413991294,99.0795622468579,0.5041390339533488,77.22784532210105,0.48741377989451096,81.71939633165859,0.609217071533203,77.1404367976363,0.5981222470601399
0.2599648475646973,0.36100130081176757,0.3027167320251465,0.38347997665405276,0.27747578620910646,0.3816559155782064,0.3211019277572632,0.5337295532226562,0.264339542388916,0.5693723678588867,0.3436421394348145,0.6580034255981445,0.27133703231811523,0.6450090408325195,0.26995171308517457,0.3035682996114095,0.29009625911712644,0.38256794611612954,173.35907898181952,179.0619226678425,170.625819612988,179.27894937134553,75.69469591428948,0.34306812286376953,97.85048085295907,0.4759701569875081,78.40849404300286,0.4581487496693929,84.71435445635198,0.6071907043457031,79.71971834114011,0.5958664894104004
0.2578258991241455,0.40171384811401367,0.3012070655822754,0.38324257532755535,0.27004988193511964,0.40225372314453123,0.3180833339691162,0.5516614278157552,0.26206421852111816,0.5925165812174479,0.33557584285736086,0.6485965728759766,0.27152328491210936,0.6441787083943685,0.2648958802223206,0.33520487149556477,0.2856284737586975,0.3927481492360433,173.90310241289794,177.7376333509956,166.41345307721758,179.18277754153831,70.18612826951659,0.36397651036580403,96.72740023956835,0.4926323652267456,78.45721819881179,0.47220478852589926,79.62436575819584,0.6183476448059082,79.77073260843873,0.6001290003458659
0.2504462957382202,0.39218978881835936,0.2974950551986694,0.3962675094604492,0.26468355655670167,0.40342629750569664,0.3143667459487915,0.5406821568806967,0.25971641540527346,0.5881050109863282,0.324772572517395,0.6337683359781902,0.2670116662979126,0.6436395645141602,0.262130069732666,0.2932059605916341,0.28108930587768555,0.39984690348307295,173.99189578394706,178.6245258848791,169.21140330886035,175.80067555685716,79.91896124676252,0.34652643203735356,96.47704135940403,0.49397595723470056,76.70562666793573,0.4702645301818848,82.51623874018847,0.6158722877502442,83.62155664546185,0.5872252464294434
0.2528837203979492,0.3252941449483236,0.2907707214355469,0.4186041831970215,0.26422781944274903,0.4218591690063477,0.2910578966140747,0.6016276041666667,0.26261327266693113,0.5850046157836915,0.29812686443328856,0.6083271662394206,0.2684971809387207,0.6108282089233399,0.2608284592628479,0.29499654769897465,0.27749927043914796,0.42023167610168455,174.48515616390776,178.64433241252152,164.4601468686679,139.72150310644096,82.417586439912,0.3576141119003296,95.16222956271126,0.5026181459426879,85.72531674228605,0.5109296401341756,77.16428166211796,0.5979164123535157,43.46313919944563,0.6049773852030437
0.2434077262878418,0.2926574389139811,0.2872320175170898,0.40560003916422527,0.262152099609375,0.41727313995361326,0.2921149253845215,0.5875295639038086,0.2623305797576904,0.5858408610026041,0.30402069091796874,0.64454345703125,0.27250349521636963,0.6333462397257487,0.2530012965202332,0.26669603983561196,0.2746920585632324,0.41143658955891926,174.2713515488598,178.69975449969724,167.3480383767765,175.375929852437,81.47710141674334,0.3390663146972656,94.05424754191164,0.4986387252807617,84.34947190996978,0.49948307673136394,77.91309436915529,0.6095935503641764,78.20486985530252,0.6160365104675294
0.2510838508605957,0.3151581128438314,0.29711060523986815,0.44598038991292316,0.26256935596466063,0.45583381652832033,0.30991981029510496,0.6019117991129558,0.261523962020874,0.6278815587361654,0.3089989185333252,0.6353607177734375,0.27010838985443114,0.6403361002604167,0.2623753666877746,0.2860183874766032,0.2798399806022644,0.4509071032206218,174.2338889068682,177.29348136585614,142.48213779770506,169.4398342087395,83.95391180081077,0.36846274534861245,95.90880500495358,0.5393943309783935,78.73425955095574,0.5264094511667887,55.42302508599037,0.6341088294982911,91.57702815225821,0.6186362584431966
0.24655208587646485,0.24719570477803549,0.28981311321258546,0.4455873171488444,0.2574122428894043,0.45586252212524414,0.3087913513183594,0.5784125645955404,0.2602564811706543,0.589166768391927,0.301224946975708,0.6094340642293294,0.26859943866729735,0.6082588195800781,0.2557936906814575,0.26726942062377934,0.2736126780509949,0.4507249196370443,173.69513699726403,174.26335217079077,154.5726273318055,156.42316782799148,84.45227748055515,0.3589971701304118,95.51056419654405,0.5199458440144857,74.59681520393498,0.5145687421162923,66.3953496396428,0.5987127939860026,103.70728336797926,0.593923314412435
0.24697537422180177,0.2449189821879069,0.2894960880279541,0.4134504954020182,0.2583385229110718,0.42613519032796227,0.30194690227508547,0.577691396077474,0.26316630840301514,0.5820182800292969,0.30237042903900146,0.5984019597371419,0.27035369873046877,0.5973197937011718,0.25532577037811277,0.2661584218343099,0.273917305469513,0.41979284286499025,174.78648909801237,178.44510709423977,153.6897508766533,172.12014062792366,83.10010022964367,0.34297563234965006,93.79155906924855,0.5009055614471436,79.93391474868046,0.49874211947123215,64.83972955281898,0.5896690368652344,88.82847639221019,0.5880466779073079
0.24068951606750488,0.25775438944498696,0.292365288734436,0.4131230672200521,0.2572717905044556,0.42492831548055016,0.3057391881942749,0.5737648646036784,0.2619126081466675,0.5871180852254232,0.3013681650161743,0.5961224238077799,0.2674074649810791,0.5899531046549479,0.2548778295516968,0.2619960069656372,0.2748185396194458,0.4190256913503011,174.36997770890767,177.96524579936633,114.8083670095373,160.41184208473612,82.76292260444433,0.34051084915796914,94.39048715462273,0.5030718882878622,78.69974696558839,0.49639527797698973,27.291043745130647,0.5885355949401856,101.06210194358243,0.5849436442057292
0.24645695686340333,0.23010929425557455,0.28938219547271726,0.40219958623250324,0.25690350532531736,0.4159523010253906,0.30182299613952634,0.5761014938354492,0.26216468811035154,0.5837090810139974,0.29857285022735597,0.6135599136352539,0.2688730716705322,0.6103660583496093,0.2552735447883606,0.2574800332387288,0.2731428503990173,0.40907594362894695,175.19276833277482,178.56859871097188,164.65932092865611,167.95203874635013,83.27730499378701,0.3332779884338379,93.59711650169784,0.4963925123214722,80.25669503801194,0.49258871873219806,75.87450041592062,0.5970375696818033,94.95894989044932,0.5948307037353515
0.2467045783996582,0.2463618278503418,0.2887413740158081,0.41045255661010743,0.2569995403289795,0.42153924306233725,0.2979656934738159,0.5433081309000651,0.2618878841400146,0.56259765625,0.2963350772857666,0.6365896224975586,0.26760149002075195,0.6303277969360351,0.25563851594924925,0.25786647796630857,0.2728704571723938,0.4159958998362223,174.54088140903775,177.2837910911644,173.76980584079138,172.92679954054648,83.78081011568642,0.33693118890126544,94.28427248612672,0.48929677804311117,78.84905884216002,0.4796520153681437,85.17803668377304,0.5964627265930176,91.00146244961802,0.5899488766988119
0.24705355167388915,0.23003021876017252,0.28792724609375,0.4085665702819824,0.25723302364349365,0.42338517506917317,0.3003616571426392,0.5604078292846679,0.26310229301452637,0.5691322326660156,0.29904091358184814,0.6028359731038412,0.26955423355102537,0.6022584279378255,0.25431724786758425,0.26242390473683674,0.2725801348686218,0.4159758726755778,174.81818185838856,177.8959835725206,168.04795918692133,170.1570993748457,83.21732034844683,0.33919988870620726,93.54114399050007,0.4925540526707967,79.11212181146561,0.48819185098012285,78.9785676842969,0.5856953303019206,91.7829816853715,0.5816219011942545
0.24903604984283448,0.1942660649617513,0.28733458518981936,0.4217867851257324,0.26132376194000245,0.4280968348185221,0.3001476049423218,0.5784553527832031,0.2626913547515869,0.5724403381347656,0.2973132848739624,0.6277161280314127,0.27161312103271484,0.5913675944010417,0.2599173665046692,0.2640080293019612,0.27432917356491093,0.42494180997212727,174.973342656898,177.74393096552222,153.82717481340333,170.24022492146395,84.88274635697694,0.34447491963704424,94.511362644126,0.4986910740534464,80.45314428628079,0.5016985813776652,64.76215333260433,0.5819039662679036,93.29299993516403,0.603085740407308
0.2475146770477295,0.1828191121419271,0.2660099267959595,0.41495790481567385,0.2846100330352783,0.4154947280883789,0.277750301361084,0.5835674285888672,0.288724684715271,0.575198745727539,0.290098762512207,0.6208293914794922,0.2815118312835693,0.6256231943766276,0.2524460554122925,0.2562682151794433,0.2753099799156189,0.41522631645202634,178.30384925104613,176.40964523602455,170.17106023406495,165.7791473544078,81.81493294641544,0.33574726581573483,85.20659934154416,0.4952125310897827,89.1694819827715,0.4993968725204468,98.14052571370325,0.6004109700520833,71.66501605473306,0.6021984100341797
0.2481377363204956,0.18235085805257162,0.265643048286438,0.4132904052734375,0.2888880968093872,0.4115295092264811,0.2664764642715454,0.5761117299397787,0.29504425525665284,0.5744695027669271,0.28707716464996336,0.6305829366048177,0.2871235370635986,0.6408216476440429,0.256509530544281,0.25007588863372804,0.2772655725479126,0.4124099572499593,179.4861557175279,174.4782651886729,170.72130859056034,161.8586162582887,82.71369316061111,0.33124292294184365,83.73942309517739,0.4934397300084432,93.77074497208287,0.494260843594869,96.80741045493201,0.607645575205485,69.28366725580187,0.6033473332722982
0.2505760431289673,0.18728715578715008,0.25955758094787595,0.40395825703938804,0.29191458225250244,0.3998808224995931,0.26466872692108157,0.5793935775756835,0.2999568462371826,0.5645483016967774,0.27621912956237793,0.6105175654093424,0.2907291650772095,0.6316925684611002,0.2568776607513428,0.25147498448689776,0.2757360816001892,0.4019195397694906,179.36379464841826,175.07058939223208,168.44146738324378,159.77231845511315,82.85516606321276,0.32669726212819417,81.52904160016976,0.483233920733134,93.56836780320253,0.49065655867258706,97.82517752346868,0.5981204350789389,69.63963953842658,0.594955571492513
0.2494215965270996,0.1935426712036133,0.2608247995376587,0.4152767817179362,0.29422736167907715,0.4110703150431315,0.2638187646865845,0.5752145767211914,0.30063619613647463,0.5659949620564778,0.27497618198394774,0.6049681345621745,0.2959007263183594,0.6316706975301106,0.2572556734085083,0.2584239403406779,0.2775260806083679,0.4131735483805339,179.42888795610511,173.97791535692193,171.06888236506077,158.68253713467374,82.53740361153213,0.33579874436060586,81.40071486190821,0.48958425521850585,94.83523250322686,0.4941940625508626,94.12410604938944,0.5988328297932942,69.44423654070152,0.5900913556416829
0.25137863159179685,0.18754382133483888,0.2600354433059692,0.41646057764689126,0.2932261943817139,0.41267401377360025,0.26727001667022704,0.5942085901896159,0.30136733055114745,0.5791088740030924,0.277759313583374,0.6293739954630534,0.29544522762298586,0.634454345703125,0.26040462255477903,0.2573951005935669,0.27663081884384155,0.41456729571024575,178.70664111074836,175.8493928676432,169.00190542463554,163.69197373872376,84.10576030329078,0.3359811981519063,81.45041130940959,0.4968380848566691,92.98288774009794,0.5043879429499308,96.10755191712308,0.6067816098531087,73.39097106508068,0.6117912928263347
0.25262787342071535,0.18655385971069335,0.2588778257369995,0.40601024627685545,0.2914937734603882,0.4034047444661458,0.26512086391448975,0.5615933736165365,0.298044490814209,0.553498649597168,0.27803008556365966,0.6055720647176107,0.29681127071380614,0.627352778116862,0.25886311531066897,0.2550821781158447,0.2751857995986938,0.40470749537150064,178.74598485369935,175.15965705371116,173.49564108409868,164.45253239801667,83.77420029922558,0.3298948367436727,81.26597177216749,0.4791030724843343,93.67075179713127,0.48315043449401857,90.95663901773234,0.590425713857015,73.64126592533866,0.5835827191670736
0.25305702686309817,0.17781271934509277,0.2596379995346069,0.4151401201883952,0.29113407135009767,0.4082336743672689,0.2651448965072632,0.5675646464029948,0.2981677293777466,0.5551488876342774,0.27985343933105467,0.6200066884358724,0.29680576324462893,0.6334795633951823,0.2598623991012573,0.2549294312795003,0.2753860354423523,0.41168689727783203,178.24794612935597,175.2730638401031,173.48761747185327,165.56117626973253,84.34445886517489,0.33330816427866616,80.97680166546112,0.4834178924560547,93.75891978309275,0.4896257718404134,90.99612377987802,0.5943142255147298,74.33266043988972,0.5937856674194335
0.25357809066772463,0.1965653419494629,0.25984137058258056,0.4124112129211426,0.290295147895813,0.4059988657633464,0.2675715446472168,0.5479917526245117,0.2962880373001099,0.5450846989949544,0.29031944274902344,0.6228357950846354,0.29533650875091555,0.6380315780639648,0.2607322335243225,0.25266969203948975,0.27506825923919676,0.4092050393422445,178.05680984141532,175.5814455686652,174.35171562027116,167.17745582546726,84.76725998402229,0.3309373656908671,81.12404105831425,0.47714486916859944,93.09188879835952,0.4785983959833781,90.58653572932849,0.5915581385294596,73.09401543690274,0.5854137738545735
0.25345921516418457,0.20599621136983234,0.25943746566772463,0.411075496673584,0.29001765251159667,0.404882558186849,0.2664214611053467,0.5495733896891276,0.29687249660491943,0.547555669148763,0.283417272567749,0.6091456095377604,0.29567866325378417,0.6359278361002604,0.2592514634132385,0.2509613752365112,0.2747275590896606,0.4079790274302165,178.21370336455257,175.26733763068847,173.97464588046452,166.55012443113188,84.3709499665963,0.32947020133336385,80.98471572547872,0.47776734828948975,93.3571929782689,0.47877620855967207,90.77397051855648,0.5917417526245117,74.07667892367348,0.579359499613444
0.25252997875213623,0.22528130213419598,0.279360294342041,0.3954024314880371,0.2672598361968994,0.4051019032796224,0.295182991027832,0.5384672164916993,0.26889097690582275,0.5491661707560221,0.2943760395050049,0.6403979619344076,0.2751077890396118,0.6442129770914714,0.24928138256072996,0.2608101685841878,0.2733100652694702,0.40025216738382974,174.4098228845731,179.60554352593377,176.6799333962618,174.53317316413006,80.22279690761104,0.3305311679840088,91.69977854446054,0.47470916906992594,81.00735508221807,0.4693596919377645,86.25773394307059,0.5966895739237468,90.45358199297584,0.5894325892130534
0.25766093730926515,0.23488411903381348,0.2874880790710449,0.3947991053263346,0.25850934982299806,0.411063543955485,0.2960369348526001,0.5419829686482748,0.2676876068115234,0.5515022913614909,0.29546897411346434,0.6434001922607422,0.2734555721282959,0.6393376032511393,0.25905693769454957,0.2591729640960693,0.2729987144470215,0.4029313246409098,176.26156787530803,178.04231422787646,176.35362226060056,174.34071521403138,84.46074173709601,0.33105214436848956,92.04733490709195,0.47721680800120037,80.59263276533127,0.47245714664459226,86.24289768702558,0.5954199473063151,90.32086673180355,0.5926915804545085
0.25504465103149415,0.2143985907236735,0.26777098178863523,0.4007290204366048,0.28562016487121583,0.4007886250813802,0.2781938076019287,0.545873514811198,0.29484617710113525,0.5367791493733723,0.295428729057312,0.6418682734171549,0.29092917442321775,0.6465222040812174,0.2620369553565979,0.2504394849141439,0.27669557332992556,0.4007588227589925,178.9358593304307,177.46122473170908,174.64120639240514,174.2642518344775,84.43032559058558,0.32559915383656823,82.3993306501252,0.46876898606618245,89.40847167600546,0.4733161687850952,92.04416116951475,0.5916506767272949,79.82154423839691,0.5938708941141764
0.2584313154220581,0.20812751452128092,0.2593379497528076,0.41054353713989256,0.29168124198913575,0.4043932596842448,0.2677425146102905,0.5468693415323893,0.2980440855026245,0.5348728179931641,0.28011131286621094,0.6156147003173829,0.2958235740661621,0.6365182876586915,0.2637787342071533,0.2539500872294108,0.2755095958709717,0.40746839841206867,176.9238833948711,176.03563741247984,173.68034725772358,171.06685242171875,85.63032427505229,0.33070924282073977,79.96962332542286,0.47117060820261636,93.18908399475089,0.47716886997222896,91.25146453747385,0.5856955528259278,79.80035853480291,0.5812420209248861
0.25769634246826173,0.19731138547261556,0.26038734912872313,0.4066420555114746,0.290264630317688,0.39699284235636395,0.267080283164978,0.5328960736592611,0.2981382369995117,0.5262795766194661,0.27979562282562254,0.6111482620239258,0.29537572860717776,0.6357146581013997,0.2642043590545654,0.25226544539133705,0.27532598972320554,0.40181744893391924,176.6732894456934,175.81331119340607,173.65453498986554,171.99376503346912,85.74695304195235,0.3270414471626282,79.6137296112286,0.4640485127766927,93.59953783665559,0.46735676129659015,91.44603048995515,0.5809971173604329,80.77057098196696,0.5720221678415934
0.2596974611282349,0.19600226084391276,0.26310803890228274,0.40504738489786785,0.2884423494338989,0.40320345560709636,0.2685402393341064,0.48865912755330404,0.29484632015228274,0.5080963770548502,0.29573113918304444,0.6242848714192708,0.29097805023193357,0.6245070139567057,0.2689210295677185,0.2503757874170939,0.2757751941680908,0.4041254202524821,175.35024585597165,175.19973042608564,174.15053518123028,173.84267734076928,87.44744199731042,0.327250603834788,79.60592593516924,0.45611089865366616,94.89183138717746,0.44639227390289304,91.90321111206887,0.566301695505778,78.66336148546031,0.5564719994862874
0.2581676483154297,0.19895222981770833,0.2613377094268799,0.40664377212524416,0.2904286623001099,0.4007719357808431,0.26987853050231936,0.5376819610595703,0.2969219207763672,0.5229736328125,0.2765897274017334,0.6096728006998698,0.2949803590774536,0.6326995849609375,0.2683133840560913,0.2540855328241984,0.2758831858634949,0.40370785395304365,176.0690022571357,177.1175403142242,174.2190254716195,174.87065878272674,87.10371949948367,0.32889669338862104,79.99582532160748,0.4633407433827718,92.56625198247296,0.470694907506307,91.01372265090377,0.5778366088867187,84.67411228274908,0.5736773808797201
0.2578364610671997,0.19723157882690429,0.26778464317321776,0.4034135818481445,0.28072521686553953,0.4018320401509603,0.2970067024230957,0.5291108767191569,0.291406512260437,0.5332773526509603,0.29602813720703125,0.6344900131225586,0.27543904781341555,0.6379353205362955,0.2631982207298279,0.2510558923085531,0.2742549300193786,0.40262281099955244,178.22910980131303,176.73559947329863,171.03707087812168,174.10339956222325,85.8277003565722,0.32683935165405276,82.52130152982794,0.4679500818252564,79.80308141191414,0.4658668438593547,98.67461304583145,0.5856063365936279,90.53204122979403,0.5818004449208578
0.2587073802947998,0.1965789794921875,0.2648421287536621,0.40325520833333334,0.2850086212158203,0.4007678985595703,0.269769287109375,0.5401619593302409,0.2961950540542603,0.5417303085327149,0.28814473152160647,0.639844004313151,0.28563671112060546,0.6472632090250651,0.2701643705368042,0.24652214845021567,0.27492537498474123,0.4020115534464518,176.3833587190996,177.9396727324786,171.7858938295111,172.73669613916877,88.24618108986373,0.32426685094833374,81.3441999957801,0.4718709309895833,92.13741694831046,0.47108675638834635,95.71330926835519,0.59449675877889,79.55531872233401,0.590002981821696
0.2586944818496704,0.19693053563435872,0.26426019668579104,0.4040167172749837,0.28768439292907716,0.40129467646280925,0.2693242311477661,0.5382694244384766,0.2980945110321045,0.543658447265625,0.2878457307815552,0.6389784495035807,0.2924433946609497,0.6443480173746745,0.26843011379241943,0.24963956673940024,0.2759722948074341,0.40265569686889646,176.84466968995017,177.01599959756743,172.88906874569517,172.45538495357667,87.17816879919145,0.32614763180414835,81.08343208095857,0.4731570720672607,92.80651014765107,0.4704625606536865,93.21230682173567,0.5940032323201497,79.57912271803349,0.5886239369710287
0.2626129150390625,0.23128128051757812,0.28767735958099366,0.4005499203999837,0.25995008945465087,0.4185370763142904,0.29781012535095214,0.5551360448201498,0.2701141834259033,0.5759588241577148,0.29497878551483153,0.6550252278645833,0.2734940528869629,0.6405815124511719,0.25974268913269044,0.2551838000615438,0.27381372451782227,0.40954349835713705,176.87460332676824,177.87355304477387,176.92679123267666,173.44862818651745,84.7914585224472,0.3323636492093404,91.27351961914603,0.4927511612574259,80.64071742282341,0.4823397715886434,87.00606746633892,0.6082701683044434,91.62360321608202,0.6050806363423665
0.2604596853256226,0.20949734052022298,0.2813261032104492,0.4103930155436198,0.2614202737808228,0.42663377126057944,0.2979947805404663,0.548307991027832,0.270846962928772,0.5579059600830079,0.294892692565918,0.6454012552897136,0.2741231918334961,0.6473812739054362,0.25438772439956664,0.2534561475118001,0.27137318849563596,0.4185133934020996,176.68917614814043,176.82183514224488,178.59140870965066,172.25182667254205,84.12457316882345,0.33598477045694985,90.21629819681931,0.4882096767425537,78.40907034748783,0.4834106922149658,87.90299405580676,0.602643616994222,91.82995299048574,0.5968546231587728
0.2606114625930786,0.1962321122487386,0.2753851652145386,0.41030728022257484,0.270172119140625,0.41839691797892253,0.2976781129837036,0.5535453796386719,0.2711372137069702,0.5648169835408529,0.2950570583343506,0.6451237996419271,0.27530076503753664,0.6483861923217773,0.26311018466949465,0.24792331854502359,0.2727786421775818,0.41435209910074866,177.92397029815754,176.311081748891,177.76522858613515,172.84641587852164,86.67521517059474,0.3311377088228861,90.62501754876605,0.48958454132080076,79.85796570969066,0.4839487393697103,87.14779118870159,0.6066015879313151,91.63940788457005,0.5993345896402995
0.2626078128814697,0.2180078347524007,0.2892930269241333,0.40376030604044594,0.2591527223587036,0.42213093439737953,0.29880681037902834,0.5606828689575195,0.26939027309417723,0.5609619776407878,0.2949578285217285,0.6443092981974284,0.2748986482620239,0.6382731119791667,0.2622859358787537,0.24962592124938965,0.2742228746414185,0.41294562021891273,176.8228102268236,177.24875264012033,176.09642833855986,172.2435687889674,85.81971906457908,0.3312857707341512,91.86999164364312,0.48695379892985025,80.55237170046948,0.4868142445882161,85.9245946223101,0.5996175448099772,92.63523018739622,0.602496083577474
0.2605762481689453,0.2196308453877767,0.2879200458526611,0.4006166140238444,0.25929737091064453,0.4191458066304525,0.29939472675323486,0.553948720296224,0.26990723609924316,0.5584165573120117,0.2946491241455078,0.6533506393432618,0.27748584747314453,0.6511716842651367,0.2622611403465271,0.2505642334620158,0.27360870838165285,0.4098812103271484,177.14973889750635,176.83049667068013,176.24956020272666,172.32750553251623,85.9259105475292,0.3302227218945821,91.42750436409028,0.48414888381958004,79.85232970347245,0.4819149653116862,85.32899095146668,0.6047941207885742,92.73331447149509,0.6036496798197428
0.2613640069961548,0.20069974263509113,0.27467851638793944,0.4083822250366211,0.27325849533081054,0.41517756779988607,0.29780144691467286,0.5554791768391927,0.2701509952545166,0.5566992441813151,0.29473941326141356,0.6505563735961915,0.27546162605285646,0.6540320714314779,0.26394696235656734,0.24883062044779458,0.273968505859375,0.4117798964182536,177.33660263127064,176.88308068694892,177.23008736573883,173.18380032347818,86.4806848898721,0.33030525843302405,91.50895430772569,0.48423957029978437,80.5830495357284,0.4836295366287231,86.87694955755049,0.6053656578063965,91.84461671249788,0.6030177752176921
0.26188662052154543,0.22018621762593588,0.28878560066223147,0.40398635864257815,0.262139630317688,0.4208848317464193,0.2991651058197021,0.5544734954833984,0.2707698345184326,0.5691064834594727,0.29517216682434083,0.6525835037231446,0.2760694265365601,0.6507182439168294,0.26101347208023074,0.2569121440251668,0.27546261548995976,0.4124355951944987,176.49436230217742,177.83237632161018,176.43053129662346,172.97753386962935,84.69208520383785,0.33467386960983275,91.7156740416428,0.4907710393269857,80.52609725161024,0.48345454533894855,86.28462207091806,0.609912363688151,92.33057123733467,0.6035284996032715
0.26259655952453614,0.22109324137369793,0.2899329423904419,0.39950443903605143,0.262784743309021,0.4103360811869303,0.2969196319580078,0.5440699259440104,0.2714309453964233,0.5573906580607096,0.2952404022216797,0.6609891255696615,0.27522876262664797,0.6522235234578451,0.2674304485321045,0.25243191719055175,0.27635884284973145,0.40492026011149085,177.397252481757,177.36865843128888,177.44485621457744,174.96001246918888,86.64908204596313,0.32867608865102127,91.85117555495235,0.48115545908610025,81.5947799352827,0.4744950930277506,87.70667393482168,0.6048070907592773,90.8228431463008,0.6025295257568359
0.263040566444397,0.22127707799275717,0.2874867916107178,0.40000394185384114,0.26148285865783694,0.40972894032796225,0.29906904697418213,0.5366638819376628,0.2710587501525879,0.5500248591105144,0.2961409568786621,0.6523309707641601,0.27546765804290774,0.6483083089192708,0.2656242251396179,0.25053657690684,0.27448482513427735,0.4048664410909017,177.60836072427784,176.10095519109458,177.6627998999937,173.54854752144624,86.71406262709526,0.32770150899887085,91.35206211781906,0.47744565010070805,79.43402454306107,0.47076516151428227,87.43148442338006,0.5991665840148925,91.4501219205871,0.5944974263509115
0.2635720491409302,0.218614927927653,0.28878347873687743,0.40079488754272463,0.261739706993103,0.41220299402872723,0.29918274879455564,0.5363395055135091,0.2705909252166748,0.5464345932006835,0.29618186950683595,0.6518665313720703,0.2774557590484619,0.6390731175740559,0.2669335126876831,0.2522589365641276,0.2752615928649902,0.4064989407857259,177.37602653360173,176.0377502747169,176.3024590093678,173.63873727073883,86.90935595986775,0.32937893867492674,91.91166603728927,0.4764667669932047,79.5611771920153,0.4714192231496175,85.76193153556825,0.5927538553873697,91.48795541031524,0.5941030184427897
0.26377713680267334,0.21197312672932941,0.27684788703918456,0.40510854721069334,0.28012700080871583,0.40681273142496743,0.28702468872070314,0.5564209620157877,0.2885374784469604,0.5564369201660156,0.2957974672317505,0.6443881352742513,0.2800050497055054,0.648602294921875,0.2686794519424438,0.2504847685496012,0.2784874439239502,0.4059606393178304,179.89260616992308,179.81593853987945,174.3524304973562,178.45727813208256,86.39035386646792,0.3282227039337158,86.17899473949889,0.48119877974192304,86.75247163278628,0.4811908006668091,95.28921688495805,0.6025196075439454,84.30484500190249,0.6004045486450196
0.2635470151901245,0.2218415419260661,0.2898768186569214,0.40131330490112305,0.2613356351852417,0.4157019933064779,0.30010199546813965,0.5406432469685872,0.27179076671600344,0.5552972157796224,0.29679710865020753,0.6489941914876302,0.2767529249191284,0.6377080917358399,0.2661083459854126,0.25543142159779864,0.27560622692108155,0.40850764910380044,177.42544387151545,176.29440388347277,176.84089316909106,173.21721477608466,86.4495351704492,0.33196953535079954,91.48893793380735,0.48190243244171144,79.49753377222918,0.47457544803619384,86.55424273009142,0.5965026537577311,91.74707638563211,0.5948187192281087
0.261665940284729,0.19140543937683105,0.27690155506134034,0.403624439239502,0.2775859832763672,0.4063702583312988,0.2900914430618286,0.5136420249938964,0.2955316543579102,0.5014352798461914,0.2959491491317749,0.6342849731445312,0.2769871950149536,0.6409926732381185,0.265625536441803,0.24395292599995932,0.27724376916885374,0.4049973487854004,175.88740602204285,178.439484524924,172.49314107857145,178.11587494279306,85.87365759175877,0.32447513739267986,79.26228845870169,0.4532163143157959,83.255861886477,0.4593196868896484,97.56915087739274,0.5712139765421549,87.22023980306702,0.5739634990692138
0.26160717010498047,0.19150821367899576,0.2801681995391846,0.4032054583231608,0.2701920747756958,0.41446784337361653,0.29520187377929685,0.5076752662658691,0.27114784717559814,0.5202178955078125,0.2958276033401489,0.6351488749186198,0.2768362045288086,0.6417177836100261,0.26395288705825803,0.24404727617899574,0.27518013715744016,0.40883665084838866,176.43428372195206,175.30853071504376,177.7269306656404,175.06832948627178,86.1024095792914,0.3264419635136922,92.0733503642433,0.4645272731781006,78.54855201821887,0.45825595855712886,87.31949503332258,0.5809678395589193,89.71875452978871,0.5714120705922445
0.2636384963989258,0.2017180283864339,0.28709115982055666,0.4014344851175944,0.26213908195495605,0.41727628707885744,0.29958858489990237,0.5171376864115397,0.2701907157897949,0.529399553934733,0.2954803705215454,0.6420413335164388,0.2754385948181152,0.634610112508138,0.2580356478691101,0.2512275536855062,0.27461512088775636,0.4093553860982259,175.3872168383613,175.8362081216874,177.3539238503318,172.99207795853968,84.01449033737038,0.3302914698918661,92.11076516524687,0.46937747001647945,76.95460692534903,0.46324653625488277,87.14446600091576,0.5820048332214356,91.88384026193391,0.5795895099639892
0.26164162158966064,0.1926991621653239,0.2764962434768677,0.40115861892700194,0.27726309299468993,0.40410737991333007,0.2941478967666626,0.5000549952189127,0.29743332862854005,0.5062803904215495,0.2963442325592041,0.6416543960571289,0.27666308879852297,0.6414638519287109,0.26561756134033204,0.24547185897827148,0.2768796682357788,0.402632999420166,175.73864044509983,176.3428944039072,171.3170640609915,176.23306411905043,85.90121278360043,0.32405242919921873,78.78355105285415,0.4544566949208577,79.94861517085266,0.45134399731953934,98.73489356572308,0.5738721211751302,89.11136148828724,0.5708546956380208
0.2602726936340332,0.19411199887593586,0.27207725048065184,0.4058790842692057,0.28445987701416015,0.4037141482035319,0.2854799509048462,0.5313540776570638,0.29264440536499026,0.5313391367594401,0.294434928894043,0.6453993479410808,0.2822613000869751,0.6475230534871419,0.27528631687164307,0.24677794774373374,0.278268563747406,0.4047966162363688,177.00939827717053,178.79022955851536,173.95076296271682,179.35426485639533,88.9187994144816,0.32578728199005125,83.51870998588429,0.4680678764979045,86.7387482876763,0.46807534694671626,95.10683326326102,0.5894310951232911,85.51027550729272,0.5883767127990722
0.2604061603546143,0.1952847639719645,0.2779984474182129,0.40725367863972983,0.2821404695510864,0.41251935958862307,0.29317264556884765,0.5304589907328288,0.2874859094619751,0.5424846649169922,0.29498958587646484,0.6445809046427409,0.2786535739898682,0.6455176035563152,0.2658768057823181,0.24984747568766277,0.28006945848464965,0.40988651911417645,178.97811275356827,179.3535700186815,175.44466890664555,177.27458631176714,84.93212833350566,0.3298669974009196,86.79868029909684,0.4761855920155843,83.79773390361667,0.47017275492350263,94.89961177117921,0.5940011342366537,89.08786828906062,0.5875199476877848
0.260380220413208,0.20689427057902018,0.28196980953216555,0.4083314259847005,0.27227599620819093,0.41625299453735354,0.29547958374023436,0.5221212069193523,0.2764551877975464,0.5475435892740885,0.2953631401062012,0.644929567972819,0.27674074172973634,0.6441460927327474,0.26322902441024776,0.2530246337254842,0.27712290287017827,0.412292210261027,177.14584889947614,177.3455239565048,179.73619633397743,175.46249475831257,85.01436256378818,0.3326584219932556,90.28285807549815,0.4799178997675578,80.5113626383341,0.46720670859018965,89.83063598872228,0.595844841003418,90.05432632375084,0.5835253874460856
0.26044530868530275,0.2054040273030599,0.2818668127059937,0.4115457852681478,0.27516191005706786,0.4148545265197754,0.2962266683578491,0.5326781590779622,0.28026068210601807,0.5461982727050781,0.29551808834075927,0.6457704544067383,0.2769448757171631,0.6447879155476888,0.26462502479553224,0.24960591793060302,0.27851436138153074,0.4132001558939616,177.73456784319382,177.93748008056187,178.46202281645714,175.45943732708412,85.14716100635748,0.3314030369122823,89.24772575740123,0.4796992142995199,81.56746476575395,0.47293915748596194,91.92626855109035,0.5954930941263834,90.35898213107492,0.5892243067423503
0.2601436138153076,0.20530134836832684,0.2798017978668213,0.4071042060852051,0.2745798349380493,0.41447003682454425,0.2963289737701416,0.5217719395955404,0.27980751991271974,0.5360945383707683,0.29620702266693116,0.6363838831583659,0.2766252517700195,0.6441893895467122,0.2635731101036072,0.24879254500071207,0.2771908164024353,0.41078712145487467,177.96215149095133,177.05859637785863,178.45255776310125,175.12079777424754,85.19485770242774,0.32978983322779337,88.803707840691,0.47344082991282144,80.21616720012798,0.46627953052520754,91.68627723333034,0.5901419639587402,90.06096468366897,0.5790779113769531
0.2577481985092163,0.2052571455637614,0.2787835359573364,0.40939680735270184,0.2753151893615723,0.41297502517700196,0.2934067487716675,0.5201685269673665,0.28390166759490965,0.5327681541442871,0.2961300849914551,0.6360111872355143,0.27806451320648196,0.6452778498331706,0.2635714888572693,0.24992001056671143,0.27704936265945435,0.4111859162648519,179.11458563352835,177.7640005312028,176.78161639262828,176.4956964169896,85.2225808769453,0.33055296341578166,86.77425536400627,0.4719770352045695,81.46409563834641,0.4656772216161092,92.96991935475984,0.5890230019887288,88.6532859710597,0.5780898571014403
0.25970070362091063,0.21662607192993164,0.2855715274810791,0.4105531692504883,0.2652350187301636,0.4239318529764811,0.3006183862686157,0.5247641245524088,0.27235534191131594,0.539333724975586,0.29860649108886717,0.6293963114420573,0.2755953311920166,0.6372662862141927,0.25251872539520265,0.25917317867279055,0.27540327310562135,0.4172425111134847,174.51990570329554,177.06719408335795,178.15513764177857,172.65681770650815,81.76221792165035,0.3382078448931376,91.43005645799099,0.4782881180445353,76.80194642784639,0.4710033178329468,88.10512434220729,0.5883000055948893,91.1015625564957,0.5770802179972331
0.25969438552856444,0.21815900802612304,0.2898869514465332,0.40862687428792316,0.2609568119049072,0.42709623972574867,0.30252530574798586,0.5305164337158204,0.26945478916168214,0.5411737442016602,0.3041855812072754,0.6237409591674805,0.2749634742736816,0.6279232025146484,0.26090035438537595,0.258481764793396,0.27542188167572024,0.4178615570068359,175.49633400956085,175.17195656679417,176.2415005689861,173.06690512532236,84.79399952524382,0.33817166090011597,92.77038906410158,0.47951765060424806,76.47240985087373,0.47418899536132814,86.36653418794137,0.5845484733581543,88.97970281105924,0.5771286964416504
0.2618772268295288,0.19384454091389974,0.27069978713989257,0.4133293151855469,0.2880255937576294,0.4055877685546875,0.2813060760498047,0.5323991457621257,0.30066189765930174,0.5273229281107584,0.29560463428497313,0.6410473505655925,0.29127142429351804,0.652041498819987,0.26908895969390867,0.24779194196065268,0.27936269044876094,0.4094585418701172,176.20088763379619,178.44764531955303,172.88366287940067,176.51445888517864,86.36380720922952,0.32862524191538495,79.75665890798068,0.4683907349904378,89.09437145797958,0.47092884381612143,94.30586409312934,0.5896822134653728,82.50272107258485,0.5867232481638591
0.2618512392044067,0.1954144318898519,0.2731825351715088,0.4076421101888021,0.2874913215637207,0.4057122548421224,0.27329041957855227,0.5243642171223958,0.3018002986907959,0.5300165812174479,0.2956578016281128,0.6412015279134115,0.2881859540939331,0.6529445012410482,0.2690195798873901,0.2475517511367798,0.28033692836761476,0.40667718251546225,176.7480131653734,175.6895813583321,171.85469955930364,172.90007551541592,85.9318490991963,0.327114466826121,80.12831337792633,0.46834688186645507,93.42649285917507,0.465520699818929,96.31978877632834,0.5914805412292481,79.16240038836537,0.5827828725179036
0.26361057758331297,0.1977371056874593,0.2728431701660156,0.4079846700032552,0.2879669189453125,0.4062005043029785,0.2732365846633911,0.5264709790547689,0.3015862703323364,0.5427985509236654,0.29507861137390134,0.6389251073201497,0.2908623218536377,0.6511749267578125,0.26959840059280393,0.24882715543111167,0.28040504455566406,0.40709258715311686,177.33883595181035,175.81286835419075,171.89568607513024,172.62990656611515,86.09380592250183,0.32795987129211424,81.12875075862515,0.47494556903839114,93.43638322368972,0.4667817831039429,95.65107758978309,0.5969867388407389,79.00826862838218,0.5826980431874593
0.2616028547286987,0.1874368667602539,0.2734736204147339,0.4076376914978027,0.2814974784851074,0.40764118830362955,0.28883473873138427,0.4889843940734863,0.29887967109680175,0.5156315803527832,0.29591457843780516,0.6402711232503255,0.284835147857666,0.650122324625651,0.2670172452926636,0.24864405790964764,0.27748554944992065,0.40763943990071616,175.59985273706673,177.24435593027005,172.3022669839023,178.14984503237412,86.23306537910383,0.3281417489051819,78.79433209735006,0.4616355101267497,82.05740525240019,0.44831191698710127,95.96164311097448,0.5828769524892171,87.32065592283676,0.564627758661906
0.2617889642715454,0.18823533058166503,0.2792598009109497,0.4063869476318359,0.2735985994338989,0.41448885599772134,0.2942857503890991,0.5182093302408854,0.2721096038818359,0.5246992429097493,0.2957838296890259,0.638896624247233,0.2784135818481445,0.6446674982706706,0.2669144749641419,0.24876970450083413,0.27642920017242434,0.4104379018147786,176.7563685355118,176.3927299183704,177.4774376915692,175.8687334196228,86.63183303217485,0.32960380315780635,92.16500900726483,0.467568572362264,80.59218346016927,0.464323616027832,86.99204226483643,0.5846833705902099,89.28882974832862,0.5785529772440592
0.2639416933059692,0.19070445696512858,0.2643681287765503,0.40922781626383464,0.2950256824493408,0.4049077351888021,0.26874096393585206,0.5223471005757649,0.30031614303588866,0.511970043182373,0.29390504360198977,0.6311134338378906,0.2953153133392334,0.6391965866088867,0.2684771537780762,0.25160303910573323,0.2796969056129456,0.40706777572631836,175.8516972234117,174.51518894408753,173.89981108456274,170.6019248412314,85.87217103641265,0.3293354074160258,78.87989434398976,0.4595189094543457,95.42898267036067,0.46470743815104165,92.25093760648384,0.5755833148956299,76.97329983244259,0.5767302672068277
0.2640028238296509,0.19203004837036133,0.26980316638946533,0.40634113947550454,0.29056057929992674,0.40312697092692057,0.27123568058013914,0.5124993960062663,0.299597954750061,0.5135519981384278,0.2955030918121338,0.6375972112019856,0.29173643589019777,0.6461399078369141,0.2723875761032104,0.25256787141164144,0.28018187284469603,0.40473405520121253,175.8355272435734,175.5083509970397,173.8664477785301,172.78603611735986,87.06774302388459,0.32865096330642696,79.88333633615812,0.45914302666982015,94.74555556539534,0.4586167256037394,93.39325893298643,0.5798459529876709,79.02168901592508,0.575048303604126
0.26438655853271487,0.1898464838663737,0.2700278043746948,0.404562250773112,0.28939075469970704,0.4028661092122396,0.2823039531707764,0.5174025853474935,0.29910969734191895,0.5130069414774577,0.2947949647903442,0.6352138519287109,0.2935112714767456,0.6447193145751953,0.2715387463569641,0.24882750511169432,0.2797092795372009,0.4037141799926758,175.89242184028433,179.01207683057055,174.28845091778723,177.6762009839961,86.98034994356782,0.3262708425521851,79.93434648817934,0.45836056073506676,88.69258395981615,0.46055838267008464,92.43388834898379,0.5788631280263266,83.94779083165932,0.5763082186381022
0.2659814119338989,0.20225281715393068,0.28205530643463134,0.4034350077311198,0.2755653142929077,0.4080833435058594,0.2967377185821533,0.5298395792643229,0.27081856727600095,0.5342051823933919,0.2949970245361328,0.6352666219075521,0.27813053131103516,0.6356576919555664,0.26871980428695674,0.25103253523508706,0.2788103103637695,0.4057591756184896,176.01507496099154,177.5171820957462,175.70824660750736,175.0198020574533,86.26873639966875,0.32839585542678834,93.56027929411226,0.46998217900594075,81.7786724083282,0.46779937744140626,85.87766204278155,0.5849314371744792,90.9459182235892,0.5825531005859375
0.26609373092651367,0.2263563632965088,0.29081292152404786,0.3986969312032064,0.2612111806869507,0.41923383076985676,0.3025336265563965,0.5459314346313476,0.269621467590332,0.5536919275919596,0.2955221891403198,0.6434471766153972,0.276727294921875,0.6370333989461263,0.26375364065170287,0.2564395825068156,0.2760120511054993,0.40896538098653157,176.3407903725764,176.6709441589909,175.30634088669805,171.1311190506226,85.40504756930314,0.3327024817466736,92.52832516406166,0.4813286542892456,79.04109211609263,0.4774484078089396,85.1266562556857,0.595362663269043,94.11252211513323,0.5946893056233724
0.26613879203796387,0.21316453615824382,0.2841591119766235,0.40263907114664715,0.2606830596923828,0.41887982686360675,0.2984543085098267,0.5219871203104655,0.270175576210022,0.5322225570678711,0.29583258628845216,0.6420556386311849,0.27740399837493895,0.627979024251302,0.2561914920806885,0.2556224981943766,0.2724210858345032,0.41075944900512695,176.04664200671888,175.84254973349385,176.9971758905896,172.96941297619475,84.02774756897593,0.3331909735997518,91.05911640152605,0.47149100303649905,76.826853453151,0.4663732846577962,85.68306874804375,0.5801007906595865,91.25086704226975,0.5820213794708251
0.2653409481048584,0.20857866605122885,0.28927812576293943,0.3947197278340658,0.25857932567596437,0.4188407897949219,0.3023625612258911,0.5453156153361003,0.27042512893676757,0.5474297205607096,0.2955934047698975,0.641563351949056,0.2754749536514282,0.6162108103434245,0.26258546113967896,0.25601658821105955,0.2739287257194519,0.40678025881449387,177.03203614570447,176.230126856008,176.22395450238687,170.7049252281776,85.69724615657543,0.3313984235127767,91.42695038249285,0.47710498968760173,78.4013450472426,0.4760479370752971,85.8009468543391,0.581820265452067,94.02301939751541,0.5934394836425781
0.2665161371231079,0.19552388191223144,0.28289170265197755,0.404410711924235,0.2625520467758179,0.4153941790262858,0.29936130046844484,0.557146962483724,0.27620925903320315,0.5781667709350586,0.2934857368469238,0.6412789026896158,0.2757693290710449,0.6348505020141602,0.2641213297843933,0.25323437054951986,0.27272187471389775,0.4099024454752604,179.05682238322697,176.35915034346334,178.77916918298752,170.8770717192549,86.85781034545501,0.3315684080123901,88.81267880201402,0.49403460820515954,79.74499632912996,0.4835247039794922,90.44467122316851,0.6065086364746094,93.994907160993,0.59921293258667
0.2663970232009888,0.20690665245056153,0.2890215635299683,0.3968496004740397,0.2559746980667114,0.42007242838541664,0.3007399797439575,0.5785619735717773,0.27208924293518066,0.5735527674357096,0.2933222770690918,0.6273569107055664,0.2758437156677246,0.615610949198405,0.26381607055664064,0.25474236806233724,0.27249813079833984,0.40846101442972815,178.37159455198994,177.0783004463877,175.82408840738748,165.92185176174024,86.76735725491737,0.33160169124603267,90.14190594335388,0.4910068909327189,80.57317822472335,0.4935114940007527,84.89881064080113,0.5945818583170572,98.64380363564572,0.6029594421386719
0.26793732643127444,0.19116870562235513,0.28788390159606936,0.3976565361022949,0.2560649156570435,0.42051493326822914,0.29961338043212893,0.5979541778564453,0.2738345623016357,0.6021032969156901,0.29777367115020753,0.6032169977823894,0.274285101890564,0.6089354832967122,0.26343177556991576,0.2545757293701172,0.2719744086265564,0.409085734685262,178.83759239611922,177.689472829967,176.8896003117369,153.16202702882035,86.83542173090876,0.3318307320276896,89.4478447751903,0.505594515800476,81.67444250109293,0.5035199562708537,86.22716729097806,0.6055193901062011,109.26795236987768,0.6005855878194173
0.27126297950744627,0.19128109614054362,0.28784608840942383,0.3989235877990723,0.2565946578979492,0.4193579355875651,0.30009822845458983,0.587321662902832,0.2721872329711914,0.602278200785319,0.2978010892868042,0.6022591272989909,0.2727231025695801,0.6275173823038737,0.2641709208488464,0.2532008409500122,0.2722203731536865,0.4091407616933187,178.6746432825281,177.24501213672298,178.9156000956226,163.71178250593513,87.04507561918797,0.33117080132166543,90.00983130241116,0.5057094812393188,81.10769897316791,0.4982312122980754,88.78369850834598,0.6148977915445963,98.74266896358455,0.5947903951009115
0.271610951423645,0.18756844202677408,0.28767502307891846,0.392078431447347,0.2589829206466675,0.4098548889160156,0.3049352169036865,0.5493493398030599,0.2694007396697998,0.5664766311645508,0.3001945734024048,0.611644999186198,0.269832968711853,0.6193027496337891,0.26663938760757444,0.25154991149902345,0.273328971862793,0.4009666601816813,178.13802071492495,175.30321635721504,178.6138670451688,168.381121184132,87.43650453520294,0.3262582858403524,91.35960919506455,0.48372164567311604,77.97542210380958,0.4751579999923706,89.53121016671318,0.5928896903991699,94.35176961407998,0.5804971694946289
0.2747471570968628,0.19083231290181477,0.2866965293884277,0.39400402704874676,0.25867404937744143,0.4114426294962565,0.3042778253555298,0.5617475509643555,0.2701692581176758,0.593593978881836,0.3012911319732666,0.6232279459635417,0.2700977325439453,0.6317984263102213,0.2660438299179077,0.25164892673492434,0.27268528938293457,0.4027233282725016,178.55356169688147,175.7925182435234,179.46010111834775,169.827137841286,87.48281151937475,0.327186127503713,90.75522152476962,0.4981586535771688,78.76363821213143,0.4822354396184285,90.10726784418651,0.6126962025960286,92.78121991201775,0.5924877484639486
0.27858335971832277,0.19003245035807292,0.2864278793334961,0.4057063102722168,0.25786924362182617,0.42315228780110675,0.3034973621368408,0.5586975733439128,0.26999731063842775,0.5915882110595703,0.30072500705718996,0.6180545171101888,0.27101447582244875,0.644134521484375,0.26605771780014037,0.2525983254114787,0.27214856147766114,0.4144292990366618,178.63845162877877,174.71381632581858,178.60816077998913,169.33723013401905,87.84457210978857,0.3335138122240703,90.69571174614917,0.503008755048116,77.7404853526055,0.4865634361902873,88.8910354704729,0.6178613662719726,92.67414189758959,0.5883760452270508
0.277212929725647,0.20152265230814617,0.28595609664916993,0.3983790715535482,0.2585648775100708,0.4131280581156413,0.3036829948425293,0.562286376953125,0.2702686548233032,0.5789846420288086,0.28934972286224364,0.6523953119913737,0.2714322805404663,0.6535799662272136,0.26598478555679317,0.2536837975184123,0.27226048707962036,0.40575356483459474,178.5867536859992,175.61388549682786,178.91483042884795,166.99834928433992,87.6368261918245,0.3297186811765035,90.65876489788312,0.4923691034317017,78.649266106783,0.48401997089385984,89.10630543853091,0.6162823041280111,99.03809339721292,0.6073408444722493
0.276934814453125,0.21046425501505533,0.2841919183731079,0.3992313385009766,0.25714175701141356,0.41533082326253257,0.30257861614227294,0.5611346562703451,0.27090442180633545,0.5861825942993164,0.29898834228515625,0.6423637390136718,0.2717674970626831,0.650010363260905,0.26534690856933596,0.25545743306477864,0.27066683769226074,0.4072810808817546,179.1133806884468,175.22652384690082,179.48510386984142,170.5996279563935,87.99316620043761,0.3313692569732666,89.92391031940812,0.4967318375905355,78.28206284276446,0.4842078685760498,89.22529712644754,0.6180964787801106,92.53078987871919,0.6017491976420084
0.2750574588775635,0.21310067176818848,0.28414719104766845,0.395893923441569,0.2566410541534424,0.41692997614542643,0.30088486671447756,0.5552504857381185,0.2716593980789185,0.5669191360473633,0.2938174486160278,0.6448556900024414,0.2721308946609497,0.6390554428100585,0.26648507118225095,0.24699376424153646,0.2703941226005554,0.4064119497934977,179.5250573309923,174.79024568175004,179.94676393267338,169.8798509601927,88.59534673165716,0.3267028570175171,89.54834767879804,0.4866655429204305,78.42268950913162,0.4808312177658081,89.62550925156546,0.6029872894287109,94.50974545568573,0.6000530878702799
0.28245928287506106,0.21456103324890136,0.2818507194519043,0.4022744496663411,0.25472939014434814,0.4085725784301758,0.30277814865112307,0.5597986857096354,0.2695835828781128,0.5694587071736653,0.29437718391418455,0.6481369654337565,0.2692426681518555,0.6480797449747722,0.2684466004371643,0.2506953557332357,0.26829005479812623,0.4054235140482585,179.75255835088967,173.74442438362854,179.5266278365492,168.43284529097141,90.05796877216974,0.32805943489074707,89.5481935182024,0.4874411106109619,77.40666170538589,0.48261109987894696,90.24844307724265,0.6087692260742188,95.43248713486018,0.603967825571696
0.27883710861206057,0.2093140443166097,0.2822988033294678,0.3996447563171387,0.2556651830673218,0.4146968523661296,0.29915928840637207,0.5311882336934407,0.269130539894104,0.5489421844482422,0.29962005615234377,0.6173928578694662,0.2721487283706665,0.6407506942749024,0.26684643030166627,0.2546659231185913,0.2689819931983948,0.4071708043416341,179.6153252545327,172.98897997256603,178.89382354844534,172.0142567513676,89.19772571855654,0.33091836373011274,89.93996605236066,0.47805649439493814,76.32394134319422,0.4691795190175374,88.11708953660545,0.5948464393615722,89.69375429654364,0.5742905457814534
0.27907304763793944,0.21079257329305012,0.2824340105056763,0.4073582331339518,0.25746018886566163,0.41899286905924477,0.2967223644256592,0.5346487045288086,0.26738216876983645,0.5550041834513346,0.29303803443908694,0.6392432530721028,0.2709795475006104,0.6515509923299153,0.26645667552948,0.2596115032831828,0.269947099685669,0.4131755510965983,178.7844223716511,173.84924715321654,178.11427691364037,172.15053594598265,88.69792346011701,0.3363935271898906,91.03606511266207,0.48408986727396647,77.56956171860332,0.4739121278127035,87.8661199216146,0.6032775878906249,92.01740260347701,0.5869459788004557
0.2783440828323364,0.2144748528798421,0.2813619375228882,0.39479904174804686,0.25693669319152834,0.40632521311442055,0.2967766046524048,0.5251481691996257,0.26649315357208253,0.5422308603922527,0.29371075630187987,0.6385621388753255,0.2704646110534668,0.6497194925944011,0.2666999936103821,0.25753054618835447,0.26914931535720826,0.4005621274312337,178.9675077648562,173.90919683074605,178.186475601896,172.55950836727615,89.01894335184552,0.3290463368097941,91.07411867021422,0.4713964939117432,77.49683133100508,0.46285514831542973,87.88401537910612,0.5959751764933269,91.5484635846268,0.5818551540374757
0.280265212059021,0.22327559789021809,0.28058853149414065,0.4045044581095378,0.25582180023193357,0.41424423853556314,0.29630050659179685,0.5269602775573731,0.2648165702819824,0.5418941497802734,0.293454647064209,0.6319597880045573,0.2702401399612427,0.6461126327514648,0.2661052823066712,0.2607495307922363,0.2682051658630371,0.4093743483225505,178.79786914838908,173.03317687793245,177.51348861747832,171.97565026797687,89.19053585791572,0.3350619395573934,91.46476167539485,0.47563424905141194,76.56200188001881,0.4681673129399618,87.02099305031165,0.5940033912658691,91.55253895817395,0.5794600327809651
0.27850797176361086,0.22349670728047688,0.2802950620651245,0.4148216883341471,0.25359292030334474,0.4246326446533203,0.2964547872543335,0.5323962847391764,0.2648828744888306,0.5446256637573242,0.2936213970184326,0.6210844039916992,0.26953413486480715,0.6415232976277669,0.26479592323303225,0.2636478821436564,0.2669439911842346,0.4197271664937337,179.03684101052056,172.04109504719472,177.9208810840318,170.62310154524474,89.2115067768246,0.3416875243186951,90.94542826432007,0.482176415125529,75.32255159405449,0.4760617256164551,87.25180919926815,0.5930744806925456,91.82985168180373,0.5767403443654378
