0,1,2,3,4,5,6,7,8,9,10,11,12,13,14,15,16,17,18,19,20,21,22,23,24,25,26,27,28,29,30,31
0.5380913734436035,0.1004071315129598,0.5221291065216065,0.38150968551635744,0.5586259365081787,0.3934714635213216,0.5035466194152832,0.6332342147827148,0.5782708644866943,0.5499690373738607,0.5036473274230957,0.6187664667765299,0.5822713851928711,0.6261099497477214,0.5374776363372802,0.1892481803894043,0.5403775215148926,0.3874905745188395,173.32415512176038,175.84647745370043,173.04980800667246,8.625269705020827,89.16193842836984,0.2883693774541219,76.87209733736428,0.4687298059463501,98.52377798520604,0.5103623946507772,86.9923872030704,0.5880394935607911,90.39882161455274,0.6260003407796224
0.5319219112396241,0.12054407596588135,0.5368998050689697,0.3801444053649902,0.5393822669982911,0.37369521458943683,0.5078073978424072,0.6288759867350261,0.5708728790283203,0.5407339731852213,0.5060937404632568,0.6112227121988932,0.5797131061553955,0.6034698486328125,0.5376057863235474,0.18883794148763022,0.5381410360336304,0.3769198099772135,174.10099413628583,177.00908440065857,177.6227136933835,13.332932336486582,89.83694618290302,0.2828788757324219,78.70048998673535,0.4588268915812174,96.86494267413963,0.5028978983561199,81.97915622209088,0.5721019109090169,84.45549542619842,0.6200493494669597
0.5280831813812256,0.1402094046274821,0.5517153263092041,0.3490369160970052,0.5164373397827149,0.35529603958129885,0.5640483379364014,0.5181060791015625,0.5062355518341064,0.6287408192952474,0.5806452751159668,0.6381146748860677,0.5068548202514649,0.6164026896158854,0.5309388875961303,0.18265272776285807,0.5340763330459595,0.352166477839152,177.42147421869245,175.39849466879565,3.008493530009634,178.62407241809586,88.93966206209882,0.267409602801005,95.74819720037132,0.4904536485671997,79.76162342440087,0.43513627847035724,92.87334611013766,0.6225717544555665,82.12606012556117,0.5781103769938151
0.5248846054077149,0.16325278282165528,0.5389069080352783,0.34403978983561195,0.5322347640991211,0.347943115234375,0.509292459487915,0.6237630208333333,0.5664431095123291,0.6137060801188151,0.5078896522521973,0.6156916936238607,0.5619899272918701,0.5167505264282226,0.5316577434539795,0.17320347627003987,0.5355708360671997,0.34599145253499347,177.93696262541653,177.4374265943308,6.165064212458224,15.71973128504352,88.70265640827947,0.2595974644025167,83.42183087256895,0.4798487663269043,95.40434083047755,0.4848772366841634,87.37024497190058,0.5652283032735188,80.14040713276802,0.6197273572285971
0.5197636604309082,0.15376227696736652,0.5079946994781495,0.3400968869527181,0.5508465766906738,0.3419338862101237,0.5059450626373291,0.6180555343627929,0.5605638027191162,0.5812736511230469,0.504696273803711,0.590513801574707,0.5628315448760987,0.6037206649780273,0.5220778942108154,0.16892022291819253,0.5294206380844116,0.34101538658142094,177.94639331505365,177.21365917682584,178.5208392701423,8.25543138910063,87.55685627430422,0.25496780474980674,82.61429111096466,0.4611445188522339,94.84350690778767,0.47953546047210693,84.23118375023257,0.5924971580505372,87.40389038314966,0.6042846679687499
0.5163988590240478,0.14139636357625326,0.5093569755554199,0.3495761553446452,0.5488019943237304,0.3601098378499349,0.5060484886169434,0.6268547058105469,0.5555817127227783,0.595699691772461,0.5056895732879638,0.6095483144124348,0.5577164173126221,0.6008344014485677,0.5205395460128784,0.16841166814168296,0.5290794849395752,0.35484299659729,178.40919497013533,176.97083465288836,164.06554890409404,6.434908652889689,87.3772613521994,0.2616273323694865,83.72082324434524,0.4752713441848755,94.83964124965324,0.49084885120391847,67.42538616302201,0.5982670466105143,88.81191950474523,0.6182015101114908
0.5158333778381348,0.18768784205118816,0.5156213283538819,0.3548908233642578,0.5421617507934571,0.36307109196980797,0.5054809093475342,0.6408546447753907,0.549082899093628,0.5704460144042969,0.4964341163635254,0.6129700978597005,0.5503883361816406,0.613272221883138,0.5220222473144531,0.18841312726338705,0.5288915395736695,0.35898095766703286,178.59743345452685,177.34608529001633,176.9138867473857,25.257398769072473,87.69376866335833,0.27369704246521,84.54575126714803,0.46471348603566487,94.74772548212333,0.49991780122121177,88.25403912865198,0.5918591181437174,72.02499258166945,0.6269123713175455
0.5134315967559815,0.18562200864156086,0.5075340270996094,0.3535375912984212,0.5374801158905029,0.36341470082600913,0.5039968967437745,0.550908915201823,0.5449394702911377,0.529129950205485,0.5046748638153076,0.6366479873657227,0.5439440727233886,0.6071409225463867,0.5148791790008544,0.18466375668843588,0.5225070714950562,0.3584761460622152,177.49877555486526,176.20753827849634,174.34176456010212,175.87902543129584,87.48714235009871,0.2715699513753255,82.51141932924419,0.4438030481338501,95.49439671033258,0.4546925306320191,90.73103799407627,0.5681354363759359,89.54695285009099,0.5937784512837728
0.515251636505127,0.20821882883707682,0.49961075782775877,0.32154792149861655,0.5398151397705078,0.33761110305786135,0.4946310520172119,0.49075139363606773,0.5447672367095947,0.498601754506429,0.5060596466064453,0.5776453018188477,0.5422252178192138,0.5807317097981771,0.5179755210876464,0.19931915601094563,0.5197129487991332,0.32957951227823895,176.68387237473397,175.73422651013237,173.10512039047998,169.35693683712609,89.23582757464042,0.26444933414459226,81.56840187021058,0.414090633392334,98.8455337388647,0.41016545295715334,91.77280593083934,0.5396667321523031,82.50726284724598,0.5341983477274577
0.5088649272918702,0.19306308428446453,0.5008193492889405,0.34718192418416344,0.5334908962249756,0.35983425776163735,0.5003081798553467,0.42985308965047203,0.5369885921478271,0.44633007049560547,0.5117184162139893,0.518474801381429,0.5362880229949951,0.5305005391438802,0.5131169319152833,0.20835599104563396,0.517155122756958,0.35350809097290037,173.6671528375034,170.86566694197768,173.3534045433693,170.77582847613644,88.40641900435496,0.28093204100926716,77.93885991420046,0.3999190807342529,102.44395207720287,0.3916805903116862,90.47687424690761,0.4884153048197428,82.66340710394827,0.47416394551595054
0.5088592529296875,0.19980777104695638,0.49538364410400393,0.3551673253377279,0.534472131729126,0.3617215792338053,0.49147777557373046,0.43809162775675453,0.5369564533233643,0.4490191141764323,0.5096409797668457,0.4893918673197428,0.5370525360107422,0.5132315953572592,0.5121385097503662,0.23044755458831787,0.514927887916565,0.3584444522857666,172.80851643652537,169.27652606082327,171.95120540726836,158.19111913017912,88.75157674734203,0.29444600343704225,76.33054977615494,0.4037317832310995,106.40574211007088,0.3982680400212606,89.91426700446452,0.4811253547668457,70.50313949970146,0.4637417475382487
0.5086536407470703,0.1844335397084554,0.493056583404541,0.35630572636922203,0.5316582679748535,0.3588777224222819,0.49457836151123047,0.5184412002563477,0.5355013370513916,0.5080962498982747,0.4996817588806152,0.6043944040934245,0.5335656642913819,0.5682055791219075,0.5118616580963135,0.20411186218261718,0.5123574256896972,0.35759172439575193,175.7045108777307,176.8397894551935,172.4054230076536,173.66200126699965,89.81492495812336,0.2808517932891845,81.25779134315313,0.43284398714701333,96.30743124994353,0.4380164623260498,91.84443194340786,0.5381509145100911,86.60210160196885,0.5614178021748861
0.5065653324127197,0.15677976608276367,0.4910606861114502,0.37170642217000327,0.5322421073913575,0.3706236203511556,0.49996070861816405,0.6334015528361002,0.5311113834381104,0.6343041737874349,0.5016674995422363,0.6035932540893555,0.531736183166504,0.6074403127034506,0.5099995374679566,0.19052724838256835,0.5116513967514038,0.37116502126057943,178.49417669669924,178.7459307417235,6.19114190013664,0.8175019983293285,89.4760679024003,0.2808461348215739,85.7704921097031,0.5027345975240072,92.55259580819623,0.5022832870483398,91.33234513823152,0.6208722432454428,93.27711601529964,0.6184974034627279
0.5053985595703125,0.1700393835703532,0.4919729232788086,0.36651411056518557,0.531608772277832,0.3664966265360514,0.49405603408813475,0.5634609858194987,0.5349431991577148,0.5581822077433268,0.5048478126525879,0.5229915936787923,0.5365495681762695,0.5559764226277669,0.510257625579834,0.18935223420461017,0.5117908477783203,0.3665053685506185,176.94175847995905,177.33446228070505,43.50890015705744,12.390885849595291,89.5041297573081,0.27792880137761433,83.11269627054723,0.46234378814697263,95.14530630841422,0.46498317718505855,126.06408118486813,0.5570793151855469,104.93133874362732,0.5432262897491456
0.5059521675109864,0.1730908234914144,0.4908449172973633,0.371935780843099,0.5271816253662109,0.373139476776123,0.498032283782959,0.6042470296223958,0.5307582378387451,0.6339839299519857,0.5042837142944336,0.596898078918457,0.5315865516662598,0.6061282475789388,0.5082605123519897,0.1935928185780843,0.5090132713317871,0.372537628809611,178.17000583105923,178.71349400853714,7.222939569458402,39.17873086029591,89.75897787663288,0.2830652236938477,85.24554824981354,0.5032607793807984,92.71328592672012,0.4883923292160034,91.70323975974091,0.6200560887654623,130.38635693003727,0.6005725542704264
0.5035925388336182,0.1434526761372884,0.4912437915802002,0.3746686299641927,0.5267394542694092,0.3733976364135742,0.499819278717041,0.5884894053141276,0.5314716339111328,0.5991378784179687,0.5043413639068604,0.5703617095947265,0.5303322315216065,0.5814913431803386,0.5075510740280151,0.1871312697728475,0.5089916229248047,0.3740331331888834,177.6198712483162,178.6545529072871,2.1788399199325688,12.650111833429197,89.55840067017604,0.28058220148086543,84.29708406056746,0.4865855058034261,92.44906107892602,0.48126126925150553,86.30565143751718,0.5903146107991537,104.00697189881073,0.5794255574544271
0.50452880859375,0.1402748743693034,0.48937320709228516,0.3800615628560384,0.5307938098907471,0.3762893358866374,0.4959989070892334,0.57451171875,0.5347617149353028,0.5600465138753256,0.4975597858428955,0.5750874837239583,0.5309800624847412,0.5729687372843425,0.5075537204742432,0.18368282318115237,0.5100835084915161,0.3781754493713379,176.40751155623576,177.59024411639365,157.56501425461659,106.60847780531633,89.25478921294184,0.28092913627624516,82.27269166529717,0.46911098162333176,94.10320602369087,0.4763435840606689,106.31196673253444,0.566507625579834,20.2476219617147,0.5747996012369792
0.5051113128662109,0.17548176447550456,0.4912886142730713,0.37699251174926757,0.5328165054321289,0.37786471048990883,0.4977695941925049,0.5928735097249349,0.531256914138794,0.636014747619629,0.5063891410827637,0.5734625498453776,0.5315227508544922,0.5962640126546224,0.5080475330352783,0.19096593856811522,0.5120525598526001,0.3774286111195882,178.73790716473084,177.67201367828721,5.467489120806597,22.289071357776017,88.76953466588552,0.2841972748438517,85.75262556832419,0.5067216793696085,93.79288581436985,0.4851510604222615,90.38316511130239,0.6161393801371257,113.9438856408728,0.5831680297851562
0.5052505493164062,0.16175988515218098,0.4917748928070068,0.3799842516581217,0.5325538158416748,0.37951682408650717,0.4969641208648682,0.5483664194742839,0.5359549522399902,0.5424807866414388,0.5047914028167725,0.5614351272583008,0.5336756229400634,0.5702599207560222,0.5092158079147339,0.1925856908162435,0.5121643543243408,0.37975053787231444,176.05255557784918,176.82113645620836,168.86704630245654,146.7573635686822,89.09745182439158,0.28616811434427897,81.68247972576229,0.4611156622568766,95.15112517961985,0.4640584786732992,94.69071668581546,0.5563703536987306,59.08121139929633,0.5549007733662923
0.5065085411071777,0.14925745328267415,0.49071335792541504,0.38177563349405924,0.5298768520355225,0.3766744613647461,0.4918168067932129,0.5139279047648112,0.5331966400146484,0.4959981918334961,0.4940788269042969,0.5670502980550131,0.5303881645202637,0.521531359354655,0.5080233097076416,0.18933936754862468,0.5102951049804687,0.37922504742940266,173.596823804502,175.04738762527177,165.68628600741482,172.62723255184002,89.31454509263155,0.28428220748901367,78.90399011493953,0.43761161963144934,97.81098118422275,0.44657647609710693,96.27691507153834,0.5087647755940755,87.56174465619017,0.5404891014099121
0.5071172714233398,0.1452954928080241,0.49189534187316897,0.37634801864624023,0.5302011013031006,0.36785558064778645,0.4955912590026855,0.5549862543741862,0.53346266746521,0.5388001759847005,0.5080825805664062,0.5595324198404948,0.5297783851623535,0.5714433670043946,0.5087798118591309,0.18279585043589275,0.5110482215881348,0.37210179964701334,176.30802130496875,177.1984017700463,168.19278709030488,109.09227668416872,89.31347068550659,0.2774488250414531,82.3418788301854,0.4554509878158569,94.83102288296438,0.4635440270105998,96.43945229540824,0.5551217714945476,19.998769636369264,0.5572593371073405
0.5072203636169433,0.1451506773630778,0.49183363914489747,0.38015724817911783,0.5325264930725098,0.37804641723632815,0.49330768585205076,0.5185608228047689,0.5336369037628174,0.516349442799886,0.495253849029541,0.5647136052449544,0.531247901916504,0.5451177597045899,0.5076268434524536,0.18374972343444823,0.5121800661087036,0.379101832707723,175.58605274346758,174.74215397758303,168.70086684724075,172.37491411749147,88.66480471365269,0.2814257780710856,81.11449207930572,0.44772563775380453,97.70677210189534,0.44883132775624596,94.7471102749952,0.5307336012522379,87.58539117932558,0.5416372140248616
0.505825424194336,0.15354472796122234,0.4900978088378906,0.3608253796895345,0.5295409679412841,0.35993340810139973,0.4902953147888184,0.5002765337626139,0.5330266952514648,0.4966778119405111,0.49186172485351565,0.5943843841552734,0.529053783416748,0.4814355214436849,0.5060488939285278,0.1868032773335775,0.5098193883895874,0.36037939389546714,175.31265971013806,174.9320805658181,5.580968797852759,174.65810227519668,88.75559233758615,0.2735913356145223,80.33701184377297,0.4285286029179891,97.94489493338874,0.43032796382904054,75.39087420178254,0.489056666692098,89.04640900429125,0.5473304589589436
0.5054076194763184,0.15586101214090983,0.4890902996063232,0.362525208791097,0.5295239448547363,0.36425898869832357,0.4923285961151123,0.5087062835693359,0.5326450347900391,0.5063981374104818,0.4922054290771484,0.5780556360880534,0.5291746139526368,0.5062144915262858,0.507027006149292,0.18791775703430175,0.5093071222305298,0.3633920987447103,175.33018040769278,175.95920697402897,79.05149554881656,175.54677204020814,89.25553972701972,0.275654927889506,80.73130550158919,0.43489511807759607,96.66422927795625,0.4360491911570231,3.029122255138617,0.5063063144683838,90.10175933551267,0.5433809598286947
0.5049407005310058,0.16963233947753906,0.49102091789245605,0.3514981269836426,0.5285724639892578,0.3520957628885905,0.49239287376403806,0.4978591601053874,0.5321216583251953,0.4951912562052409,0.4920521259307861,0.6167896906534831,0.5310391902923584,0.5116235415140787,0.5073970317840576,0.19027082125345868,0.5097966909408569,0.3517969449361166,175.78641581531255,175.99772071210458,168.6603247771065,176.33321069426296,89.1488669127241,0.2710338830947876,81.15070074229524,0.4234941005706787,96.79495355724158,0.42482805252075195,93.76888359739793,0.5034073988596598,90.16415767433821,0.5573244253794353
0.50663161277771,0.15896983146667482,0.4901147365570068,0.3575216929117839,0.5290331840515137,0.3558186531066895,0.49257698059082033,0.4872824350992839,0.5320966243743896,0.472622013092041,0.49546375274658205,0.49257170359293617,0.529512596130371,0.5004909197489421,0.5087412834167481,0.18959272702534993,0.5095739603042603,0.35667017300923665,173.72497357115472,175.69364900341932,166.80972473551566,145.44761813843976,89.71445292283974,0.2731314500172933,79.00766156733772,0.4146460930506388,97.41441182635289,0.42197630405426023,95.29736630316957,0.48655646642049155,61.37521099786129,0.48992706934611
0.5055042743682862,0.1444484233856201,0.4884781837463379,0.38133198420206704,0.5292095184326172,0.37550195058186847,0.49102053642272947,0.5089778264363607,0.5316731929779053,0.5040075620015462,0.494663667678833,0.5922533671061198,0.5294909477233887,0.5461352666219076,0.5079289674758911,0.18921077251434326,0.5088438510894775,0.37841696739196773,174.0109889500574,175.25323603839033,170.0165560104175,173.70111256138682,89.72295536459683,0.2838138699531555,79.69749924901285,0.44121226469675695,97.77359342569943,0.4436973969141642,92.96531199862257,0.5250714143117269,87.49502637908826,0.5506155967712403
0.5054027557373046,0.14732214609781902,0.48949809074401857,0.38006197611490883,0.5296102523803711,0.376188850402832,0.49270172119140626,0.5062405586242675,0.531358289718628,0.5015484809875488,0.49464569091796873,0.5926883061726888,0.529026985168457,0.546395746866862,0.5076208114624023,0.18797704378763835,0.5095541715621948,0.3781254132588704,174.31046204628456,175.19011778156175,170.4231610040837,174.7370978661553,89.41745723479858,0.2830512285232544,79.98140621541037,0.4398369471232096,97.4937450404271,0.44218298594156896,92.97573969591467,0.5239721139272053,88.71179417116772,0.5494644323984781
0.5030951976776123,0.1598790168762207,0.489033842086792,0.36810051600138344,0.5308786869049072,0.3651659329732259,0.49283294677734374,0.532777976989746,0.5318092823028564,0.5233462969462077,0.4965324401855469,0.5890595118204752,0.5312864780426025,0.5615625381469727,0.506003737449646,0.18829300403594973,0.5099562644958496,0.3666332244873047,176.46570301872373,176.30525995657197,172.9714669363446,172.78553480554618,88.73037024644314,0.2774631142616272,82.06152124723879,0.4449897607167562,95.88427920318293,0.4497056007385254,90.78376648945417,0.5424544175465902,86.23924845530462,0.5609187444051107
0.5047122478485108,0.17228291829427084,0.48791255950927737,0.3617733319600423,0.5286355972290039,0.3597957293192546,0.49198546409606936,0.5479459126790365,0.5319488048553467,0.5233602205912272,0.4960277557373047,0.591549809773763,0.5312041759490966,0.5921116511027018,0.5071732521057128,0.1880372365315755,0.5082740783691406,0.36078453063964844,175.94032409686852,177.44248452675373,173.71856697232994,171.6658026198803,89.63488953352832,0.27441088358561194,81.71466709805175,0.44207237561543783,94.97390670314219,0.45436522165934246,90.62053145942221,0.5577359358469645,84.70354308987334,0.5697478612263998
0.5036557674407959,0.16188109715779622,0.48815135955810546,0.3727506955464681,0.5262274265289306,0.37587865193684894,0.490002965927124,0.46404323577880857,0.5307347297668457,0.4673230489095052,0.5035192966461182,0.543523661295573,0.5320313930511474,0.568228022257487,0.5056181669235229,0.1900952657063802,0.5071893930435181,0.3743146737416585,170.9706711307602,172.41937186446594,173.43590209918443,169.10615603524818,89.51133030212581,0.2822049697240193,75.79386338806235,0.4208188613255819,100.8429922735377,0.41917895476023354,89.26377023652573,0.5177755355834961,80.34869090977914,0.5037834485371908
0.5040759563446044,0.1320751667022705,0.48540639877319336,0.3788278579711914,0.524519395828247,0.37595548629760744,0.4883622169494629,0.47994556427001955,0.5287622451782227,0.4670413017272949,0.5063524723052979,0.539928118387858,0.5295545578002929,0.5624614715576172,0.5046680927276611,0.18995439211527507,0.5049628973007202,0.3773916721343994,170.10224416526052,174.02341954440746,172.90674393200047,163.79453653584957,89.90988428829296,0.28367303212483724,75.13257761219619,0.4222164869308471,99.1948684817407,0.4286686182022095,89.5242606870247,0.514751386642456,73.30470889873162,0.5099368413289388
0.5046227455139161,0.14219290415445965,0.485625171661377,0.38321444193522136,0.5251806259155274,0.3779311180114746,0.4902775287628174,0.4786447207132975,0.5292687892913819,0.4700507481892904,0.5066771984100342,0.5398095448811849,0.5306750297546386,0.5791144053141276,0.5046788215637207,0.18966678778330484,0.5054028987884522,0.380572779973348,170.07761077179018,174.08549641447007,173.484614555402,165.44923456871294,89.7826869151312,0.2851197838783264,75.06553458277261,0.4253117640813192,98.76749383660014,0.42960875034332274,89.26128298730237,0.5245825767517089,74.99073221422832,0.5092271327972412
0.5047102451324463,0.14772613843282065,0.48564877510070803,0.38188854853312176,0.5242817878723145,0.3788888931274414,0.4907035827636719,0.48848244349161785,0.5292429447174072,0.4755985895792643,0.5069920063018799,0.5704308191935221,0.5315854549407959,0.5988049825032552,0.5042572498321534,0.19036484559377034,0.5049652814865113,0.3803887208302816,170.70110519257278,175.087018134199,174.14039428334516,169.3691668682201,89.78651610081421,0.285376783212026,75.69493030495259,0.42799365520477295,97.51609397751005,0.4344355821609497,88.91077259056273,0.5372017860412598,78.75815290294604,0.5294566313425699
0.5045671463012695,0.14220425287882488,0.48728628158569337,0.37826976776123045,0.5269226551055908,0.3673356691996256,0.4913910388946533,0.5375642776489258,0.531976318359375,0.5314401944478353,0.5054141521453858,0.5872241338094075,0.5314190864562989,0.606477165222168,0.5054785966873169,0.18728103637695312,0.507104468345642,0.372802718480428,175.4921327126196,176.8551958522009,173.63408142746624,163.77954546292972,89.4978851086182,0.2800418774286906,81.08946523387475,0.45212145646413165,95.4478627903335,0.4551834980646769,90.4254762559517,0.5689586798350017,74.23120733666556,0.5623942057291667
0.501358938217163,0.1422130266825358,0.4878245830535889,0.37765394846598305,0.5281442165374756,0.3738632520039876,0.49289641380310056,0.5669041951497396,0.5315633773803711,0.548369026184082,0.5032787799835206,0.5879805246988933,0.530420970916748,0.5993176778157552,0.5043799161911011,0.1874697287877401,0.5079843997955322,0.3757586002349853,176.5288788404866,177.22025835978533,172.9844281506442,152.50456173111849,88.90329962727674,0.2816141645113627,82.22141080039664,0.46206381320953366,94.51325691867949,0.47133139769236243,91.28451097890833,0.5738433519999186,63.774779142844075,0.5774423599243164
0.5019339084625244,0.14510820706685384,0.4868762969970703,0.3991938908894857,0.525187635421753,0.3896637280782064,0.49329290390014646,0.559712028503418,0.5318792343139649,0.5417802174886067,0.5032088756561279,0.589431889851888,0.5301473140716553,0.6008413950602214,0.5041851282119751,0.19093253612518313,0.5060319662094116,0.39442880948384607,174.56410310714725,177.28447929830935,171.6566271062048,160.7194053328161,89.48002429773038,0.2926806728045146,80.05082794658676,0.4681045134862264,94.40730973843421,0.477070418993632,91.67967005953093,0.5713108062744141,71.54882748669624,0.574571959177653
0.5015975952148437,0.1750661532084147,0.48806023597717285,0.3858968734741211,0.5252312183380127,0.3813631057739258,0.49210267066955565,0.5604258855183919,0.5318148136138916,0.5433265686035156,0.5029549121856689,0.5896095911661784,0.5330892562866211,0.6000977198282877,0.5053575992584229,0.20000582536061606,0.5066457271575928,0.38362998962402345,175.4501900201705,177.40367258572,174.32130384038206,158.5753289418313,89.59807533078721,0.29181790749231973,81.04353350202118,0.4634782791137695,94.70250695770878,0.47202793757120765,88.71399606313626,0.5717121442159017,69.60186502499434,0.5750177383422852
0.5032323837280274,0.16973776817321778,0.4907273769378662,0.384989070892334,0.5238390445709229,0.38339389165242516,0.49540343284606936,0.5897274017333984,0.528920316696167,0.5965124766031901,0.5082631587982178,0.6084190368652344,0.5300911903381348,0.606005605061849,0.5046911239624023,0.19442501068115234,0.5072832107543945,0.38419148127237956,177.62960542141755,178.03796523193222,178.8394940584993,145.72267574022501,89.21742551617582,0.28930824597676597,84.18121672272446,0.4903519789377848,93.30796038884873,0.486959441502889,82.96870290050416,0.6012590408325196,55.47227596467284,0.5990732192993165
0.5034910678863526,0.17266863187154133,0.48847212791442873,0.3806165059407552,0.5249946117401123,0.3763439178466797,0.4941913604736328,0.58619384765625,0.5302576065063477,0.5774141311645508,0.507633113861084,0.5976174036661784,0.5300864696502685,0.608839734395345,0.5062856435775757,0.19995299180348713,0.5067333698272705,0.37848021189371744,176.889890285181,178.338109699388,173.89929956957133,130.59499586389376,89.8563089108159,0.2892166018486023,83.25600579426221,0.47794717152913413,93.45539563048327,0.4823370297749837,90.31201700634739,0.5931269327799479,40.359749415399655,0.5919056256612143
0.5027625083923339,0.17621795336405435,0.48947768211364745,0.3707405090332031,0.5253104209899903,0.36950092315673827,0.4911949157714844,0.5725116093953451,0.5310623645782471,0.5621516545613606,0.5054585456848144,0.5913456598917644,0.5297682285308838,0.6058743158976237,0.505717658996582,0.1972160498301188,0.5073940515518188,0.37012071609497066,176.9463843936793,177.63992509860486,172.8831980290375,142.36091611523727,89.44450771154503,0.2836683829625447,82.97358294685087,0.46613618532816564,94.57613344095199,0.47131616274515786,91.69538836942456,0.5840129852294922,52.86218638830634,0.5819286346435547
0.5026103973388671,0.19198322296142578,0.4866530418395996,0.3619997978210449,0.5234923362731934,0.35917841593424477,0.49348840713500974,0.5881275177001953,0.5298977851867676,0.5787746429443359,0.5028641223907471,0.5879557927449545,0.5295970439910889,0.6050931294759114,0.5026707887649535,0.19868052005767822,0.5050726890563965,0.36058910687764484,177.60604281435747,178.43618199139186,173.6175592276275,88.39415655232852,89.15008426621073,0.2796348134676615,83.50881564009144,0.46968187491099034,92.91448769301755,0.4743583122889201,90.6546900514689,0.5919338862101237,178.95069177424372,0.5880416552225749
0.5028935432434082,0.1791344960530599,0.4869873046875,0.36970958709716795,0.5258194446563721,0.35868005752563475,0.49778332710266116,0.6199361165364583,0.5283573150634766,0.5989966710408529,0.5022962093353271,0.5970905939737956,0.5281664371490479,0.603185526529948,0.5025750398635864,0.1930539051691691,0.5064033746719361,0.3641948223114013,178.29247609478895,178.7126249917585,172.18780910262674,10.16396996151813,88.71853642594391,0.2786243637402852,84.65838228772998,0.4815957466761271,91.93048774672127,0.4920654694239298,92.60905124605297,0.6010910987854003,101.17428821333661,0.608513355255127
0.503064775466919,0.1756889820098877,0.48706779479980467,0.37084573109944663,0.523230791091919,0.3697320620218913,0.491167688369751,0.5604517618815105,0.5288545608520507,0.5438392639160157,0.4996179103851318,0.5876124064127605,0.5268443584442138,0.5853981018066406,0.503618597984314,0.18877406120300294,0.5051492929458619,0.370288896560669,176.28750729308285,177.71357631115936,171.471607903907,161.2600384523112,89.51684234520488,0.27953147888183594,82.22209392727167,0.45706408023834233,94.20506959506704,0.46537032922108973,92.76924046337112,0.5646186828613282,72.71803287596339,0.5740320841471355
0.5031683444976807,0.16433281898498536,0.4851201057434082,0.3790394465128581,0.5214593887329102,0.37673524220784504,0.49471111297607423,0.5939774831136068,0.5277237892150879,0.5829992294311523,0.4997127532958984,0.5839417775472006,0.5276379585266113,0.5947627385457357,0.5022675275802613,0.18728934129079183,0.5032897472381592,0.37788734436035154,176.88743031452617,178.7910437071767,173.1762857925324,25.496431302507915,89.69271288451213,0.28258834282557166,83.20662939787871,0.48044328689575194,92.27341037532409,0.48593241373697915,90.41804268515664,0.588880983988444,116.49095527287272,0.5889596303304037
0.5041030406951904,0.19864583015441895,0.4940017223358154,0.36306632359822594,0.5183019161224365,0.3662007967631022,0.5017696857452393,0.6103399912516276,0.5239785671234131,0.5962156931559245,0.5061279773712158,0.5938362757364909,0.5273059844970703,0.5626494725545247,0.5049043416976928,0.19934221108754477,0.5061518192291259,0.36463356018066406,178.3497497658327,179.4152306660158,11.759048487938047,14.78697153951501,89.5675887397243,0.28198788563410443,85.59816176777626,0.4804246266682943,91.0217524092777,0.48748677571614585,95.66123160109763,0.5794325828552246,104.79293149433389,0.6020881334940593
0.5033270359039307,0.1824748675028483,0.48657894134521484,0.3694009780883789,0.5234858512878418,0.3693607012430827,0.4919313430786133,0.5727760314941406,0.5289661884307861,0.5617465337117513,0.4973730564117432,0.5849648157755534,0.5285947322845459,0.5965604146321615,0.5036908626556396,0.18799569606781008,0.5050323963165283,0.36938083966573076,176.77660996879845,178.06507444186474,173.4673278857772,153.90673907381714,89.57624525452233,0.2786882678667704,82.90780821678085,0.46556368668874104,93.68543390236874,0.4710784355799357,90.61130966453045,0.5791534741719564,65.94150692136625,0.578870423634847
0.5029906749725341,0.16095255215962728,0.4862048149108887,0.3757248560587565,0.5241378784179688,0.36717354456583656,0.49220943450927734,0.5757614771525065,0.5295323371887207,0.5589986165364583,0.49726381301879885,0.5773134231567383,0.5291743278503418,0.585569953918457,0.5032844066619873,0.1887110948562622,0.5051713466644288,0.37144920031229656,176.6538712695342,178.00892625243924,172.8319054457343,104.86936486177257,89.40838909444204,0.28008014758427935,82.59922661209222,0.46522390842437744,93.63007501970387,0.4736053387324015,90.7719288912859,0.5722842852274577,17.069094715914648,0.5765374501546223
0.5041301727294922,0.14007450739542643,0.48705344200134276,0.3757245381673177,0.5264468669891358,0.3660692850748698,0.4894280910491943,0.49787495930989584,0.5312523365020752,0.4943188349405924,0.4961683750152588,0.5073940912882487,0.5280295848846436,0.5271390279134115,0.5052008152008056,0.19079556465148928,0.5067501544952393,0.37089691162109373,173.67711701508114,175.17212587120758,166.63617430233484,140.265625405489,89.5071196613323,0.2808462381362915,78.77142073888058,0.43260787328084305,97.76821159742947,0.43438593546549475,95.6081329259255,0.5107289314270019,54.6985453767361,0.5026345252990723
0.5047434806823731,0.13641924858093263,0.48581790924072266,0.38260285059611004,0.5262567520141601,0.37177391052246095,0.48697805404663086,0.4802939097086589,0.5308485984802246,0.4748183250427246,0.4943674564361572,0.5101556777954102,0.5286941528320312,0.5305391947428385,0.5045741558074951,0.19358492692311607,0.5060373306274414,0.3771883805592855,171.07835604706244,173.03896523416176,169.38139614066307,161.08544166471208,89.54340746011991,0.28538665374120076,75.74094754440378,0.42600335280100504,100.47302591807163,0.4287411451339722,92.21423651245954,0.5026787598927815,76.10115365404111,0.49522479375203454
0.502141809463501,0.13833187421162924,0.4850703239440918,0.38200130462646487,0.5256405353546143,0.3776872952779134,0.4880337715148926,0.5136494636535645,0.5307924270629882,0.5022421836853027,0.49346132278442384,0.5724021911621093,0.5299794673919678,0.5603066762288411,0.5030061483383179,0.18887859980265298,0.505355429649353,0.37984429995218916,173.32700587555405,175.2633790242763,171.42784824943558,171.18740920631063,89.2951764944338,0.28436144987742107,78.25978152920786,0.44104324181874593,97.37616512251914,0.4467468818028768,90.80214452559035,0.531274429957072,84.7220209950692,0.5430258274078369
0.502244234085083,0.13650859196980794,0.48580045700073243,0.3837284088134766,0.5256128311157227,0.3802714983622233,0.4887171745300293,0.5132786115010579,0.5301148414611816,0.5021649678548177,0.49127726554870604,0.5742836634318034,0.5295422077178955,0.5460638046264649,0.5029893875122071,0.18836414019266765,0.5057066440582275,0.38199995358784994,173.45861519650182,175.14119437599015,170.98642892231334,173.30542592583333,89.1960313998724,0.2851820468902588,78.5181556912184,0.44208246072133384,97.3739667115055,0.44763928254445395,90.74734636237187,0.5241143862406412,87.59697942615149,0.5437811374664306
0.5015981674194336,0.12513567606608073,0.4848919868469238,0.3829992930094401,0.5231241226196289,0.37655709584554037,0.4907390117645264,0.5626057306925456,0.5286588668823242,0.5191668192545573,0.4977046012878418,0.5924029032389323,0.5298074722290039,0.6013684590657552,0.5021007537841797,0.18325724601745608,0.5040080547332764,0.3797781944274902,174.49155436312236,177.56446644623136,174.159582313742,165.1443384827111,89.44394292537487,0.2815177202224731,79.97096578024642,0.4494725068410238,94.15106780361087,0.47119196256001794,89.19945689287974,0.5602676391601562,76.84242677516251,0.577504316965739
0.5024378776550293,0.15151257514953614,0.4857088565826416,0.3723295211791992,0.523903751373291,0.36952857971191405,0.4913675785064697,0.5739073435465495,0.5289103984832764,0.5329778989156088,0.501854419708252,0.5940996805826823,0.5318133354187011,0.6091379165649414,0.503134036064148,0.1875006596247355,0.5048063039779663,0.37092905044555663,175.80650601635506,177.95627956607433,175.7145323715669,151.79719242555163,89.47766406900494,0.2792148550351461,81.5395232961766,0.45195347468058267,93.78789341280132,0.47241819699605303,87.81715444829948,0.5710579077402751,62.555001138230715,0.5840035120646159
0.5016575813293457,0.1263679583867391,0.4858280658721924,0.37991558710734047,0.5232866764068603,0.37289625803629556,0.49136943817138673,0.548489507039388,0.527743911743164,0.5227733294169108,0.4970258712768555,0.5862119674682618,0.5297387123107911,0.5974782943725586,0.49927260875701907,0.18069833914438882,0.5045573711395264,0.37640592257181804,175.75621690724185,176.84859551926832,175.03127791786093,169.4162211828608,88.45319731749915,0.27855213085810343,80.99838820506598,0.4495896259943644,94.38239827001911,0.46244771480560304,88.47042963302565,0.5601258118947348,81.47211019017573,0.5673507372538249
0.49605522155761717,0.14039071400960287,0.48660736083984374,0.3842397371927897,0.52346830368042,0.36999038060506184,0.4928744792938232,0.5505540211995442,0.5281366348266602,0.519790236155192,0.4971552848815918,0.5971104939778645,0.530113697052002,0.5959655125935872,0.49776747226715085,0.18469419479370117,0.5050378322601319,0.37711505889892577,175.98219925959992,176.75461469031382,174.95028781866435,172.6944427690709,87.8361863886968,0.28090462684631345,80.8037307514672,0.44845264752705893,94.01161082429681,0.46383454004923497,88.51327226146786,0.5578778743743896,84.74650158118104,0.5738322575887044
0.49477572441101075,0.1310809055964152,0.4880853176116943,0.38702983856201173,0.5253650665283203,0.3810196240743001,0.490887451171875,0.532148520151774,0.5293297290802002,0.5067128817240397,0.4948002338409424,0.5784964879353841,0.5298731803894043,0.5897502263387044,0.4970769643783569,0.1790562629699707,0.5067251920700073,0.38402473131815595,175.18245760796054,174.9012491654573,173.95512501531294,171.66545593296718,87.304975824701,0.2815404971440633,79.56067809325748,0.44536880652109784,96.1030115040642,0.458086625734965,89.62502387355921,0.548231554031372,85.17442479878214,0.5553225040435791
0.4961659908294678,0.18811826705932616,0.49974808692932127,0.36364078521728516,0.5211029529571534,0.3592950185139974,0.49867262840271,0.48300600051879883,0.5277630805969238,0.4699178059895833,0.5102049827575683,0.6180023829142253,0.5346184253692627,0.6149037679036459,0.5001801252365112,0.2035494327545166,0.5104255199432373,0.36146790186564126,176.82916975657815,174.78567050016702,177.25417646397426,175.06798446311618,86.28798111320496,0.28250866731007895,80.91715344772571,0.4156928539276123,95.52340210137774,0.42223695119222004,87.29291029613584,0.5424107869466146,85.11724040251285,0.5505041917165121
0.49463982582092286,0.18653669357299804,0.5026284217834472,0.33143459955851234,0.5258368015289306,0.32998313903808596,0.5028328418731689,0.518442980448405,0.5312196731567382,0.46592400868733724,0.5106390953063965,0.6174366633097331,0.5376828193664551,0.6163151423136394,0.5022858858108521,0.1804673671722412,0.5142326116561889,0.3307088692982991,178.62716628349244,176.43237440853568,177.7669629183905,174.77316801903856,85.45358815825857,0.25558811823527017,82.83945226519731,0.3983164389928182,93.47490219557206,0.42457592487335205,87.53919484672885,0.5411195755004883,85.49120981939049,0.567939821879069
0.5034421443939209,0.2195724328358968,0.5001995086669921,0.3577820460001628,0.5304585456848144,0.3562087376912435,0.5020081043243408,0.5923994700113933,0.535099458694458,0.5459343592325846,0.5102186679840088,0.6168615976969402,0.5388896465301514,0.6126927057902019,0.5099471569061279,0.2077526648839315,0.5153290271759032,0.35699539184570317,178.27990053348253,177.94363889339837,177.98494709141045,160.31939113089987,87.93474095027734,0.28237402836481734,84.02635197010086,0.4514648755391439,93.23876955001893,0.4746974309285482,86.75053537170767,0.5793135325113932,71.44598732135955,0.6046305338541667
0.4978479385375977,0.2910130500793457,0.5218686580657959,0.3880407969156901,0.4961668014526367,0.39920988082885744,0.5427851200103759,0.6306060155232748,0.5056685924530029,0.6326076507568359,0.5370346069335937,0.5763643264770508,0.5115610122680664,0.6252984364827474,0.49732232093811035,0.23287916978200277,0.5090177297592162,0.3936253388722738,178.00094652312302,178.41149285413735,39.50344502674207,2.6648151256543278,85.83866349629491,0.31325225432713827,90.8028998896846,0.5131164948145548,81.89051049506294,0.5121156771977743,128.87448334735294,0.6289530436197917,83.94830809022834,0.6034851710001627
0.4947388172149658,0.17890531222025555,0.5042706489562988,0.3575250307718913,0.5310883045196533,0.34598185221354166,0.49956846237182617,0.5491857528686523,0.5357494354248047,0.5214163462320963,0.5094890594482422,0.5957861582438151,0.5450018405914306,0.6018433252970378,0.5037639379501343,0.1921901067097982,0.517679476737976,0.3517534414927165,179.46970007998297,175.43208669972316,179.6723284985024,166.05963017651172,85.01583808918448,0.27197177410125734,83.92062693597313,0.4365848938624064,95.24123237423532,0.4504695971806844,83.43748158169029,0.561629835764567,77.98191445591581,0.5724859555562337
0.4859057903289795,0.14510750770568848,0.5051662921905518,0.357827885945638,0.5349291801452637,0.3469287236531576,0.5026978015899658,0.5236180623372396,0.5341756343841553,0.5002502759297689,0.5122477531433105,0.6007058461507161,0.5472530364990235,0.6023597717285156,0.4993188142776489,0.18201773166656493,0.5200477361679077,0.3523783047993978,179.20672050792325,173.64783008615666,178.91273982115018,171.13887199650762,83.06253819750269,0.2671980182329814,84.5424454070364,0.42631429036458335,95.78543920335198,0.4379981835683187,82.70172573673516,0.5513050238291423,82.93794438605627,0.5621619542439779
0.4816718101501465,0.15564181009928385,0.5127687931060791,0.35250651041666664,0.5398370742797851,0.3415416717529297,0.500921630859375,0.5315719922383626,0.5365780830383301,0.4936756451924642,0.5167119979858399,0.5853830337524414,0.5488990306854248,0.5883319854736329,0.49998247623443604,0.1880064884821574,0.5263029336929321,0.34702409108479815,177.18075891391405,172.01248482109742,177.93337175166778,161.34195906124233,80.60166090065916,0.26751528978347777,85.99211781943524,0.4203498681386312,97.83089450044649,0.4392980416615804,82.58378833393337,0.5410038153330485,73.64614724554896,0.558477512995402
0.47329201698303225,0.16236707369486492,0.5135387897491455,0.36738198598225913,0.5407014846801758,0.35709371566772463,0.5014743328094482,0.5147313753763835,0.5380029201507568,0.4968722343444824,0.5043100833892822,0.608400026957194,0.5471743583679199,0.5952418009440105,0.4970299482345581,0.17890424728393556,0.5271201372146606,0.3622378508249919,177.27868875957097,169.69532141330967,179.5926739508212,172.97187707770476,80.67925602382581,0.2705710490544637,85.37870798920297,0.42955504258473715,99.54646225282829,0.43848461310068765,84.67345450322021,0.5460570176442464,88.26594141998648,0.5615657011667887
0.46920242309570315,0.19204292297363282,0.5165256023406982,0.3688793182373047,0.5425030708312988,0.35852870941162107,0.5045054435729981,0.5116847038269043,0.5375301837921143,0.4915418306986491,0.5040636539459229,0.6237140655517578,0.5490215301513672,0.5996871948242187,0.496033763885498,0.18478307723999024,0.5295143365859984,0.3637040138244629,175.88408098365758,168.92309936073846,178.66013044034543,174.63544584415934,79.40110467817942,0.2742435455322266,86.41206544282247,0.42762292226155596,99.59240856503418,0.43769435882568364,83.93460531031883,0.5456145127614339,90.22594567585098,0.567699384689331
0.4668576717376709,0.19033835728963217,0.5164022445678711,0.3830225944519043,0.5418804168701172,0.37581211725870767,0.5042897701263428,0.5377304712931316,0.5404239654541015,0.4907254219055176,0.50255446434021,0.6223494847615559,0.5510589122772217,0.6015140533447265,0.49875655174255373,0.18843603928883873,0.5291413307189942,0.379417355855306,177.9397963746958,170.17111500677018,179.8472225028707,174.92913418137903,80.96011115264331,0.28392669757207234,84.21203768996754,0.4350713888804118,98.92133103070653,0.4585739135742188,84.51679993029948,0.5461197376251221,91.17481591162895,0.5800399780273438
0.4649344921112061,0.18939159711201986,0.5199736595153809,0.37111298243204754,0.541752290725708,0.3646043459574381,0.5054726600646973,0.5368536631266276,0.5407161235809326,0.49693158467610676,0.49679136276245117,0.6289235432942708,0.550519609451294,0.6093191782633464,0.4952615976333618,0.1900895913441976,0.5308629751205445,0.36785866419474283,175.93904883258557,169.76893353159653,179.66877902953462,177.95085809175708,78.67532814605399,0.2789741277694702,85.63463026975418,0.4323951244354248,98.5443814388641,0.4523561636606852,85.01475054019129,0.5531253814697266,95.38651111671858,0.5828886032104492
0.4659414768218994,0.19644198417663575,0.5194828987121582,0.3810642878214518,0.5430812358856201,0.37601693471272785,0.5076279163360595,0.5680334091186523,0.5445212364196778,0.5068460782368978,0.4973872184753418,0.627238909403483,0.5491795063018798,0.5978259404500326,0.4943007946014404,0.18742077350616454,0.5312820672988892,0.3785406112670898,176.95622965600617,170.87925629570157,178.26507316969995,177.94768953300772,79.04872983668679,0.28298069238662715,84.10879763601439,0.4426933447519938,97.11535575310974,0.47328701019287106,87.06895203426885,0.5523360093434652,99.81327962518858,0.5976361592610677
0.466520881652832,0.19656901359558104,0.5182349205017089,0.3834217389424642,0.5448505878448486,0.3795970916748047,0.5084620475769043,0.5627950032552084,0.5468170642852783,0.5223618507385254,0.499773645401001,0.6308629989624024,0.5495510101318359,0.6234903971354167,0.49479720592498777,0.18868865172068278,0.5315427541732788,0.38150941530863447,177.3279629734574,170.65242737649797,177.29246411911356,179.98663135842617,79.21060287033735,0.2850990335146586,83.81091988360413,0.4519356330235799,97.2556812866358,0.4721522092819214,88.4514222799178,0.572926123936971,97.27406970869532,0.5968290011088053
0.46549196243286134,0.19813364346822102,0.5188276290893554,0.37947441736857096,0.547728157043457,0.3698472340901693,0.5074099063873291,0.5661307652791341,0.5478353500366211,0.5338095982869466,0.5017151355743408,0.6305627187093099,0.5482442855834961,0.6225849787394205,0.49721274375915525,0.18892960548400878,0.5332778930664062,0.3746608257293701,176.87591343022325,170.7572656279792,176.80935411832715,178.0196109817618,79.01110076593545,0.2817952156066894,84.7736560129184,0.45423521200815836,97.69419163873411,0.4703957955042521,89.73607417857033,0.5781972885131836,95.05092039322233,0.598346741994222
0.4648436546325684,0.19839763641357422,0.5208492755889893,0.3789735158284505,0.5496973514556884,0.37038068771362304,0.5069271087646484,0.555910301208496,0.548696756362915,0.5372622807820638,0.5101007461547852,0.615948486328125,0.5486339569091797,0.6042004267374674,0.4969203472137451,0.19141249656677245,0.5352733135223389,0.37467710177103675,176.20538810035137,169.53796234437692,176.61479622632166,171.0178524421416,78.17993191078622,0.28304479916890457,85.28022060643946,0.4559696912765503,98.8894596640636,0.4652937014897664,90.0537532455934,0.5707313537597656,86.97414323377976,0.5859293937683105
0.46635069847106936,0.19776015281677245,0.5159329414367676,0.36417303085327146,0.5477895259857177,0.3640251795450846,0.505051565170288,0.6337403615315755,0.5499017238616943,0.5883127848307291,0.5073745727539063,0.6135170618693034,0.5452001094818115,0.6080074946085612,0.49779818058013914,0.1880690097808838,0.5318612337112427,0.36409910519917804,177.1831473264475,173.38948696334225,163.44309785780828,0.9456681350655253,79.04822385417708,0.27608405749003095,85.3998258716957,0.4762059450149536,95.6780958317298,0.49891973336537676,103.426625492354,0.5981601397196452,96.55272524502872,0.6236287117004395
0.46491518020629885,0.20052189826965333,0.518186378479004,0.36469942728678384,0.5495891094207763,0.36087328592936196,0.5052087783813477,0.6338581720987956,0.5498701095581054,0.5900812149047852,0.504839563369751,0.6138115564982096,0.5462985038757324,0.5950173695882162,0.49675798416137695,0.19115120569864907,0.5338877439498901,0.3627863566080729,176.4386051664311,172.86708318408796,141.05293402811785,7.655949185603492,77.79332634259414,0.276968781153361,85.97783526965512,0.47643378575642903,96.03933555206571,0.49832226435343424,125.88800696139523,0.5925492922465007,88.9448557887849,0.6238348642985025
0.4640061378479004,0.2031662146250407,0.5177065849304199,0.3631086031595866,0.5490011215209961,0.3563474337259928,0.5048799037933349,0.6368753433227539,0.5487324237823487,0.6024469375610352,0.5091283798217774,0.6191882451375326,0.5450765132904053,0.6023551305135091,0.49509532451629634,0.19076001644134521,0.533353853225708,0.3597280184427897,176.20235721812742,172.87758930519996,85.79536799454793,8.172505395865802,77.24194446056586,0.27524401744206745,86.3746091722196,0.4810874780019124,95.86595256736743,0.49830168088277177,1.4385065170389737,0.6024010340372721,103.50667517603635,0.6280317942301432
0.4689473628997803,0.20697577794392905,0.5234038829803467,0.3650397300720215,0.5415595531463623,0.3617466926574707,0.505801773071289,0.6359621047973633,0.5501806259155273,0.6269124984741211,0.5082727909088135,0.6200007756551107,0.5455289840698242,0.6053158442179362,0.4921611547470093,0.19652277628580728,0.5324817180633545,0.3633932113647461,176.16484355058333,172.63156353081703,9.06802026514388,3.410798557423576,76.41610400129073,0.2799579938252767,86.1575790677285,0.4951528549194336,95.59049140197332,0.4996776580810547,77.84491942728077,0.6161141713460286,98.8002577936135,0.6279814402262369
0.46756253242492674,0.21169241269429526,0.5177821636199951,0.359533150990804,0.5486763954162598,0.3620859464009603,0.5044097900390625,0.6354116439819336,0.5504984378814697,0.6046803156534831,0.5093836784362793,0.622901980082194,0.5446008682250977,0.6089358647664388,0.4947800636291504,0.19329683780670165,0.5332292795181275,0.36080954869588217,176.33722333340603,172.76097553580314,123.18932000792024,16.484398559615116,77.07280656504095,0.2770531932512919,85.9494899158329,0.4827449321746826,95.99125929837265,0.49811059633890786,144.1866598497061,0.606808090209961,111.68295052484663,0.6291568120320639
0.4659581184387207,0.2183317184448242,0.5172650337219238,0.3552671114603678,0.5485840320587159,0.3546770413716634,0.5057642936706543,0.6349585851033529,0.5492040634155273,0.5887139638264974,0.5072099208831787,0.6232468287150065,0.5449859142303467,0.6134179433186849,0.4956672430038452,0.19910497665405275,0.5329245328903198,0.3549720764160156,176.1599630639532,173.13224327698867,167.6383280711081,1.5614708858595836,76.55669719575755,0.27703852653503414,86.01592768132404,0.4718430201212565,95.54067139075224,0.49496533075968424,99.68968031186165,0.6010659535725912,97.0366462702535,0.6291027069091797
0.4631795406341553,0.20791263580322267,0.5234285354614258,0.35509942372639974,0.5484391212463379,0.3438306490580241,0.5066004753112793,0.5863183975219727,0.5485288619995117,0.5531388600667317,0.5019765853881836,0.6276327133178711,0.5468515396118164,0.6066113789876302,0.48971946239471437,0.19945995807647704,0.5359338283538818,0.34946503639221194,174.09790763539996,170.44151002141098,175.77218123323297,179.42602695696493,72.87670166781376,0.27446249723434446,86.46137884919172,0.45130194822947184,97.05990780279856,0.4678917169570923,91.79666105089044,0.579875119527181,96.38595702805567,0.6069755554199219
0.46826868057250975,0.23564233779907226,0.5298599243164063,0.3426377296447754,0.5485004901885986,0.340558115641276,0.5074809074401856,0.54219544728597,0.5465784072875977,0.5109743436177572,0.5109653949737549,0.626147206624349,0.5359696388244629,0.6048805872599284,0.4869160890579224,0.2132882277170817,0.5391802072525025,0.3415979226430257,171.16795344548717,167.44238322400722,174.25316547668038,171.96053629929912,67.83756139429393,0.2774430751800537,87.49896489481675,0.42628613313039143,98.97987389251945,0.44189668496449785,96.4454863080151,0.5579274654388429,87.62325526622308,0.5841713269551595
0.4664342403411865,0.23326223691304523,0.5236440658569336,0.3563770929972331,0.5458829879760743,0.3439719518025716,0.5095924854278564,0.5477032979329427,0.545981502532959,0.5149524688720704,0.5077319622039795,0.6287888844807943,0.5397337913513184,0.60648988087972,0.49034230709075927,0.21378638744354247,0.5347635269165039,0.3501745223999023,173.42751009391085,169.43852535543874,174.9845464686853,175.77285705190818,71.95972071022882,0.2819804549217224,86.10535008232252,0.43256349563598634,97.26204748469512,0.4489389101664225,93.90455837740073,0.5607211748758951,91.31443122267127,0.5882460912068685
0.45737171173095703,0.19794983863830568,0.5237946033477783,0.36752535502115885,0.5501415252685546,0.3511021296183268,0.5085890293121338,0.5575103123982748,0.5460497379302979,0.5153337160746256,0.5011564254760742,0.6319547017415365,0.5481999397277832,0.6153050740559896,0.48754413127899165,0.20006808439890544,0.5369680643081665,0.35931374231974283,172.81823425823416,168.48193865360886,178.71983962377257,178.21856016970708,72.75759976936563,0.27969091335932417,86.66866317279137,0.4373237291971842,98.14858404246984,0.45841202735900877,88.76786212839599,0.5653193950653076,95.70157435346184,0.5947325070699057
0.4592447757720947,0.2115739663441976,0.5210661888122559,0.3721349080403646,0.5502368450164795,0.3531327247619629,0.5071682453155517,0.5566752751668295,0.5474597930908203,0.5258890151977539,0.5013309955596924,0.6327983220418294,0.5485642433166504,0.613840929667155,0.49020066261291506,0.20524405638376872,0.5356515169143676,0.36263381640116377,174.01214650095272,168.88503975052768,177.7768815585507,177.14513365252228,73.89239420120903,0.28393893639246626,85.8629909929752,0.4442614157994588,98.35078770605818,0.4596545457839966,89.28054993331195,0.5698649724324545,94.38496040014738,0.5947367986043295
0.4619633197784424,0.20276888211568198,0.5201941013336182,0.3620163917541504,0.5465352058410644,0.351864496866862,0.5079155921936035,0.5391120274861654,0.5474635124206543,0.5217459042867024,0.5009669303894043,0.6334444681803385,0.5481069087982178,0.6109147389729818,0.4892431735992432,0.21042842864990235,0.5333646535873413,0.3569404443105062,174.29697846466817,168.7958823360986,177.09133231010824,177.53005669384635,73.2405452195214,0.28368443648020425,85.11033758825405,0.4393431742986043,97.95265613358508,0.4480262358983358,89.58659034418258,0.5663303216298421,94.21287993444788,0.586278247833252
0.45219812393188474,0.2128418286641439,0.5243779182434082,0.3698938687642415,0.5420953750610351,0.3630610783894857,0.50968337059021,0.5538196563720703,0.5482302188873291,0.5204824447631836,0.4993264198303223,0.6324195861816406,0.5471806049346923,0.6257485071818034,0.4807101964950562,0.2136610190073649,0.5332366466522216,0.3664774735768636,173.14980372714555,167.96573851411108,176.35023820393502,179.76005970184704,71.03100255275619,0.2900692462921143,84.4393385423794,0.4434799591700236,97.16581675941364,0.460148564974467,90.57128057527063,0.5731154759724935,97.50650152245686,0.5931196212768555
0.45543880462646485,0.2220454216003418,0.5250089168548584,0.37209736506144203,0.533479642868042,0.3711742401123047,0.5086077690124512,0.5879496256510417,0.5495426177978515,0.6211112340291342,0.5043070793151856,0.6291308085123698,0.5487133979797363,0.6143338521321614,0.483039665222168,0.22516282399495444,0.5292442798614502,0.37163580258687334,175.11724107694172,170.5190643945874,2.3891115572751134,179.5696011391169,72.49222190665827,0.2983993132909139,85.34842843219621,0.49637351830800375,95.44957014719003,0.4797927141189575,83.0244705013419,0.6177225430806478,95.9619795710743,0.6085402170817058
0.46091513633728026,0.24067282676696777,0.5170753479003907,0.35395145416259766,0.5388092994689941,0.3541002909342448,0.5097416877746582,0.53853333791097,0.5478497505187988,0.510938803354899,0.5009129047393799,0.6366259892781575,0.5475576877593994,0.6328627904256184,0.48643252849578855,0.2263076146443685,0.5279423236846924,0.3540258725484212,175.05395067891382,170.09682907892525,175.83878917411428,179.67956027323086,71.99528601574866,0.2901667435963948,82.76955522877296,0.43248233795166013,95.63368407973738,0.4462796052296956,90.13724888646765,0.5719007968902587,95.14302205263031,0.5875796635945638
0.45546655654907225,0.2308021068572998,0.5220319747924804,0.36019357045491535,0.5397581577301025,0.35361191431681316,0.5088812351226807,0.529711659749349,0.5474438667297363,0.5110857327779134,0.5014634132385254,0.6366249720255533,0.5482853889465332,0.6296671549479167,0.48451955318450923,0.22490556240081788,0.5308950662612915,0.3569027423858643,173.72555642627637,168.1706286286333,176.75859433526657,177.96250084682927,70.64173007532193,0.2909041523933411,83.87377089259158,0.4339942375818888,97.25970979361726,0.4433072010676066,89.5934029030175,0.5703764438629151,93.96891526752236,0.5831683158874512
0.4623960018157959,0.23091115951538085,0.5167519092559815,0.36979173024495443,0.5422553539276123,0.35453952153523766,0.5100491046905518,0.5412998199462891,0.5468483924865722,0.5209587097167969,0.5018811702728272,0.6385253270467123,0.5479678630828857,0.6321081161499024,0.48871703147888185,0.22265937328338625,0.5295036315917969,0.36216562589009604,175.20626986413916,169.97171912302963,176.66407855877742,179.09433357584868,73.70298259578779,0.29241249958674115,83.76636949929818,0.4415621678034465,96.1982063236508,0.45173272291819255,89.42294993900727,0.5765334129333497,94.80215374245239,0.5899125734965007
0.45649003982543945,0.24252637227376303,0.5196702957153321,0.3643307685852051,0.5423750877380371,0.3524266878763835,0.5075276374816895,0.558561642964681,0.5482003688812256,0.5390430450439453,0.5017666339874267,0.6351709365844727,0.5500606536865235,0.6238513310750325,0.48271846771240234,0.2292343060175578,0.5310226917266846,0.3583787282307943,173.4968726899776,168.9978207109127,177.15473441445468,178.2669569058653,69.49256458552226,0.29380651712417605,84.5686090685327,0.4487108866373698,96.6940617046043,0.45847018559773767,88.74340841924621,0.5814471880594889,94.30053677501974,0.5968662897745769
0.4517688751220703,0.23642837206522624,0.5198879718780518,0.3610997200012207,0.5425963401794434,0.3443909645080566,0.5064330577850342,0.5296163558959961,0.5458337306976319,0.5183128039042155,0.5030695915222168,0.6385395050048828,0.5497257709503174,0.6211344401041666,0.48282909393310547,0.2191788196563721,0.5312421560287476,0.35274534225463866,173.1425159178159,167.66731804829826,178.22807816124703,176.1388651864089,70.07624015299096,0.28596208095550535,84.96349604794538,0.4355290730794271,97.98459206570425,0.4411808490753174,87.83225519192796,0.569723622004191,91.76868926132113,0.5840779304504394
0.4546832084655762,0.23476853370666503,0.5225753784179688,0.3592500686645508,0.537358570098877,0.35117349624633787,0.5062506675720215,0.5150042215983073,0.5460511684417725,0.5198715527852377,0.5042898654937744,0.6256309509277344,0.5473018169403077,0.6213834126790364,0.48126516342163084,0.22455013593037923,0.5299669742584229,0.3552117824554443,173.20579838654737,166.64121426835626,176.97964615835653,175.59128886202498,69.5579525355368,0.2898809591929118,84.4209684532243,0.43754166762034097,98.44217929820486,0.43510800202687583,89.29413907421261,0.570627482732137,91.01543199999978,0.5703175862630208
0.4475076675415039,0.23038724263509114,0.5243199825286865,0.3568036715189616,0.532389497756958,0.35786558787027994,0.5074917316436768,0.512664794921875,0.5455193996429444,0.5147389094034831,0.5041720867156982,0.6325010935465495,0.5476184844970703,0.6233286539713542,0.4776864290237427,0.2230116923650106,0.5283547401428222,0.35733462969462076,173.13348906017276,166.47510200194174,176.96518623538066,176.5643105367463,69.33289007371798,0.29017316102981566,83.77658701440733,0.4360367695490519,97.64984022042944,0.43499971230824785,88.89258671018179,0.5690337816874187,91.58677309429025,0.5725829442342123
0.4458676815032959,0.21892453829447428,0.5156858921051025,0.360720952351888,0.541542911529541,0.3470253308614095,0.5058904170989991,0.5297752062479655,0.5445086479187011,0.5082664807637532,0.504044485092163,0.6372330983479818,0.5484812736511231,0.6223520914713542,0.4780028581619263,0.20707775751749674,0.5286144018173218,0.35387314160664873,173.42595768540448,167.69975056179592,177.76226326712438,176.02846435242952,70.97702918976915,0.2804754495620727,84.12230843597497,0.431069811185201,97.3610118495769,0.4418241739273071,88.00568400571046,0.5653092861175537,90.98414094783908,0.5835041522979736
0.4485290050506592,0.22490477561950684,0.5140131950378418,0.3599287350972494,0.5372406482696533,0.34961191813151044,0.5039199829101563,0.5198685963948567,0.5452978134155273,0.5160686175028483,0.5022670269012451,0.6348447799682617,0.5470709323883056,0.6244778951009115,0.4819696426391602,0.20917820930480957,0.5256269216537476,0.3547703266143799,175.293511101813,168.4685334864958,176.39110266315222,176.05587904302956,73.30810549335929,0.28197426795959474,83.0469135589054,0.4354194720586141,97.49022277493465,0.4373194615046183,89.06296602670285,0.5702732563018799,90.82365648313306,0.5773566881815593
0.4554454803466797,0.24435752232869465,0.5134557247161865,0.36200052897135415,0.537156057357788,0.34974753061930336,0.5054714202880859,0.5312623659769694,0.5454461574554443,0.5166185379028321,0.5028480529785156,0.6317513783772787,0.5473047256469726,0.624963887532552,0.48273112773895266,0.2209114948908488,0.5253058910369872,0.3558740297953288,175.16743466632738,169.35716090501037,176.30906825642012,176.84151492967877,72.4917988819025,0.2883927623430888,82.85841809097386,0.43624628384908043,96.45210327541257,0.4435681978861491,89.01723820791632,0.5707912127176921,91.49542461593,0.581506872177124
0.45332674980163573,0.23548000653584797,0.523120927810669,0.3619418462117513,0.5210581302642823,0.3620821317036947,0.5058172225952149,0.5141411781311035,0.5080889225006103,0.5108449618021648,0.5000895977020263,0.6454503377278645,0.5057844161987305,0.6092126210530598,0.47458031177520754,0.23513598442077638,0.5220895290374756,0.362011988957723,167.69651932478084,167.50651473506306,177.56834269374488,178.05933555890655,69.4713903450083,0.2985739866892497,95.37395697086018,0.4364284753799439,96.10535697007127,0.43807658354441326,91.34205019837513,0.5600287914276123,92.49762347979681,0.579795757929484
0.4506678581237793,0.23017228444417318,0.5182055473327637,0.3608734448750814,0.5230178356170654,0.3599726676940918,0.5047674179077148,0.5154600461324056,0.5123711109161377,0.5072911262512207,0.49998178482055666,0.6466572443644206,0.5487212657928466,0.6478244145711263,0.47395541667938235,0.22450117270151776,0.5206116914749146,0.3604230562845866,169.05256464040878,168.11983068745036,171.08389641163956,177.96665080873976,71.05480621485661,0.29246211449305215,93.2114260616809,0.43385709126790367,95.83518309316425,0.4379415512084961,75.49779301657446,0.5775577704111735,92.08903138597996,0.5810586452484131
0.4476154804229736,0.2308630625406901,0.5185713291168212,0.3618474006652832,0.5324494361877441,0.3545864105224609,0.5060154914855957,0.5160224914550782,0.5460267066955566,0.5125335693359375,0.5001749992370605,0.6496955871582031,0.5487642288208008,0.6478424072265625,0.4737488746643066,0.2156608502070109,0.5255103826522827,0.3582169055938721,173.8897840313352,166.82597457216986,176.56863593567536,177.5341214194718,70.04425200154006,0.2869388779004415,82.42696533052171,0.4353752374649048,97.0424897659477,0.43711969852447513,88.84096950801094,0.58018798828125,92.50179630944392,0.5828590393066406
0.44785151481628416,0.2309498945871989,0.5168361663818359,0.36023295720418297,0.5325356483459472,0.356053098042806,0.5058485984802246,0.5180321375528971,0.5460062980651855,0.5152517954508463,0.500190258026123,0.6476021448771159,0.5486708164215088,0.6466930389404297,0.47560298442840576,0.21592268149058025,0.5246859073638916,0.3581430276234945,174.4924842559617,167.5635789034596,176.40968814117844,177.66336183019425,70.95948034032355,0.28703285455703736,82.27190498007063,0.4366974115371704,96.71931817811772,0.4380875825881958,88.83868452990812,0.5809724171956381,92.50052599339176,0.5828171412150065
