0,1,2,3,4,5,6,7,8,9,10,11,12,13,14,15,16,17,18,19,20,21,22,23,24,25,26,27,28,29,30,31
0.5508824348449707,0.23242012659708658,0.625951623916626,0.43958695729573566,0.605262041091919,0.45386330286661786,0.6101655006408692,0.6116710027058919,0.5969222545623779,0.6265439987182617,0.6276669502258301,0.6102980295817058,0.6128909587860107,0.612049674987793,0.5770436525344849,0.25404175122578937,0.6156068325042725,0.44672513008117676,171.01311696499332,172.81922165474705,46.82975355251917,89.7311328036832,78.68248963717919,0.35038344065348304,95.93218829842174,0.5366345643997192,91.88942182638162,0.5291980663935343,137.77089696495912,0.6192968368530274,175.51438398751344,0.6109845161437988
0.5536745548248291,0.21614691416422527,0.6290865898132324,0.4411795934041341,0.602954912185669,0.46174894968668617,0.6407197952270508,0.6051907857259115,0.6068654537200928,0.6561980565388997,0.65308837890625,0.6082508087158203,0.6242075443267823,0.610594113667806,0.5783383846282959,0.24235459168752035,0.6160207509994506,0.45146427154541013,173.49627332622168,179.37230229678997,23.765728128447986,117.19778864228138,79.7847142826155,0.34690943161646526,92.56045018789949,0.5538311640421549,80.87236781064995,0.5283275286356608,110.82061419919052,0.6333960851033529,13.896106253456688,0.6067207972208659
0.5583230972290039,0.22406217257181804,0.6257362365722656,0.4465059280395508,0.604218578338623,0.45567874908447265,0.649606466293335,0.6000321070353191,0.5991299152374268,0.6278343200683594,0.6349845886230469,0.5971990585327148,0.6046536922454834,0.6091990788777669,0.5828446865081787,0.2490492264429728,0.6149774074554444,0.4510923385620117,172.41448111658428,177.68085030102523,12.77477366269959,71.2372530542373,80.96342172478448,0.35007078250249224,95.12369918521837,0.5394633293151856,76.91106185784741,0.5255622227986654,106.51064738877172,0.6185166994730631,10.965422170329106,0.5986155827840169
0.604074764251709,0.21939749717712403,0.6315112113952637,0.4391173362731934,0.6033368110656738,0.4354696273803711,0.6466820240020752,0.6085259755452473,0.5954549789428711,0.6215183893839519,0.6352576732635498,0.6042653401692708,0.5936149597167969,0.6457766850789388,0.6116841554641723,0.23260483741760254,0.6174240112304688,0.43729348182678224,175.5890662441977,175.6225178157209,177.8226167006417,63.45089144293689,88.393739183119,0.3349491596221924,96.80047286566895,0.5294059356053671,80.30367162538552,0.5229097286860148,94.3376438220757,0.6336475372314454,20.452664815409065,0.6063956578572591
0.6026496410369873,0.23907915751139322,0.6304058074951172,0.4449347496032715,0.6034710884094239,0.44023857116699217,0.6420292854309082,0.6240599314371745,0.5984888553619385,0.6433660507202148,0.6310474872589111,0.617403793334961,0.5977545738220215,0.6495565414428711,0.6100377321243287,0.24772437413533527,0.6169384479522706,0.44258666038513184,176.4218449593161,176.98700586913228,178.53106932210056,54.165485266374354,87.97181516541177,0.3451555172602335,95.25015799924833,0.5429763555526733,82.1280848110154,0.5333232959111531,96.76450037204562,0.646461296081543,31.22032147257113,0.6207318623860678
0.6009618759155273,0.2571869373321533,0.6230691909790039,0.45826965967814126,0.6051263332366943,0.4569596608479818,0.6456683158874512,0.6035839716593424,0.5944482326507569,0.5221427281697592,0.6256900787353515,0.6166400909423828,0.6036147594451904,0.650616709391276,0.6064769506454468,0.26229242483774823,0.6140977621078492,0.4576146602630615,165.71429620944363,174.3466483880163,172.80990900610564,118.99604361761861,87.76564624499693,0.3599535425504049,106.93608793989526,0.48987869421641034,77.79592333454518,0.5305993159612019,85.91890292208403,0.5863797187805175,146.8346981279855,0.6101120313008626
0.592884874343872,0.22571048736572266,0.6295140266418457,0.43929204940795896,0.6035923004150391,0.44413204193115235,0.6378536224365234,0.6280605316162109,0.5981587886810302,0.6548124949137369,0.6292144775390625,0.6859683990478516,0.5977491855621337,0.6687765121459961,0.6024292230606079,0.23432223002115884,0.6165531635284425,0.4417120456695557,175.64844635674976,178.6201647869412,176.94610613917206,168.54741582287497,86.10398157521976,0.33801713784535725,94.93342075281764,0.5482622702916463,83.47913930730581,0.5348862886428833,91.68016139003339,0.6617945035298665,98.48524620678403,0.6570144653320312
0.5992039203643799,0.22372035980224608,0.6299365043640137,0.4312287330627441,0.6035496711730957,0.43378864924112953,0.6360827445983886,0.6241494496663411,0.6044806957244873,0.6506642659505208,0.6326913356781005,0.6693986256917318,0.6028993606567383,0.6680136362711588,0.6056308269500732,0.23212223052978515,0.6167430877685547,0.4325086911519368,176.94026983797025,178.67914333371806,178.15623427285996,171.86217896929065,86.82596215338451,0.33231546084086094,93.21717551677834,0.5415864785512288,84.23743702858977,0.528329070409139,95.20792190764789,0.6593389511108398,94.28628337099471,0.6467740376790365
0.5869284629821777,0.29598026275634765,0.6346419811248779,0.43502168655395507,0.6035342693328858,0.4375149408976237,0.6413279056549073,0.615598996480306,0.6070096015930175,0.6512228012084961,0.6328573226928711,0.5978420893351237,0.6093042850494385,0.6173677444458008,0.5981159687042237,0.2250772476196289,0.6190881252288818,0.4362683137257894,175.5882846225154,179.24472660875935,0.7851760700945084,20.63162167242101,84.32888216007804,0.33067278067270917,93.21612935618869,0.5437455574671427,82.93053146340934,0.5259336551030477,93.87755645760586,0.6342952728271485,64.49744312650071,0.6067205429077149
0.5893574237823487,0.21890392303466796,0.6337335586547852,0.41969099044799807,0.6013703346252441,0.4258880933125814,0.6384135246276855,0.621897824605306,0.6066293716430664,0.6525062561035156,0.6364102840423584,0.6391492207845052,0.6074754238128662,0.6288011550903321,0.6005937099456786,0.19511951605478922,0.6175519466400147,0.4227895418802897,176.52171987089633,179.08280783785833,0.7561823924632876,168.3950263539246,85.74013130253327,0.3089545289675395,92.722250623208,0.5376478989919027,84.01865613779154,0.5223436832427979,92.04406010517943,0.6406537055969239,96.62354973699003,0.6305235226949055
0.5833052158355713,0.17592449188232423,0.6373168468475342,0.3993105888366699,0.6030870914459229,0.4152997970581055,0.6411571025848388,0.6295976638793945,0.6041173934936523,0.654791259765625,0.627216100692749,0.557206662495931,0.6058332443237304,0.6157308578491211,0.5997336387634278,0.18092038631439208,0.6202019691467285,0.4073051929473877,175.7514462622202,179.88953360682663,1.4284126748737795,8.22152044447183,84.83371285963767,0.2941127896308899,93.7185285899229,0.5310482263565064,84.61473867893645,0.5184514284133911,92.51527999757798,0.635261058807373,79.09947166489022,0.5934021631876627
0.5717447757720947,0.1718289852142334,0.6390959739685058,0.40048799514770506,0.6054554462432862,0.4226068496704102,0.6431102752685547,0.6181071599324545,0.6019556045532226,0.6440739949544271,0.6434743881225586,0.5951635996500652,0.6050385951995849,0.5873100280761718,0.5907886028289795,0.18817556699117025,0.622275710105896,0.4115474224090576,173.60255527338933,178.82099383389127,2.492290688692931,7.494904367826822,81.97629658253905,0.2998614947001139,94.99429412284886,0.5278107086817423,84.24036365446945,0.5148272911707561,93.1088202552359,0.6156920115152995,90.9092040816203,0.6066353797912598
0.5766067504882812,0.13806969324747723,0.6376538276672363,0.39712870915730797,0.6041079044342041,0.4152398109436035,0.6418105125427246,0.6068569819132487,0.6021023273468018,0.6275581359863281,0.6349203586578369,0.5981895446777343,0.6079665184020996,0.5758333206176758,0.5989209413528442,0.17312447230021158,0.6208808660507202,0.4061842600504557,174.75025558710504,179.69305104495797,2.1149866507671167,34.30079685190023,84.61723037423896,0.28965436617533363,94.84863633659369,0.516871198018392,84.04572603557341,0.5065206209818522,96.46816895943553,0.6016957283020019,51.51715861876312,0.6025232632954916
0.5736717700958252,0.16139321327209472,0.6387723922729492,0.39167165756225586,0.6029226303100585,0.40402313868204753,0.6384238243103028,0.6165953954060872,0.5967863082885743,0.6440858840942383,0.636371374130249,0.5830767313639323,0.6063205242156983,0.5756774266560872,0.596677041053772,0.17956400712331136,0.620847511291504,0.3978473981221517,174.40558102084898,179.13728455369687,3.2641720442917515,1.2866789638746705,83.68139179397434,0.28870570262273154,95.58094157025354,0.520966641108195,85.40617634695359,0.5072213967641195,97.93431104464788,0.6098816553751627,86.49597947006126,0.5998360633850097
0.5772752285003662,0.14001789093017578,0.6394424438476562,0.38413276672363283,0.6038511753082275,0.40189275741577146,0.6404634952545166,0.6096082051595052,0.5985621929168701,0.6416989644368489,0.6374431133270264,0.5747535705566407,0.6047394275665283,0.5601303100585937,0.5980366945266724,0.1697982947031657,0.6216468095779419,0.39301276206970215,174.6328399102959,179.45503557015223,1.4462203129017819,0.014792445943468586,83.9620909114374,0.28140552838643396,95.30335677391164,0.5173558632532755,85.03490650834101,0.5013104836146036,94.33077127499888,0.6009146372477213,85.04731859208266,0.592180887858073
0.5758787155151367,0.15856165885925294,0.6415708541870118,0.3806485176086426,0.6067222118377685,0.3972633679707845,0.6391120910644531,0.6080421447753906,0.5963321208953858,0.6171784083048503,0.6369352340698242,0.5695145924886068,0.6040207386016846,0.554453976949056,0.5977687597274781,0.16892146269480388,0.6241465330123901,0.38895594278971357,173.23502451248655,178.52918835965644,0.0547756110522671,0.8175611417391683,83.16399435572097,0.27893870274225874,96.94860467773451,0.503067175547282,86.09225340097227,0.4984990437825521,96.9883245417727,0.5858161926269532,86.76615198682865,0.5887783686319987
0.5751673221588135,0.14578557014465332,0.642658281326294,0.38487698237101237,0.6070526123046875,0.4013728141784668,0.6390164375305176,0.6085238138834635,0.5997800350189209,0.6248996098836263,0.6344023227691651,0.5564894358317057,0.6055781364440918,0.5386052449544271,0.5991854906082154,0.17145794232686362,0.6248554468154908,0.3931248982747396,173.7501338552644,178.55425932321566,3.704261757479219,1.7229022065857598,83.39433402675435,0.2822914203008016,96.17474101093696,0.5090122540791829,86.23861116801675,0.5008243560791016,93.84391470351544,0.5817524274190267,84.9325880613376,0.5825066248575846
0.5742062091827392,0.1435278574625651,0.6428017616271973,0.3921915054321289,0.6089707374572754,0.4061606725056966,0.6385823249816894,0.5979037602742513,0.6040192127227784,0.6315836588541667,0.6306342601776123,0.5728903452555338,0.6054957866668701,0.563119379679362,0.597727108001709,0.16993179321289062,0.6258862495422364,0.39917608896891277,173.84404447106343,178.20241015131364,5.8542496526594325,16.062127364140988,82.997173065725,0.2845539410909017,95.37508849317683,0.5153798739115397,86.34452376677164,0.49853992462158203,91.23551058569852,0.5973515192667643,72.37223684128283,0.5853970527648926
0.5769638061523438,0.14335716565450032,0.6410618782043457,0.39443724950154624,0.6094212532043457,0.4049523671468099,0.637141227722168,0.5979101181030273,0.6046393394470215,0.6342168807983398,0.6269519805908204,0.5447154998779297,0.6046213150024414,0.562831433614095,0.5981837511062622,0.1709155480066935,0.6252415657043457,0.39969480832417803,174.18128399257452,178.22254065143517,7.21837398459917,10.167736529998642,83.25493850804746,0.28530517816543577,95.0204147612472,0.516955844561259,86.56442738891536,0.49880246321360266,89.98553312164739,0.5985241572062174,79.15653223839558,0.5713128089904784
0.5803838253021241,0.14043105443318685,0.6430508613586425,0.3927615165710449,0.6081842422485352,0.4062912623087565,0.6383965492248536,0.6016087849934896,0.6059851169586181,0.6340521494547526,0.6347898006439209,0.5710652033487956,0.6095837593078614,0.5602762222290039,0.6008790493011475,0.17069248358408612,0.6256175518035889,0.3995263894399007,174.5835029704994,178.64249123982057,2.903496276882513,3.673889725872425,83.82989868903518,0.2851094365119934,94.78514236679753,0.5167892694473266,86.38162945632378,0.5005675872166951,92.79256029585838,0.5971641858418782,83.26539680158109,0.5863369941711426
0.5760486602783204,0.15093843142191568,0.6413546085357666,0.3854498545328776,0.609419870376587,0.39449291229248046,0.6373903751373291,0.6027772267659505,0.6051321029663086,0.630938975016276,0.6254905700683594,0.5335596720377604,0.6080570220947266,0.545431645711263,0.5971937417984009,0.17214765548706054,0.6253872394561768,0.389971383412679,174.2038776569195,177.8955421858037,4.401756886395384,9.713635569420516,82.62505792395841,0.2810595194498698,94.80484550410773,0.5104551792144776,86.77170009463605,0.49637430508931474,91.95913268534787,0.5881853103637695,80.24513260723747,0.5681684494018555
0.5819451332092285,0.1404857635498047,0.6438402652740478,0.3855132102966309,0.6077508449554443,0.3983672459920247,0.6414387702941895,0.604699452718099,0.6035284996032715,0.630062484741211,0.6390626430511475,0.5685874303181966,0.6089802265167237,0.5605211893717448,0.6019460916519166,0.1728074550628662,0.625795555114746,0.39194022814432783,174.45946751726527,178.98047116087528,1.2136361488480871,0.5305694928134945,83.78862313114239,0.282373841603597,95.34225159076874,0.5110013564427693,85.794869452852,0.4983198404312134,94.48256510141712,0.5952918370564779,86.23543386402842,0.5866434415181478
0.5784246921539307,0.15663706461588542,0.6442500591278076,0.3861524264017741,0.6091565608978271,0.3987726847330729,0.6419056415557861,0.6133106231689454,0.6072241783142089,0.6388815561930339,0.6316069602966309,0.5889296849568685,0.6106881141662598,0.6015981674194336,0.599550223350525,0.1739326079686483,0.6267033100128174,0.3924625555674235,174.53465713117592,178.43159108741267,0.9289628587845158,21.46978436539918,82.91710703625307,0.2831975817680359,94.51976526409936,0.5156720558802287,86.06219073060741,0.5028865893681844,95.30801498822775,0.6202398618062337,67.10045918470222,0.601120154062907
0.5783124446868897,0.15163230895996094,0.6456676959991455,0.3815825780232747,0.6094106197357178,0.3970137596130371,0.642034387588501,0.6060770670572917,0.6070942401885986,0.6275993347167969,0.6326556205749512,0.5934130350748698,0.6106363296508789,0.6089202245076497,0.6015235185623169,0.1661839962005615,0.6275391578674316,0.38929816881815593,174.40464287398473,178.56379689866574,6.336421633008984,35.08711090964205,83.34920994689412,0.2777410825093587,94.90365205059025,0.5084487517674764,86.17453070825965,0.4976876179377238,100.73741545850295,0.6182597796122233,53.47698023837506,0.5997450510660807
0.5771838665008545,0.1431176980336507,0.6428902626037598,0.38109407424926756,0.6097206115722656,0.39953378041585286,0.6386567115783691,0.6085120519002278,0.615476417541504,0.6418279647827149,0.6309907913208008,0.5945677439371745,0.611309003829956,0.5825927098592122,0.5994850873947144,0.17163320382436117,0.6263054370880128,0.3903139273325602,175.5867545909566,178.11623603823648,8.483985656110228,27.485841231779595,83.00781248246311,0.2809735655784607,92.46536597041691,0.5160709460576376,86.76018525468481,0.499412989616394,85.97566628772859,0.6122103373209635,61.20008808517241,0.6015398979187012
0.5793433666229248,0.1481533686319987,0.6429315090179444,0.38290669123331705,0.6172406673431396,0.38296734491984047,0.6396939277648925,0.6016950607299805,0.6146079540252686,0.6346354802449544,0.62654128074646,0.5969509760538737,0.618826961517334,0.6008199055989584,0.5952887296676637,0.17293280760447183,0.630086088180542,0.38293701807657876,174.08498732682244,176.60199531943243,4.153635113911706,71.11484399774011,80.59166528975115,0.2779349128405253,93.51895836598725,0.5087862491607666,87.48518909837115,0.4923160394032796,97.11177081865743,0.6177276929219564,19.83408445803417,0.5993230183919271
0.5777295589447021,0.15223925908406574,0.6434654712677002,0.3833804448445638,0.6111632823944092,0.40015592575073244,0.6395540714263916,0.6033958435058594,0.6117475986480713,0.6237099965413412,0.6321143627166748,0.5956382115681966,0.612406873703003,0.5875832875569661,0.5966710567474365,0.17206323146820068,0.6273143768310547,0.3917681852976481,174.2484552574641,177.6323915014942,3.308086232446166,42.45282414888635,82.05990102674451,0.2819157083829244,93.8396488834231,0.5077390909194947,86.68992945600887,0.49758201440175376,91.0454726404824,0.6056466420491536,46.19843353105418,0.5995170275370281
0.575072956085205,0.16027533213297526,0.6440613746643067,0.3766710917154948,0.6123765468597412,0.38958717981974283,0.639927864074707,0.602928098042806,0.6117516994476319,0.6340309778849283,0.6315563201904297,0.5820304870605468,0.6149715423583985,0.5937753677368164,0.5932791233062744,0.17576678593953451,0.6282189607620239,0.3831291357676188,173.9365961674844,176.81695212760548,0.974505481931235,20.86967292959046,80.43569803708446,0.27944796085357665,93.75506736178703,0.5085800568262736,86.95068067726652,0.4930286169052124,94.57306436444725,0.6139031728108724,68.16905321726979,0.5924792925516764
0.5790353775024414,0.167583433787028,0.6450262546539307,0.3835678736368815,0.6118558883666992,0.4002523104349772,0.6394231796264649,0.6053512573242188,0.6157776355743408,0.636314582824707,0.6315550804138184,0.5961550394694011,0.6125033855438232,0.5865514755249024,0.5970900297164916,0.17180833021799724,0.628441071510315,0.39191009203592936,174.73013040438616,177.36847376355524,8.44551680972705,39.67614240038408,81.89338611788706,0.2818592111269633,92.96603874306899,0.5141123374303181,87.05457915147497,0.49863067468007405,86.23555083194316,0.6114330291748047,49.45036845374062,0.6007531483968099
0.5779119014739991,0.15046493212381998,0.6441502571105957,0.3822975476582845,0.610584020614624,0.4005134582519531,0.6386942386627197,0.6073972702026367,0.6162475109100342,0.6374785105387369,0.6292361259460449,0.598709233601888,0.6050704002380372,0.5890390396118164,0.5982238054275513,0.17615015506744386,0.6273671388626099,0.3914055029551188,175.17530028093842,177.64074412454283,19.430049137727764,46.91348086468051,82.28963099876616,0.28377782901128135,92.58734037264689,0.5144420067469279,86.99802891999165,0.4994013865788777,77.00676315983891,0.6132587750752767,42.569971891991315,0.6030532519022623
0.5781970500946045,0.15851387977600098,0.64309663772583,0.3843324343363444,0.6097204208374023,0.40033388137817383,0.6390478610992432,0.6101217269897461,0.6153847217559815,0.6458405176798503,0.6303898334503174,0.5994988759358724,0.6062725067138672,0.6000848770141601,0.5995954036712646,0.16717804272969564,0.6264085292816162,0.3923331578572591,175.62076025149608,178.23159329305668,16.799086462558506,38.080370589700976,83.20878092907226,0.27975560029347735,92.4899473368455,0.5190868377685547,86.67857231179762,0.5012274424235026,78.73692850091119,0.6229626973470053,50.818656472887625,0.6048103014628092
0.5783743381500244,0.16067171096801758,0.6432535171508789,0.3745277722676595,0.6096541881561279,0.39565038681030273,0.6383283138275146,0.610932985941569,0.6118213176727295,0.636160151163737,0.6324350357055664,0.5684928258260091,0.6154042243957519,0.5708375295003255,0.5968707799911499,0.16786665121714273,0.6264538526535034,0.3850890795389811,174.83596976724203,177.66415830193986,0.2648518949805875,6.037714233996136,82.24471771576515,0.2764778653780619,93.3354508054782,0.5106246153513591,86.99026368527429,0.49801103274027503,93.1394934109244,0.6034988403320313,82.0944115367069,0.5897129058837891
0.5781308174133301,0.17322904268900555,0.6437122344970703,0.37630914052327474,0.6101510047912597,0.3962532043457031,0.638232421875,0.6128247578938802,0.6122926712036133,0.6438306172688802,0.6314688682556152,0.5840115865071615,0.6143029212951661,0.5779713948567708,0.5982243537902832,0.16963637669881185,0.626931619644165,0.3862811724344889,175.04750087294204,177.69745466646074,2.02092133215619,11.895823493111896,82.4517984902188,0.27795877456665036,93.2531557417255,0.5150558948516846,87.1442492687572,0.49955296516418457,91.74832152304934,0.6109010060628255,76.78966157204309,0.5984181722005208
0.5799613475799561,0.1598393122355143,0.6433185577392578,0.3831042289733887,0.6094647884368897,0.4002588907877604,0.6376821041107178,0.6185674667358398,0.6117734909057617,0.644606335957845,0.6328094482421875,0.5802040100097656,0.6124109268188477,0.5834645589192708,0.5988058805465698,0.17507156531016033,0.6263916730880738,0.3916815598805745,175.11018833483698,177.83917482667073,3.5720993189049963,5.288808814680294,82.74231592342996,0.2833765625953674,93.30781908270079,0.5181439479192098,87.15116343662106,0.5051245133082072,90.59731767960615,0.6140354474385579,82.7614526649202,0.5993857383728027
0.5827389240264893,0.20321408907572427,0.6463184356689453,0.37189098993937175,0.6103073596954346,0.3915387153625488,0.6365266799926758,0.6176360448201498,0.613851261138916,0.6477519989013671,0.6342568397521973,0.5800476710001627,0.6101214408874511,0.5839821497599283,0.6011265039443969,0.17830858230590818,0.6283128976821899,0.3817148526509603,175.33581241063393,177.38716003718207,8.486570375874456,1.7390963024650565,82.38721356732802,0.28001171747843423,93.11150546451633,0.5147334257761638,88.0060076681988,0.49967544873555503,86.65265368352306,0.6158670743306478,86.5442897221063,0.5988418579101562
0.5767088890075683,0.18062100410461426,0.6460568904876709,0.3732996622721354,0.6105552196502686,0.39239142735799154,0.6367266654968262,0.6176887512207031,0.6138922214508057,0.6479239781697591,0.6335188865661621,0.5889184315999348,0.610719108581543,0.5943666458129883,0.6015349149703979,0.17633631229400634,0.6283060550689697,0.3828455448150635,175.3865515647594,177.4946349834408,8.143573018510336,4.9129327561212595,82.61356808038336,0.27959092855453493,93.11243478321178,0.5153847614924113,87.94646461946263,0.5002671480178833,86.60935882179412,0.6211453119913737,83.63801896221807,0.603303591410319
0.5758905410766602,0.20462924639383953,0.6438851356506348,0.3776908238728841,0.6128796100616455,0.39479767481486,0.6387323856353759,0.6217498779296875,0.6118360042572022,0.6542257944742839,0.6338590145111084,0.6008594512939454,0.6141660213470459,0.5968256632486979,0.5980535507202148,0.18125455379486083,0.6283823728561402,0.386244249343872,174.79765464463068,177.2402360529163,1.5376728261484016,11.669479838958832,81.58397732332732,0.28374940156936646,93.53321000966307,0.5202350219090779,87.48358156760507,0.5039970636367798,92.3245050116798,0.6255257288614908,76.86873942732569,0.6113046646118164
0.5786203384399414,0.21478007634480795,0.6467216491699219,0.3762162844340006,0.6133955478668213,0.3977000872294108,0.6371472835540771,0.6167393366495768,0.6127602577209472,0.6499472300211588,0.636271333694458,0.5861460367838541,0.6117505073547364,0.6226109186808269,0.5967932224273682,0.20371519724527995,0.6300585985183715,0.3869581858317057,174.18746131854013,176.18669022456154,6.557874730074069,0.14644583902133404,79.710751212597,0.29533669153849285,93.76326044154315,0.5184527079264323,88.23300143934986,0.5018487612406413,87.88456670123361,0.6362790743509928,88.35995063368729,0.6014426867167155
0.5778460502624512,0.20145843823750814,0.6464083194732666,0.38230835596720375,0.6134406089782715,0.40379565556844077,0.6380155086517334,0.6180843989054362,0.6115396022796631,0.6492984135945638,0.6358781814575195,0.5903463999430338,0.6094033718109131,0.6241486867268881,0.5966552495956421,0.20223340193430583,0.6299244642257691,0.3930520057678223,173.98937067052262,176.37926415200909,9.929561217408102,2.677689698364055,80.10989668865966,0.29764270385106406,94.10375745250218,0.521175209681193,87.94081608338428,0.5055682023366292,85.14492153073759,0.6367235501607259,85.59383047836268,0.604215399424235
0.575395154953003,0.19313704172770182,0.6425370216369629,0.3922825813293457,0.6138816833496094,0.4087665875752767,0.6413567543029786,0.6127447764078776,0.6135279655456543,0.6520358403523763,0.6294287204742431,0.6088905334472656,0.6146129608154297,0.6046147028605143,0.5958515167236328,0.20053842067718505,0.6282093524932861,0.4005245844523112,174.41725655768278,177.24542039209274,2.500688814574201,71.75777724323575,80.80917250539743,0.30053150256474814,93.34071749355192,0.5262802124023438,86.45495968895402,0.5066346804300944,91.31069832274089,0.6283252716064454,17.906928809763684,0.6108176549275717
0.5691110134124756,0.18253520329793294,0.6441273212432861,0.37491916020711263,0.6157203674316406,0.39670143127441404,0.6383327007293701,0.6294313430786133,0.6123304843902588,0.654887580871582,0.6364985942840576,0.6508707682291667,0.6127490043640137,0.659702746073405,0.5927766561508179,0.18163851102193196,0.6299238443374633,0.3858102957407633,173.89307915957792,176.16786401583656,171.44438324783255,173.68943419744713,79.68835018184993,0.28372440338134763,93.74090471768125,0.5203489383061727,88.02315606997006,0.5076208194096883,85.03250364510397,0.6572951634724935,94.88965158908152,0.64015105565389
0.5648877620697021,0.17333666483561197,0.64119873046875,0.3791837692260742,0.6174805641174317,0.39733734130859377,0.6393795013427734,0.6323202133178711,0.6121632575988769,0.6595967610677084,0.6282493114471436,0.687257448832194,0.6134680271148681,0.6752971013387045,0.5910856008529664,0.1852617581685384,0.6293396472930908,0.388260555267334,173.8335053796661,176.1901213409266,172.0844431426084,168.75593065179513,79.32806491480385,0.2867611567179362,93.62216027204039,0.5239286581675212,87.64435828966212,0.5102903842926025,85.24937718701896,0.6674469312032064,101.45300585107432,0.6597888310750326
0.5703786849975586,0.20203914642333984,0.6533362388610839,0.3599509874979655,0.6189620018005371,0.3952595392862956,0.6394721031188965,0.6387041727701823,0.6124265193939209,0.6548264185587566,0.6272115707397461,0.5159138997395833,0.5976553916931152,0.5078262329101563,0.5915460348129273,0.18774658044179282,0.6361491203308105,0.3776052633921305,172.54928851938888,174.6627509970193,22.205878649169488,9.399379868175192,76.77936832286497,0.28267592191696167,94.89104709470725,0.5162158409754436,89.27084103483851,0.5081547180811564,84.26196662007676,0.5813263257344564,84.29795155259447,0.5773090362548828
0.5653261184692383,0.18438210487365722,0.6425055503845215,0.3913938840230306,0.625700855255127,0.3991919835408529,0.6320540428161621,0.6516083399454753,0.6116161346435547,0.6534060160319011,0.6296031475067139,0.6892704010009766,0.6076719760894775,0.6935677846272786,0.5871696949005127,0.19436384042104085,0.6341032028198242,0.39529293378194175,171.97248102218336,173.93560206511822,179.45511241541647,177.1536570895112,76.85244262223382,0.2948283871014913,94.97909341565534,0.5243494749069214,90.45805174269734,0.5234506368637085,95.60884933025545,0.6734869003295898,93.72332863255434,0.6704393704732259
0.5612206935882569,0.18282151222229004,0.6549310207366943,0.3600153923034668,0.6211584091186524,0.38871561686197914,0.6407790184020996,0.6187220255533854,0.5916167259216308,0.5501228968302408,0.6161754131317139,0.5447842915852864,0.5920970439910889,0.5304430961608887,0.5894424438476562,0.19135336875915526,0.6380447149276733,0.374365504582723,164.85554788252318,173.7914120569857,15.005777088881972,25.718057726462217,75.12733818858999,0.28285943667093916,104.79722178873565,0.4622442007064819,89.35889776901502,0.4965437650680542,91.39812064992329,0.5402829964955648,71.59456164016972,0.5817531585693358
0.5596436023712158,0.26662821769714357,0.640404748916626,0.3648556073506673,0.6253252983093261,0.37887471516927085,0.6165637969970703,0.6493192036946615,0.6128429889678955,0.6471434275309245,0.6234131336212159,0.6915841420491536,0.5998500347137451,0.6925130844116211,0.5859326601028443,0.2204783757527669,0.632865023612976,0.37186516125996905,172.2310454507746,172.5520026354879,169.89800634553822,169.10148590385228,72.77571439742,0.29617176850636795,94.16001436936105,0.5095042943954468,93.36242721778444,0.5105921824773152,105.98064419271878,0.6698282559712727,80.79483459936885,0.6704516728719075
0.5528045177459717,0.17799212137858073,0.6411964416503906,0.36527560551961263,0.6255753517150879,0.3789917310078939,0.6147585868835449,0.6485312143961589,0.5902899742126465,0.5524983723958333,0.6154848575592041,0.6028375625610352,0.637265682220459,0.6251961390177408,0.5874965906143188,0.18821009794871013,0.6333858966827393,0.37213366826375327,166.12249376480156,172.75516651792861,148.00869088676012,3.52626701489103,75.99061236785928,0.2801718831062317,103.43816748847655,0.4623160203297933,93.85551483573144,0.5103324413299561,57.1303389063444,0.5888472557067871,90.91060222130137,0.625684388478597
0.5515801429748535,0.16975369453430175,0.6435173511505127,0.36336450576782225,0.628712511062622,0.37433722813924153,0.6039084434509278,0.5257757186889649,0.5964018821716308,0.5298901557922363,0.6378383159637451,0.6237375895182292,0.638590145111084,0.6248366673787434,0.5853420972824097,0.18726131121317546,0.6361149311065674,0.36885086695353186,164.29817423131357,165.2626170852619,156.59663960027783,161.2834581823445,74.37889257920673,0.27805608908335366,103.85300580679592,0.4493705113728841,101.5980526141767,0.4473132928212484,66.04264443332244,0.5773634115854899,70.89606580220232,0.5747566541035971
0.5487219333648682,0.16795620918273926,0.641459608078003,0.36386168797810875,0.6335647583007813,0.3669120788574219,0.613466215133667,0.5746146519978841,0.59869384765625,0.5352983474731445,0.616794490814209,0.6035813013712565,0.5790869712829589,0.6161421457926433,0.5840996026992797,0.18164653778076173,0.6375121831893922,0.3653868834177653,164.76785021569663,169.17013362757632,179.48313884500877,168.47447701743647,73.79106440372459,0.2735167105992635,102.86905017681399,0.45034261544545495,96.55608142045457,0.47000076770782473,103.63260402739459,0.5757202466328939,83.44544348818947,0.5890979766845703
0.54671630859375,0.17098094622294108,0.6444913387298584,0.35925528208414714,0.6405701637268066,0.3585400899251302,0.6140156745910644,0.5495475133260092,0.612305736541748,0.5211179733276368,0.6327151775360107,0.6539620081583659,0.6338180541992188,0.6521401087443034,0.5843953847885132,0.1817444403966268,0.6425307512283325,0.35889768600463867,164.74415648659686,166.88918865738276,168.97404065277024,167.94129263236238,71.83201192377112,0.27032106320063276,100.55437310939053,0.4400078296661377,98.50654616204186,0.4542225996653239,80.67588838172593,0.58662904103597,79.84658443054757,0.6017547607421876
0.5472126960754394,0.17075413068135578,0.6426099300384521,0.36151933670043945,0.6396250247955322,0.36093393961588544,0.6170253276824951,0.5740205764770507,0.6030990600585937,0.5221480369567871,0.6330987930297851,0.6451794306437174,0.6107658386230469,0.5993061065673828,0.5845413684844971,0.17736666202545165,0.6411174774169921,0.36122663815816247,163.62640290303298,168.85879212970897,167.0602748270071,165.6539814500056,72.89618682592332,0.26929665009180703,103.29265229077738,0.4416873375574748,96.45941983220764,0.4676236073176066,84.32545599865382,0.5607270717620849,77.27155561828803,0.6096000035603841
0.5463386058807373,0.17041819890340168,0.6423093318939209,0.36164458592732746,0.6426038265228271,0.35709044138590496,0.6093514919281006,0.5437569300333659,0.6044981479644775,0.523842716217041,0.6321709156036377,0.6445556004842122,0.6158738136291504,0.6126401265462239,0.5843547582626343,0.17635666529337563,0.6424565792083741,0.35936751365661623,163.68685689585138,165.92939154615817,166.70804788659527,165.17849659700525,72.38652941966468,0.2678620894749959,102.99548176712548,0.44160511493682864,100.1783859994797,0.45156222184499106,82.6997111212218,0.5682414213816325,77.24404496391757,0.5941562652587891
0.547766923904419,0.17633161544799805,0.6348928928375244,0.37002862294514977,0.6291460514068603,0.3677949905395508,0.6029755592346191,0.5348234176635742,0.5936860084533692,0.5220146497090657,0.5785451889038086,0.6056177775065105,0.5864688873291015,0.5599388758341471,0.5825450897216797,0.17929778099060056,0.6320194721221923,0.36891180674235025,164.08152150376088,166.78169590521367,177.36297819977005,173.6910068518803,75.3763381963452,0.2741047938664754,104.05658323036606,0.445463228225708,99.92938882994457,0.45186761220296223,100.77476143675003,0.5409767627716064,109.03900236518606,0.5702205975850423
0.549724531173706,0.17808419863382977,0.6344415664672851,0.37552674611409503,0.6360997676849365,0.3703305244445801,0.6151534080505371,0.6430749257405599,0.5966495990753173,0.5277961413065593,0.5909212112426758,0.5590192794799804,0.5914051055908203,0.5454378128051758,0.5842982053756713,0.1790238380432129,0.6352706670761108,0.37292863527933756,163.9689018437902,171.93710560104861,177.71069509561445,29.4863945418459,75.27166948631586,0.27597623666127524,104.00287773797677,0.4503623882929484,94.25884234167464,0.5080017805099487,106.55609329663433,0.5366169770558675,73.91838679370485,0.6010471026102702
0.5487709999084472,0.1723230202992757,0.631232500076294,0.38253701527913414,0.626954174041748,0.3785964647928874,0.6165693283081055,0.6459419886271159,0.5926787376403808,0.5318684577941895,0.5978890895843506,0.5299883206685384,0.589754295349121,0.5237996101379394,0.5833134412765504,0.17676870822906493,0.629093337059021,0.38056674003601076,164.95693124477037,173.24355987584755,35.28000427972605,20.94752541810716,77.33959694376347,0.2786677241325378,103.53231693057792,0.4562175989151001,92.70198831402293,0.5132543643315634,70.07765151981744,0.5278340339660644,80.84823194617273,0.5879651546478272
0.548177433013916,0.17220721244812012,0.6362850189208984,0.3647451082865397,0.6208550453186035,0.37121508916219076,0.6047317028045655,0.5165070215861003,0.5707186222076416,0.41173264185587566,0.5940410614013671,0.5103828430175781,0.5830199241638183,0.5448435465494792,0.5791321039199829,0.19804288546244303,0.6285700321197509,0.3679800987243652,129.35462383090578,166.2860693528022,160.27774275729146,73.82327193677754,73.77929402888051,0.28301149209340415,142.9000847702587,0.38985637029012044,99.11811661385296,0.44224356015523275,84.72006850263384,0.4782880942026774,29.80641847115129,0.5134449323018392
0.5565870761871338,0.1713245391845703,0.6487406730651856,0.36826066970825194,0.6243174552917481,0.38701321283976237,0.6165759086608886,0.6467796961466471,0.5958620071411133,0.5173451423645019,0.622301435470581,0.48401400248209636,0.5924951553344726,0.5178085645039876,0.5808869123458862,0.2029994328816732,0.6365290641784669,0.37763694127400715,161.043030384123,171.16222326040756,115.27683032818514,5.603303790610746,72.32733424716969,0.2903181870778402,106.22952174281426,0.44749104181925453,94.23992102579388,0.5122083187103271,172.1629064910065,0.5175768534342448,92.0146340861672,0.5653968493143717
0.5555550575256347,0.1769284725189209,0.6347715377807617,0.3790398279825846,0.6217833995819092,0.3746328353881836,0.6166386127471923,0.6559768040974935,0.5959187030792237,0.5218351682027181,0.6264537811279297,0.5212336222330729,0.5945024490356445,0.5082635561625163,0.5805302143096924,0.1979805548985799,0.6282774686813355,0.3768363316853841,164.69923192106504,173.1045446169293,20.369858262116225,3.4426806812215065,75.0529180666273,0.287408443291982,102.58031035731125,0.4493357499440511,92.38758384324412,0.5164065678914388,84.04251043390386,0.5150493621826172,94.1662679760363,0.5886052131652832
0.5573486804962158,0.17163534164428712,0.631499195098877,0.3762415885925293,0.6163929462432861,0.37683734893798826,0.6411467552185058,0.6223481496175131,0.5769625663757324,0.47083956400553384,0.6040401935577393,0.5037258466084799,0.5906052589416504,0.5223340034484864,0.5836490154266358,0.1800810972849528,0.6239460706710815,0.3765394687652588,154.83333255032196,176.59550179823032,152.28013255122664,26.26551784915921,78.4084117187167,0.2783102830251058,116.48404197763348,0.4236895163853963,85.99720095339796,0.4994438091913859,75.16123907309567,0.4965867837270101,72.62965495017721,0.5630369981129965
0.5665797233581543,0.2236487070719401,0.6336670875549316,0.3832213083902995,0.6167938709259033,0.38674891789754234,0.6198670864105225,0.6552327473958334,0.5902183055877686,0.5408280054728191,0.6228257179260254,0.633350118001302,0.5801548480987548,0.6073584874471029,0.5878613948822022,0.21560945510864257,0.6252304792404175,0.3849851131439209,166.92275705204165,174.6991128849628,177.14266515691932,7.145217235943751,77.55824224670936,0.30029728412628176,102.6620185646519,0.46290655930837,91.13695514036918,0.5201089302698771,98.60140442590605,0.574093246459961,97.69995870906033,0.6442914326985677
0.5573560714721679,0.20281805992126464,0.6346066474914551,0.3686255772908529,0.6183986186981201,0.3772866249084473,0.6408918380737305,0.6258659998575846,0.5940952301025391,0.5438339233398437,0.6197545051574707,0.6249011993408203,0.5818500995635987,0.6173494338989258,0.5830979347229004,0.19580644766489663,0.6265026330947876,0.37295610109965005,167.4513687078545,175.60242475166436,179.102498125309,88.92083369731115,76.2327738131901,0.28438127438227334,100.73874826656412,0.4583950122197469,86.74369064382854,0.49941105047861734,99.45666928267582,0.5805916786193848,2.613416565805892,0.6253835995992025
0.5642725944519043,0.22385231653849283,0.6293554782867432,0.36606540679931643,0.6163848400115967,0.36825958887736004,0.6391416072845459,0.6301552454630533,0.5930415630340576,0.5266182581583659,0.6141051292419434,0.5925790150960286,0.5930001258850097,0.5522174199422201,0.5833031415939331,0.20845330556233724,0.6228701591491699,0.3671624978383382,167.65125530977087,175.99761611099945,170.92361800208343,35.901675449616164,76.00123323208659,0.2878079017003377,100.59557767690252,0.4468903779983521,86.45960407215429,0.4986588716506958,90.09274411802917,0.5394178390502931,56.325075090385795,0.6113671302795409
0.5655146598815918,0.2327500343322754,0.658169937133789,0.3536188761393229,0.6184737205505371,0.3875287373860677,0.6413723945617675,0.6323919296264648,0.6096467494964599,0.650568962097168,0.6314116954803467,0.6211760838826498,0.6132286071777344,0.6743902206420899,0.5878597497940063,0.19501825173695883,0.638321828842163,0.3705738067626953,171.4144466270727,173.69208297524648,166.72730876852236,43.187492267885865,73.9631143701173,0.28279602924982705,95.84743297769555,0.5105713844299317,89.33245021314545,0.5014828681945801,81.44884353770064,0.6624795913696289,48.39198731220182,0.6267840067545574
0.5672403812408447,0.2449863910675049,0.6525613784790039,0.36901833216349283,0.6186866283416748,0.3920692761739095,0.6385183334350586,0.6269542694091796,0.6101685047149659,0.6504466374715169,0.6337965488433838,0.6392030715942383,0.6082921981811523,0.6361069361368815,0.5904946088790894,0.1973887840906779,0.6356240034103393,0.38054380416870115,172.125678811295,174.29400922326178,13.559058472025951,159.32366669416982,76.15805266245314,0.28896629412968955,95.38783199339625,0.515495220820109,89.32703641921414,0.5037490367889403,82.54537148359111,0.6432767868041992,111.08112719891095,0.633078670501709
0.5633759021759033,0.2291285514831543,0.6458677768707275,0.38068161010742185,0.6177382946014405,0.3926326115926107,0.6382893085479736,0.6283207575480143,0.6126996994018554,0.6525724411010743,0.6176914691925048,0.6212600708007813,0.6133828163146973,0.6654828389485677,0.5859682559967041,0.20425368150075277,0.631803035736084,0.3866571108500163,172.4786582107712,174.50389313407382,173.19151084688812,74.52115614166053,75.89462100641799,0.2954553961753845,94.10906505351078,0.5196147759755453,88.46254552749143,0.5074889341990153,86.97118157890948,0.659027640024821,18.921085986526492,0.6247904141743978
0.5682227611541748,0.238368288675944,0.6459796905517579,0.3838431040445964,0.6195354461669922,0.39684712092081703,0.6389470577239991,0.636950429280599,0.6051104545593262,0.5780010859171549,0.6269070148468018,0.628796132405599,0.6105109214782715,0.6187779108683268,0.5895987272262573,0.204586132367452,0.632757568359375,0.3903451124827067,169.24026820134733,174.9264174729675,166.89328583689232,57.29710639910781,76.9200818520489,0.29746562242507935,98.3810219468546,0.4841730991999308,88.56224843743603,0.5136477708816528,82.45567447372407,0.5983894983927409,34.10840146052507,0.632873280843099
0.5681281089782715,0.2522130966186523,0.649073600769043,0.3757823308308919,0.6202549934387207,0.3799208958943685,0.6378946304321289,0.6357977549235027,0.5993783473968506,0.5287655194600424,0.6357565879821777,0.6164038976033529,0.6034512519836426,0.5712285995483398,0.5885234117507934,0.19063386122385662,0.6346642971038818,0.3778516133626302,165.00108551032827,174.38892741962985,165.3521083014022,6.02872449250478,76.15504235900995,0.2842427372932434,103.16019734485417,0.45330856641133627,89.28250606830447,0.5068246841430664,84.5211573682005,0.5499970595041911,83.70892958126969,0.6261008262634278
0.5717751026153565,0.2604100704193115,0.6293396472930908,0.37343676884969074,0.6258585453033447,0.3787962595621745,0.609294080734253,0.5316749572753906,0.6032718658447266,0.5213048299153645,0.6133377552032471,0.6634443918863933,0.605255126953125,0.589824358622233,0.589391541481018,0.20478452841440836,0.6275990962982178,0.3761165142059326,167.97710945074923,169.8045815982498,172.37326145124976,175.400778801565,77.42856671859393,0.29045052131017046,99.51191481975906,0.4487106720606486,96.71129807041036,0.4538957357406616,88.34206720066888,0.5555645942687988,88.24228741112974,0.597559674580892
0.5719218254089355,0.23816612561543782,0.6287344455718994,0.37207228342692056,0.6268398761749268,0.38107048670450844,0.6078982830047608,0.5288934071858724,0.605511999130249,0.5220479011535645,0.6132883071899414,0.6634798685709635,0.6041823387145996,0.5725436528523763,0.5912975549697876,0.19243136246999104,0.6277871608734131,0.3765713850657145,168.8252598671262,169.73627303178398,174.64019268651293,174.81363132834602,78.79134730304736,0.2845013737678528,98.7054363717553,0.4493096431096395,97.43909642478097,0.45273239612579347,91.50837103329012,0.5472957770029704,87.7065992834001,0.596186637878418
0.5708701133728027,0.23474880854288738,0.6327273368835449,0.3703424135843913,0.629337215423584,0.3673187573750814,0.6038443565368652,0.5251121838887532,0.6046465873718262,0.5061720530192058,0.6131516933441162,0.6632305781046549,0.6140424728393554,0.6693064371744791,0.5915145874023438,0.20067333380381266,0.6310322761535645,0.36883058547973635,166.66361654596312,167.95477906049885,173.46740614897348,172.6692287959286,76.77521160661826,0.2847519596417745,100.87501383069903,0.43750131924947105,99.86883567368385,0.4469713846842448,86.70363495797172,0.5877392450968424,86.14485728094323,0.5941713809967041
0.5762254238128662,0.27392730712890623,0.6375513076782227,0.36855306625366213,0.6283978939056396,0.3674446105957031,0.597318458557129,0.5053548812866211,0.6022098541259766,0.4966931978861491,0.6116309642791748,0.6491899490356445,0.6012054443359375,0.5155598958333333,0.5931385040283204,0.19732427597045898,0.6329746007919311,0.3679988384246826,164.81997136362304,164.67038180034848,170.89735477853804,169.9767339418308,76.86214708242737,0.2826615571975708,103.44440730442733,0.43234601815541585,104.5521660563362,0.43667685985565186,93.04738891876853,0.5061265468597411,84.31741101647583,0.5772724151611328
0.5822514057159424,0.2570111433664958,0.6311017036437988,0.37786083221435546,0.6419262886047363,0.36469558080037434,0.5989010810852051,0.49191468556722007,0.6121480464935303,0.4727296829223633,0.6147071361541748,0.66392822265625,0.617063570022583,0.6638206481933594,0.5949493408203125,0.20407904783884684,0.6365139961242676,0.37127820650736487,162.83185977126095,161.89661442515634,174.72262174974966,170.48839567834773,76.0396176407572,0.2876786271731059,103.50512883017788,0.4220039447148641,107.31681231907211,0.43159644603729247,88.52647844071289,0.5682751655578613,84.74992356253294,0.577921454111735
0.5691272258758545,0.21911077499389647,0.6274498462677002,0.37014026641845704,0.6408836364746093,0.358938471476237,0.5966115951538086,0.5112759590148925,0.6035415649414062,0.5001304308573405,0.6127236366271973,0.6570408503214519,0.5831459045410157,0.6065743764241537,0.5906884431838989,0.19161397616068523,0.6341667413711547,0.364539368947347,164.88686903064144,164.58257955269582,178.94329934603118,169.49962968539933,75.88677301123849,0.27807667255401614,102.72750776387625,0.43233489990234375,104.35588421341527,0.4379076639811198,100.84693964871667,0.5533524036407471,83.69244787379681,0.5841584046681723
0.5738152027130127,0.2346192200978597,0.6271403312683106,0.37092978159586587,0.6411690235137939,0.35946343739827474,0.5969151973724365,0.5115509668986002,0.6098952770233155,0.5114575386047363,0.6098470687866211,0.5919291178385416,0.6361563682556153,0.630702018737793,0.592152190208435,0.19747838973999024,0.6341546773910522,0.36519660949707033,167.3480712398402,164.85534122638842,168.0120222356942,164.74091618074658,75.94030946292784,0.2813374996185303,99.41756140531868,0.4383270740509033,104.27581727042305,0.4383737881978353,77.58006770074954,0.5710797786712647,80.86012722278043,0.551740042368571
0.5726948261260987,0.21984047889709474,0.6259853839874268,0.3735473314921061,0.6311661243438721,0.3730733871459961,0.5974608898162842,0.507793680826823,0.6044531345367432,0.4941474278767904,0.6088333606719971,0.6637919108072917,0.6045064449310302,0.524692440032959,0.5916733503341676,0.19883546829223633,0.6285757541656494,0.3733103593190511,166.23253189753447,165.8997615439448,170.865761846395,171.9423484024592,78.0576289917172,0.2860729138056437,101.2895084787238,0.4337288935979208,103.02707453285294,0.44055202007293703,89.90000143133607,0.5094199339548747,85.83044032710836,0.5857927958170573
0.5740025043487549,0.22238216400146485,0.6269423484802246,0.37818514506022133,0.6409940719604492,0.361635684967041,0.5986719131469727,0.5156913121541341,0.610103988647461,0.507486883799235,0.6104649543762207,0.5869897842407227,0.6350165367126465,0.6257660547892253,0.5914766788482666,0.1955208937327067,0.6339682102203369,0.3699104150136312,166.74226553874757,165.10213569093148,168.34068766243078,164.42872873244542,76.30621855928932,0.2827156543731689,99.84069340322066,0.4386986494064331,103.61046499625778,0.44280086358388265,78.10592892311999,0.5666264692942302,80.60809115834317,0.5513405481974284
0.5761550426483154,0.22169369061787922,0.6312615871429443,0.3791102409362793,0.6283947944641113,0.3775367736816406,0.5970803260803222,0.5102259953816731,0.6086397171020508,0.5056556383768718,0.6121738433837891,0.5562198003133138,0.6354597568511963,0.6069860458374023,0.5918005704879761,0.19104437033335367,0.6298281908035278,0.37832350730895997,167.48860972065165,165.10923387581684,166.58576631979906,156.1645685620311,78.52196180172974,0.28468393882115683,99.44763387754726,0.44198957284291585,103.94309212882531,0.4442747513453166,75.1749547603183,0.5563208421071371,71.83201907009688,0.5332228978474934
0.5765685558319091,0.23405728340148926,0.6247716426849366,0.38112993240356446,0.6350678920745849,0.36834643681844076,0.5965393543243408,0.5083325703938802,0.6105991840362549,0.502433427174886,0.6124470710754395,0.5575314839680989,0.635120964050293,0.5976662317911784,0.5928888082504272,0.1938402016957601,0.6299197673797607,0.3747381846110026,168.11163339308843,165.3060517804558,166.8969527081585,156.6220262918498,78.4310230919609,0.28428919315338136,98.60372575835189,0.4385858058929443,104.02890349845994,0.44153537750244143,75.56041131779615,0.5500498294830323,72.082179059459,0.5329320271809896
0.5716122627258301,0.20638233820597332,0.6264248847961426,0.3739222844441732,0.6437764167785645,0.3601337432861328,0.6031790256500245,0.5443145751953125,0.6375426292419434,0.6124732971191407,0.606071949005127,0.6054230372111002,0.6354100227355957,0.6098630905151368,0.5929180383682251,0.18821884791056315,0.6351006507873536,0.367028013865153,174.56553206752136,168.1423466439161,39.17671901925529,170.3470257452307,76.72612665370717,0.27762343088785807,89.42997298224738,0.4897506554921468,100.20711788773072,0.4556712945302327,50.75028618284114,0.6111681938171387,87.28959567691933,0.5748688062032064
0.5776754379272461,0.22834075291951497,0.6275073528289795,0.37781263987223307,0.6342100143432617,0.37091557184855145,0.5982399940490722,0.5198943456013997,0.6101932525634766,0.4904651959737142,0.6137691020965577,0.5206861813863118,0.6052456855773926,0.5112372398376465,0.5913396596908569,0.19107773303985595,0.6308586835861206,0.37436410586039226,166.30394971568464,166.16450103849806,177.2018389455381,86.25736947056662,77.83252391558639,0.2827209194501241,100.0926705161293,0.4324146509170532,102.63330296752291,0.447129225730896,103.39730656255392,0.5008512179056803,2.9190079436975815,0.5202902634938558
0.5658901691436767,0.20781553586324056,0.6503952026367188,0.37791194915771487,0.6225709438323974,0.3834201812744141,0.638304615020752,0.6174530665079753,0.5975719928741455,0.5223259290059408,0.6279945850372315,0.5587623596191407,0.6044524192810059,0.5636671702067058,0.5895487070083618,0.18798888524373372,0.6364830732345581,0.3806660652160645,163.2661176958407,173.96384879754547,160.62296256434803,12.692117569241589,76.30989947257153,0.2843274752298991,105.35918508714836,0.45149599711100263,89.55924692946891,0.4990595658620199,80.55086691228672,0.5429965496063233,80.03666893982684,0.5881077130635579
0.5626545429229737,0.17538766860961913,0.6491307258605957,0.3795521100362142,0.6200407028198243,0.39429394404093426,0.6377675056457519,0.620875358581543,0.5987391948699952,0.5445030848185222,0.6213062286376954,0.5749809900919597,0.6044787883758544,0.576628303527832,0.590472674369812,0.17739950021107992,0.63458571434021,0.38692302703857423,165.89438884879354,174.69183905120576,160.8523915716779,23.770935223014824,78.11060254605385,0.2821612636248271,102.81563000037501,0.46571305592854817,89.22081573941402,0.5038991928100586,79.87023430082377,0.5605656941731771,70.26823237085576,0.5979281743367513
0.5616230964660645,0.1836037794748942,0.6530701637268066,0.3714152336120605,0.6174436569213867,0.39297711054484047,0.6397940635681152,0.6133849461873372,0.5986566066741943,0.5560088475545247,0.6343412399291992,0.5699211120605469,0.6075783252716065,0.5734626770019531,0.587919044494629,0.19133188724517824,0.6352569103240966,0.38219617207845047,166.42223399126468,174.11715942264263,144.6914160784886,7.430242863874738,76.07066171383994,0.28676402966181436,101.89123418255973,0.4691025098164876,88.87569642673118,0.49779055913289383,62.92564905804564,0.564735762278239,82.84922790322454,0.591653029123942
0.5636929035186767,0.19480185508728026,0.6451070308685303,0.36845537821451824,0.6172717571258545,0.38221572240193685,0.6378612518310547,0.6148052215576172,0.5966350555419921,0.5653987884521484,0.630518913269043,0.6039022445678711,0.6085729122161865,0.5933233261108398,0.5922308444976807,0.17883702913920085,0.6311893939971924,0.3753355503082275,169.04315699514422,175.62082221724458,150.9297794127097,34.125386522191484,78.78574859777386,0.2770862897237142,100.30408369519886,0.47036716938018797,88.40409673038418,0.49507038593292235,66.85308949397798,0.5793610572814941,56.04268523430305,0.6093537330627441
0.5606562614440918,0.17207996050516763,0.6466658592224122,0.366157595316569,0.6163149833679199,0.379279359181722,0.635892915725708,0.6083635965983073,0.6002459049224853,0.5782987594604492,0.6260255336761474,0.6013130823771159,0.6019838333129883,0.5888050079345704,0.5896168947219849,0.1784233808517456,0.631490421295166,0.37271847724914553,169.83559214342364,174.92701560451385,162.83162945383802,55.82263466500693,77.8379138833518,0.27557092905044556,98.64179833530496,0.47550861835479735,88.9296828685521,0.4905410369237264,80.60727089825642,0.5835518836975098,35.54684370035429,0.6048383394877116
0.5629421234130859,0.16570072174072265,0.6420388698577881,0.37574828465779625,0.613050889968872,0.39396826426188153,0.6366684436798096,0.6085381825764974,0.6095056533813477,0.6454934438069662,0.6266592979431153,0.5981714884440105,0.6047111034393311,0.586495844523112,0.5898442029953003,0.17946917215983071,0.6275448799133301,0.3848582744598389,173.62486441897752,176.10767861663746,11.106785478574455,44.23256140607999,79.59872549854614,0.2821637233098348,93.95927332644759,0.5151758591334026,87.66428689901397,0.49669822851816814,85.353961613813,0.615994644165039,46.005303922806036,0.6033548355102539
0.5660318851470947,0.17922314008076987,0.6442646980285645,0.37533219655354816,0.6114293575286865,0.39950335820515953,0.6362802505493164,0.6124579747517903,0.6093957901000977,0.6518626530965169,0.6312219142913819,0.5935992558797201,0.6033385753631592,0.5944504419962565,0.5913969278335571,0.18427469730377197,0.6278470277786254,0.38741777737935384,173.80434495751814,176.16207031337714,12.773884584785458,14.07685580648079,79.82762562381396,0.2858462373415629,93.99125704421968,0.5196402152379354,87.85388528593828,0.49993787606557205,83.9773495148694,0.6231565475463867,74.98538058737428,0.6030286153157551
0.5688996315002441,0.1847584088643392,0.6443944454193116,0.37677822113037107,0.6103675842285157,0.405427074432373,0.6364113807678222,0.6218998591105144,0.6048543930053711,0.6481533050537109,0.6357161521911621,0.6657517115275066,0.60604248046875,0.671060307820638,0.5908588171005249,0.18969329198201498,0.6273810148239136,0.39110264778137205,173.24313599556714,176.22416287833082,172.67228563970903,177.3534100475843,79.7220554920166,0.29039796988169353,95.00831789521719,0.5196279764175415,87.75934005666606,0.5065012534459432,87.03097533138315,0.6596068064371745,90.9082929031919,0.6438257853190105
0.6213479995727539,0.5580531438191731,0.6380467414855957,0.38245871861775715,0.6116148948669433,0.3835680643717448,0.6378904342651367,0.6132413864135742,0.6010864734649658,0.596156628926595,0.6329174995422363,0.5526729583740234,0.6100851535797119,0.5518121719360352,0.599559235572815,0.2933053493499756,0.6248308181762695,0.383013391494751,173.35447619093088,176.41462537484708,6.478603599272459,1.96481768711879,74.26698241547444,0.3381593704223633,96.35659141985265,0.489585010210673,86.75339277377176,0.4981273889541626,101.47108657805776,0.573984400431315,85.30629221283029,0.5829571723937987
0.5700193405151367,0.18978397051493326,0.6357460498809815,0.385389518737793,0.6074331760406494,0.39699363708496094,0.6386476516723633,0.6250296910603841,0.6060367107391358,0.6479749043782552,0.6316407680511474,0.5699214299519857,0.6110026836395264,0.5758727391560873,0.5968200445175171,0.1689352830251058,0.6215896129608154,0.39119157791137693,175.43170433047112,178.93238904715173,0.6590589418587717,4.027411766917631,83.64085690775067,0.28006343046824134,93.46606757239391,0.519583241144816,85.82777379833021,0.5081106344858806,93.93997408820388,0.6119238217671712,82.75385999107812,0.5974755605061849
0.5677202224731446,0.15254224141438802,0.6370654582977295,0.3686550140380859,0.607301664352417,0.37512502670288084,0.6422441959381103,0.6277941385904948,0.5987138748168945,0.6506733576456706,0.6328121662139893,0.6202988942464193,0.6019721031188965,0.6133230209350586,0.5994086265563965,0.16268388430277508,0.6221835613250732,0.37189002037048335,175.2694099192983,179.22035534033878,0.2001998851737845,49.07728008445468,83.78704148284922,0.26728695233662925,94.81216215912244,0.5112816890080769,85.51768081918748,0.4998420794804891,94.98553311759902,0.6319981892903646,38.47271487713837,0.624046516418457
0.5745445251464844,0.2008898417154948,0.6350700378417968,0.39377422332763673,0.6081386089324952,0.4007792790730794,0.6427483081817627,0.6268388748168945,0.6019323348999024,0.6602409998575847,0.6294543743133545,0.5989019393920898,0.6014540195465088,0.6462358474731446,0.5950210332870483,0.18286147912343342,0.621604323387146,0.3972767512003581,174.89230518554965,179.1267256959254,6.58338270821103,23.218059490636534,82.9325111661893,0.29006911516189576,94.2782483610624,0.5287588755289714,84.73757861720726,0.5120578130086263,88.04394823051345,0.6532384236653646,64.55231962577089,0.6128704071044921
0.6089682579040527,0.23805948893229167,0.6333420276641846,0.4244145711263021,0.6087245464324951,0.41861111323038735,0.641920518875122,0.6278861999511719,0.5942427158355713,0.6305589040120443,0.624567174911499,0.5949546178181966,0.579792594909668,0.5739546457926432,0.618798589706421,0.21329459349314372,0.6210332870483398,0.4215128421783447,176.0649467016979,177.41282331706532,29.458879584301915,26.619808220968476,89.38509803421172,0.3174037178357442,97.30300748355779,0.5260358730951945,84.22072299429158,0.5246995210647583,75.67920919123223,0.6022567749023438,62.212947918165824,0.6114204088846842
0.5918116092681884,0.25748867988586427,0.6324888706207276,0.3916528065999349,0.6115667819976807,0.3936828931172689,0.6406727790832519,0.6174541473388672,0.6036942958831787,0.6071165720621745,0.633762788772583,0.5894201914469401,0.6061880111694335,0.600238291422526,0.6005649089813232,0.2337227662404378,0.6220278263092041,0.3926678498586019,174.6334020813365,178.77462923457463,15.564258099821995,10.433350889202071,82.3096649266176,0.3131953080495199,94.88641731229816,0.4998922109603882,85.25844193177299,0.5050609985987345,109.9280732189694,0.6036774317423503,76.15338225175026,0.6034371693929037
