0,1,2,3,4,5,6,7,8,9,10,11,12,13,14,15,16,17,18,19,20,21,22,23,24,25,26,27,28,29,30,31
0.7065771102905274,0.2299536387125651,0.6380395889282227,0.3004346211751302,0.6688153743743896,0.36392304102579753,0.6597487926483154,0.47162590026855467,0.6783356666564941,0.4934956232706706,0.6350583076477051,0.5498273849487305,0.6638845443725586,0.5627496083577473,0.6926684141159057,0.24765626589457196,0.6534274816513062,0.33217883110046387,167.88589854085276,169.04288034908706,165.61655714787946,167.30181193880216,114.90382796750349,0.28991754849751794,81.22253838209198,0.41283722718556726,87.40448715290678,0.40190236568450927,101.78669021342658,0.5281226158142089,107.5224232542854,0.5107266426086425
0.706718921661377,0.2187313715616862,0.6400667190551758,0.35820576349894206,0.6717127323150635,0.39059906005859374,0.6446065425872802,0.47028264999389646,0.6735047817230224,0.5132406870524089,0.6344588279724122,0.5581394831339518,0.6599780559539795,0.5966691970825195,0.6881482601165771,0.2399539629618327,0.6558897256851196,0.3744024117787679,169.70211434571317,176.0067343182114,169.73669208246073,179.93577200301968,103.49206913417649,0.3071781873703003,82.76925171480761,0.4438215494155884,96.71169645872011,0.42234253088633217,99.20953977446136,0.5549549420674642,96.5886299005331,0.5142110665639241
0.7057494163513184,0.21314234733581544,0.6492006301879882,0.38580776850382487,0.6687726497650146,0.388362185160319,0.659265661239624,0.486653741200765,0.6755946159362793,0.5142027854919433,0.6341930389404297,0.5562961578369141,0.6598083972930908,0.5543465932210286,0.6892635583877564,0.23687238693237306,0.6589866399765014,0.38708497683207194,169.73476585723324,172.99120976645554,158.2516870280892,168.5360618837544,101.3958755182032,0.3119786818822225,82.5564524148312,0.4506438811620076,89.83944062150782,0.43686935901641843,111.46682073106831,0.534274689356486,109.79986126724337,0.5214749495188395
0.7018751621246337,0.22345155080159504,0.639803409576416,0.36358801523844403,0.6672083377838135,0.3742442448933919,0.6534928798675537,0.44472726186116535,0.6811954498291015,0.4548110326131185,0.6545804977416992,0.49967212677001954,0.6654819011688232,0.5076297124226888,0.6858611583709717,0.2373414993286133,0.6535058736801147,0.36891613006591795,160.9033893631855,171.13880208962868,158.49779335513495,179.33687189028103,103.81538148061063,0.3031288146972656,72.13245533299032,0.4118635813395182,90.00982033369786,0.4068216959635417,106.56773308941739,0.48122037251790367,88.86599454140206,0.47219969431559244
0.6999453544616699,0.21692137718200682,0.639305305480957,0.3936251322428385,0.6625939846038819,0.40375757217407227,0.6413745880126953,0.4560651461283366,0.6678292751312256,0.4955756187438965,0.6330048561096191,0.5624588012695313,0.6597607612609864,0.5548688252766927,0.6809988260269164,0.23559686342875164,0.6509496450424195,0.3986913522084554,167.21695181201088,179.28586199342257,169.02183740017028,178.244829324144,100.43933029359668,0.3171441078186035,80.11686284944207,0.44713348547617593,99.4747181129685,0.427378249168396,97.74911066257141,0.5252222220102946,94.49805698982642,0.5092619736989339
0.6978718757629394,0.20911649068196614,0.6412517070770264,0.3876604398091634,0.6692029953002929,0.40064544677734376,0.639819860458374,0.47006429036458336,0.6831108093261719,0.4870041847229004,0.6375904560089112,0.5292017300923665,0.671550989151001,0.5355736414591471,0.6810059547424316,0.23102940718332926,0.6552273511886597,0.39415294329325357,163.755983965689,178.30287311273918,160.02805354618192,174.7184369253979,98.9802534529868,0.3125911752382914,73.2848572114942,0.440578564008077,101.47329152080852,0.43210861682891843,103.38765681978359,0.5112889130910238,92.15895388299683,0.49963301022847495
0.6949024677276612,0.20844685236612956,0.6426221370697022,0.39450019200642905,0.6725634574890137,0.40689398447672526,0.6473750591278076,0.47820224761962893,0.6796963214874268,0.4910669008890788,0.637018346786499,0.5152032216389973,0.6774439334869384,0.5204796155293783,0.6803231954574585,0.23310635884602865,0.6575927972793579,0.4006970882415771,166.11664427559478,179.85381851190078,166.21100814810603,174.54907396983964,97.72391774149871,0.31690172354380286,76.25587937636867,0.44588199456532795,97.51016593620682,0.439449667930603,94.37909062654788,0.5057732582092285,105.63713391036056,0.49670273462931314
0.6947964191436767,0.20722389221191406,0.6414833545684815,0.38673009872436526,0.6696087837219238,0.38854179382324217,0.6503695964813232,0.4583742141723633,0.683140230178833,0.45901686350504556,0.6403357028961182,0.4917956034342448,0.6734002590179443,0.513652483622233,0.6808494091033935,0.23404988447825115,0.6555460691452026,0.3876359462738037,159.44810465774142,176.4477060371748,161.8279161892438,171.59713830925503,99.3554534015389,0.31084291537602743,68.86468640044517,0.42332640488942463,94.1853204365585,0.4230050802230835,100.10801435935053,0.4863346735636393,106.71100298080638,0.475084908803304
0.6966705799102784,0.20003703435262044,0.6403156280517578,0.3948844909667969,0.6697816848754883,0.40509923299153644,0.6506969928741455,0.4815609614054362,0.6814083576202392,0.4792710622151693,0.6411927223205567,0.5118905703226725,0.6700849533081055,0.5203953425089518,0.6788843631744386,0.2287832021713257,0.6550486564636231,0.3999918619791667,162.18575638587717,176.69100712235596,157.48693026612872,169.65953739741758,97.92578627659157,0.31438753207524617,71.60844563236508,0.43963146209716797,93.05380120920753,0.4407764116923014,105.39467785701491,0.4998332023620605,107.39922120460248,0.49672576586405437
0.6941102981567383,0.2078900178273519,0.640089750289917,0.38005358378092446,0.6713569641113282,0.38821423848470055,0.6672881603240967,0.4200333913167318,0.6984923839569092,0.4138935407002767,0.6575196743011474,0.4501031239827474,0.6813503742218018,0.4595447540283203,0.6786490917205811,0.22845642566680907,0.6557233572006226,0.3841339111328125,130.93892144154916,158.75017495169155,140.64946175987936,160.44328015513324,98.37740899683398,0.30629516839981075,34.831045601940346,0.3990137259165446,72.14396484629745,0.40208365122477213,110.58113409204148,0.4367191473642985,107.99696252351602,0.43506825764973955
0.6941231727600098,0.20521941184997558,0.6395073890686035,0.39609152475992837,0.6660529136657715,0.4054994265238444,0.6586975574493408,0.4547418594360352,0.684173583984375,0.43769054412841796,0.6436063766479492,0.5171732902526855,0.6709648132324219,0.5211136817932129,0.677141809463501,0.2275373856226603,0.6527801513671875,0.4007954756418864,141.52247875585059,169.09918075388393,162.40825782540486,170.91806448893817,98.00383356989457,0.31416643063227334,49.60606337061418,0.4192430098851522,83.74022285446932,0.4277686675389608,98.99721530558007,0.4794021129608155,103.58909973275824,0.48595757484436036
0.6936774730682373,0.20295230547587076,0.6400468349456787,0.3898883501688639,0.6704693794250488,0.39030027389526367,0.651642894744873,0.46354055404663086,0.698276948928833,0.40941956837972004,0.6407352447509765,0.5135325113932292,0.6781681537628174,0.5198208173116048,0.6771247863769532,0.2271299759546916,0.6552581071853638,0.3900943120320638,120.80971331069935,176.66600483323896,159.66183065763357,174.40180788413903,97.64234417914545,0.30861214399337766,24.190937862958254,0.3997569402058919,92.81797086412222,0.4268174330393473,100.32285080228213,0.4646201928456624,102.30835917057736,0.48853653271993003
0.6922124862670899,0.20155245463053387,0.6377361297607422,0.3722865104675293,0.6696917057037354,0.3747999827067057,0.644158935546875,0.4912927945454915,0.6779706954956055,0.4533741315205892,0.6348084926605224,0.5478556315104167,0.6741218090057373,0.5562906901041667,0.6754199266433716,0.22817130088806153,0.6537139177322389,0.3735432465871175,163.74742365777865,177.86374789371337,171.48627209044696,176.80322722135102,98.49229946246673,0.3008572737375895,73.09848847341938,0.41345868905385336,94.63919609393012,0.4324180205663045,92.14175668836839,0.504832410812378,99.3867149245548,0.5195742130279541
0.69077467918396,0.20450647672017416,0.6383022785186767,0.3702934900919596,0.6679588317871094,0.3744459788004557,0.6423803806304932,0.49910332361857096,0.6750431060791016,0.459844716389974,0.6329492092132568,0.5588480631510416,0.6626416206359863,0.5571206410725912,0.6768901348114014,0.22911272048950196,0.653130555152893,0.3723697344462077,165.47810744491153,177.56455072645952,169.78767144782753,177.20615255599546,99.41694648416717,0.3007412274678548,75.93675510737714,0.41610722541809086,94.8485069562583,0.43573652903238935,97.26531587350875,0.5084826787312826,98.97056014028747,0.5289756933848063
0.691816759109497,0.1996743043263753,0.6382438182830811,0.37017183303833007,0.6679977416992188,0.3747443517049154,0.6467206478118896,0.48317979176839193,0.6767356395721436,0.46167383193969724,0.6356356620788575,0.5489413579305013,0.6729827880859375,0.5468151728312175,0.6766527414321899,0.22722953955332437,0.6531207799911499,0.37245809237162275,165.19442254896808,176.6380752266093,170.9772823212046,176.0901059037943,99.20387067172975,0.29984381596247356,75.17416309499492,0.41706596215566,93.30823104275318,0.42781894207000737,92.52384397708234,0.5042445023854574,99.56802092279612,0.5160605748494466
0.6903060436248779,0.19717464447021485,0.6362677097320557,0.37117010752360025,0.6705529689788818,0.37446187337239584,0.649430799484253,0.47120806376139324,0.6798643589019775,0.4510378201802572,0.6356042861938477,0.550050926208496,0.670765733718872,0.5477517445882162,0.6766124248504639,0.226655642191569,0.6534103393554688,0.37281599044799807,162.14517984024766,175.97380196250674,168.95978230080894,175.7903159251378,99.0200987282363,0.2997358163197835,71.31485964928034,0.4119269053141276,92.31610761063185,0.42201202710469565,95.37443766762637,0.4993947823842367,99.9467012616246,0.5106294949849446
0.6869988918304444,0.1884317398071289,0.6372644901275635,0.3712596575419108,0.6720292568206787,0.37429494857788087,0.6442631244659424,0.4790639559427897,0.6779684543609619,0.4412175178527832,0.6351812839508056,0.5347065607706706,0.6741533279418945,0.5398943583170573,0.675055742263794,0.22964930534362793,0.6546468734741211,0.37277730305989587,161.97177862617102,178.5417481920088,171.12825910918554,177.58473262189884,98.11519889857405,0.3012133042017619,71.18302323792163,0.4069974104563395,95.57984409307228,0.4259206295013428,92.21411448892592,0.49055593808492026,99.26992742686,0.5068852583567302
0.68875150680542,0.19639406204223633,0.6344136238098145,0.3732153574625651,0.6715742588043213,0.37587334314982096,0.647544002532959,0.4617155075073242,0.6781373500823975,0.4386560122172038,0.6340688228607178,0.5376795450846354,0.6741389274597168,0.5449860890706381,0.6744423627853393,0.2297125816345215,0.6529939413070679,0.37454435030619304,159.59892791890383,176.96414313684235,170.7744960154066,176.55823548756254,98.42381917381202,0.30212846597035725,68.58580627148471,0.4066001812616984,93.5774745378642,0.4181299289067586,92.15352848726856,0.4918210506439209,100.05900000914758,0.49969752629597985
0.691056203842163,0.19927552541097004,0.6346313953399658,0.37120145161946616,0.6669561386108398,0.3678365389506022,0.6447110652923584,0.47717631657918297,0.6762011528015137,0.4405416488647461,0.6335977554321289,0.5502214431762695,0.6742732524871826,0.5460566838582357,0.6750843524932861,0.2272977272669474,0.6507937669754028,0.3695189952850342,160.61608947293328,176.30337876388566,171.3773772963218,176.7851982451169,99.6922726533889,0.2984083612759908,70.31602296353289,0.40503032207489015,93.23380690047455,0.42334765593210855,91.04675377961479,0.4932991663614909,98.65081464236951,0.5136988798777262
0.6931234359741211,0.19889842669169108,0.6370028018951416,0.3757531801859538,0.6652554512023926,0.36844876607259114,0.6491184711456299,0.4711139678955078,0.6766825675964355,0.44130045572916665,0.642806100845337,0.538891092936198,0.6781509399414063,0.5431098937988281,0.6741463661193847,0.22693226337432862,0.6511291265487671,0.3721009731292725,160.41005434370604,175.31113510384034,171.84700880812082,177.53590863895067,99.00953864814856,0.29951661825180054,69.73221655644868,0.40670071442921957,91.16334464391893,0.4216074705123901,89.1736944346157,0.4922051747639974,95.32084936546147,0.5050025304158529
0.6928553104400634,0.1986722469329834,0.6360356330871582,0.37267834345499673,0.6664910793304444,0.3729645093282064,0.651951265335083,0.4613407452901204,0.7075384616851806,0.43146209716796874,0.6464247226715087,0.5255151748657226,0.6856488227844239,0.5415811538696289,0.6737665653228759,0.22564347585042316,0.6512633562088013,0.37282142639160154,145.49766057364386,174.26671958601136,157.24061197803442,176.89298235127887,98.69308360921767,0.2992324511210124,46.17927905559048,0.4021417617797851,89.55474695585471,0.417081085840861,101.24279087172772,0.48652162551879885,94.92202673327975,0.49342796007792156
0.6950350761413574,0.2016674518585205,0.6355990409851074,0.36800855000813804,0.6666983604431153,0.3595035235087077,0.6486732006072998,0.47886152267456056,0.6803359031677246,0.44584630330403646,0.6412923812866211,0.5209062258402507,0.6729141712188721,0.5238614718119303,0.6768897771835327,0.22735050519307454,0.6511487007141114,0.36375603675842283,161.3307484884356,174.83088735370652,166.82410294248967,173.63218993737743,100.68660931067556,0.2955532709757487,70.42715168495448,0.4048011700312296,91.2320337800614,0.4213087797164917,95.43430266263356,0.4848538875579834,99.9566492902377,0.49988387425740566
0.6951069831848145,0.2006579081217448,0.6402923107147217,0.3623845100402832,0.665408706665039,0.35808273951212566,0.66203293800354,0.45377524693806964,0.6869060516357421,0.4361793835957845,0.659599494934082,0.5031623522440593,0.6736551284790039,0.5087318102518718,0.6761630773544312,0.22735563119252522,0.6528505086898804,0.36023362477620446,158.79261093908897,170.82255432073848,161.674381132719,174.47570018049936,99.95089439539647,0.29379462798436484,65.84761584099586,0.39820650418599446,84.39357342750321,0.4070044358571371,100.35038002986336,0.4724555969238281,92.82084457768799,0.4784687995910645
0.6957833290100097,0.198203706741333,0.6406385898590088,0.3816107749938965,0.668653917312622,0.36957511901855467,0.6643483638763428,0.46734326680501304,0.7051053524017334,0.42741740544637047,0.6587216854095459,0.5157244682312012,0.6852211475372314,0.5147201855977376,0.6761380910873414,0.22752591768900554,0.6546462535858154,0.3755929470062256,144.01039621651873,171.14923948654626,154.77469574565256,171.70050854783307,98.25876964953628,0.30155943234761556,45.76478272782027,0.401505176226298,83.96370728856002,0.4214681069056193,102.83088784033522,0.47106879552205405,96.63363326060535,0.4915338675181071
0.6914947032928467,0.19844781557718913,0.6454928398132325,0.3848272323608398,0.6722575664520264,0.3774365743001302,0.6544428825378418,0.4819049835205078,0.6759531974792481,0.4505083719889323,0.6549008846282959,0.5242141087849935,0.6732614517211915,0.5304181098937988,0.6765328645706177,0.22743671735127768,0.6588752031326295,0.381131903330485,166.02190965130745,177.55711014112688,172.5663115710066,177.78872417929165,96.55383679574093,0.3042843103408813,76.17079635390492,0.41582013765970866,92.51842747714731,0.4315184434254964,91.92926899218718,0.4904632409413655,89.3797895448945,0.5030595461527507
0.692869758605957,0.20199678738911947,0.6436187744140625,0.3913622538248698,0.6727017402648926,0.3868937810262044,0.6480289936065674,0.4979845682779948,0.67231125831604,0.4666744232177734,0.6472760200500488,0.5340604782104492,0.6650897026062011,0.5424771626790365,0.6744702816009521,0.2259674310684204,0.6581602573394776,0.3891280174255371,169.14431267146878,179.76522811039905,171.9706988788289,176.90092347429757,95.70849506818563,0.30754772424697874,79.6582138413766,0.42790122032165523,95.31719286145442,0.44355629285176595,95.44201530507706,0.5045757929484049,91.19569939633467,0.516022523244222
0.6878510475158691,0.1925204277038574,0.6401876449584961,0.38458000818888344,0.6737725734710693,0.38332951863606773,0.6452528953552246,0.487804381052653,0.6804180145263672,0.445409615834554,0.6399795532226562,0.5294164975484212,0.6719068050384521,0.5269789059956869,0.673825740814209,0.2296827554702759,0.6569801092147827,0.3839547634124756,160.8742670506575,179.8738261556831,168.08502796908132,179.44371714551357,96.23168601179891,0.3068187594413757,69.12394279468157,0.4146821896235148,96.4428296681342,0.4358795722325643,95.95687498089148,0.4861942609151204,97.22237352077198,0.5086104393005371
0.68760986328125,0.19397977193196614,0.6420835494995117,0.3793550173441569,0.6726786136627197,0.38367220560709636,0.6516996860504151,0.4855156580607096,0.6808376312255859,0.4463871637980143,0.6489765644073486,0.5105481465657552,0.672442626953125,0.5063350041707356,0.6754222869873047,0.22647309303283691,0.6573810815811157,0.3815136114756266,161.5319715132691,177.89439205578816,165.14790880728913,177.5182089443776,96.63734150774685,0.30399335225423174,70.12135837748383,0.41395038763682046,93.12683038961039,0.4335146347681681,97.97177258043976,0.47636108398437493,96.20842223267691,0.4980319023132324
0.6909220695495606,0.20515611966451008,0.644212007522583,0.3810771306355794,0.6677034854888916,0.3820905049641927,0.6546084403991699,0.48285452524820965,0.6711479663848877,0.48399378458658854,0.6449424743652343,0.5298799196879069,0.654072380065918,0.5264666239420573,0.6772927284240723,0.2259437640508016,0.6559577465057373,0.38158381779988604,170.1988868446286,175.71742627215843,158.84367567463744,172.6328231729889,97.80540086375984,0.30376379092534384,81.56297280313456,0.43278880119323726,90.76334976703473,0.4322191715240479,111.90187478637425,0.505230204264323,101.61524338337443,0.5063672224680583
0.6893334865570069,0.2004982312520345,0.6439184188842774,0.38963448206583656,0.6739731788635254,0.39290088017781577,0.6475793838500976,0.49426660537719724,0.6749592781066894,0.48673667907714846,0.6408358097076416,0.5355175018310547,0.6592105865478516,0.5323636054992675,0.6755162477493286,0.22892893155415853,0.6589457988739014,0.3912676811218262,170.35435715298908,179.71303439714282,160.84973576371092,177.8713995006591,95.82818296973895,0.31009830633799235,80.47813915914914,0.4390021800994873,96.2973773622181,0.4427671432495117,109.04274023486002,0.509550142288208,99.28441744623345,0.5148920536041259
0.6920802593231201,0.19791857401529947,0.6431817531585693,0.3890043576558431,0.6735000610351562,0.39288161595662435,0.6443141460418701,0.5040652275085449,0.6714513301849365,0.5176271756490072,0.6413532733917237,0.5359895706176758,0.6557822227478027,0.5443661371866862,0.6763292551040649,0.22736881573994955,0.6583409070968628,0.39094298680623374,173.1287576744871,179.53165224407442,150.58502663075464,178.61886472268765,96.27563352853797,0.30915590127309167,84.09154890709777,0.45428508122762046,97.06839718731713,0.4475041071573893,120.37042386441824,0.5309966564178468,95.29882714649338,0.5200273990631104
0.6924954414367676,0.20322314898173013,0.6416690349578857,0.38853995005289715,0.6679168701171875,0.3943006197611491,0.6414528369903565,0.5015899658203125,0.668720006942749,0.5162248611450195,0.6410107612609863,0.5422990163167317,0.6571498394012452,0.5570786794026693,0.6757341623306274,0.22900218963623048,0.6547929525375367,0.39142028490702313,172.2337349656309,179.73613231325155,163.3722880709856,175.4029088173548,97.34684001415765,0.3102112372716268,83.63265531361807,0.45382257302602136,96.90416158902038,0.4465051253636678,105.8125974273866,0.5366517702738445,90.62217314389201,0.521944491068522
0.6911150455474854,0.1981369972229004,0.643538236618042,0.38113603591918943,0.6735215663909913,0.3857465426127116,0.6363831520080566,0.46688934961954753,0.6687564373016357,0.4959869066874186,0.6350825309753418,0.5159548123677572,0.6598872184753418,0.5232864379882812,0.678255558013916,0.22644274234771727,0.6585299015045166,0.3834412892659505,172.7896874184229,175.01526261440043,161.44569084865122,171.48419355787706,97.16124766210395,0.3049420158068339,84.80803709829667,0.4397140979766846,104.8634048333566,0.42516531944274905,107.99822198842892,0.5096366723378499,91.5184336358857,0.49142208099365237
0.6944626808166504,0.2057055950164795,0.6412479877471924,0.376052188873291,0.6673555850982666,0.3882174809773763,0.6345222473144532,0.48129170735677085,0.6678519725799561,0.5068770090738932,0.6313658714294433,0.5185049692789714,0.655644702911377,0.5252027193705241,0.6787893533706665,0.22559566497802735,0.6543017864227295,0.3821348349253336,171.57374748944818,178.5407865230239,145.79350775094377,175.3009923764941,98.89077798611169,0.3038652499516805,83.8005222938571,0.4445059219996134,101.28112956392478,0.43171327114105223,123.66869728768772,0.5160398642222086,94.84814249624597,0.4998983383178711
0.6973295211791992,0.20622096061706544,0.6408416271209717,0.38151798248291013,0.6659299373626709,0.3887447992960612,0.6463664054870606,0.4926936467488607,0.6658767700195313,0.5093865076700846,0.6324916362762452,0.5219115257263184,0.6528415679931641,0.5303956031799316,0.6776961565017701,0.2271690050760905,0.6533857822418213,0.38513139088948567,171.86134576036662,177.0044328101208,148.39690330915522,163.28344004992562,98.74916298186,0.3061501979827881,84.25951540577215,0.44725894927978516,93.73375578137627,0.43891251881917315,121.81774717652998,0.5198910554250081,115.40176057920816,0.5073025862375895
0.6971101284027099,0.21378033955891926,0.6382163047790528,0.3731143633524577,0.6650692462921143,0.3880074818929036,0.6357934474945068,0.46440283457438153,0.6648502349853516,0.5050907452901204,0.6256807804107666,0.5236093203226725,0.6522462844848633,0.530317751566569,0.6773200750350952,0.22983078161875406,0.6516427755355836,0.38056092262268065,171.35207871303172,179.33436727965315,153.22141176820207,179.40607745600906,99.66768958392542,0.30519585212071737,83.94592140245253,0.4428258339564005,100.7047732793653,0.4224818785985311,116.54769172611435,0.5177042484283447,99.69277599045917,0.494006077448527
0.7008708953857422,0.22122944196065267,0.6369026660919189,0.3711726188659668,0.6596756935119629,0.3863066673278809,0.6379236698150634,0.48866682052612304,0.6708736896514893,0.47876125971476235,0.6390202045440674,0.5015808741251627,0.6599283695220948,0.5091423352559408,0.6817638874053955,0.22954864501953126,0.6482891798019409,0.3787396430969239,164.77405509604716,175.7838036253674,155.08708477034213,170.83157436456517,102.64628633095053,0.30414414405822754,77.27619834302324,0.4287504514058431,95.38673979278717,0.4337032318115235,109.81245339224155,0.49395179748535156,85.1466460118116,0.49512384732564285
0.7012082576751709,0.21900472640991211,0.6369959831237793,0.3677366256713867,0.6621680736541748,0.38531843821207684,0.6376916885375976,0.47788753509521487,0.6696894645690918,0.45210660298665367,0.63121657371521,0.49397640228271483,0.6571093559265136,0.5038321177164714,0.6812267780303956,0.2294490098953247,0.649582028388977,0.3765275319417318,162.13563266847092,176.75137350130663,162.94667455883635,166.96457847259276,102.14239451514368,0.30298827091852826,75.10184052879174,0.4143170674641927,96.69067496040982,0.4272075335184733,103.6694525611409,0.47796936035156257,111.92278019910013,0.4859319686889648
0.7011714458465577,0.21669182777404786,0.6402539730072021,0.3766160011291504,0.6632274627685547,0.3849032402038574,0.6390632152557373,0.489187749226888,0.6672622203826905,0.45548534393310547,0.6367330074310302,0.49420239130655924,0.6610207080841064,0.5004254659016927,0.6811718940734863,0.23003880977630614,0.6517407178878785,0.38075962066650393,164.73520224198836,177.43955450161442,167.6586849184768,162.6126949519093,101.0490833807649,0.305399215221405,78.26578051460476,0.4181224822998047,96.66878939605046,0.43497368494669597,97.90694842926477,0.4779554049173991,114.92338781620232,0.49169507026672366
0.7060124397277832,0.21973697344462076,0.6363308906555176,0.37105992635091145,0.6599649906158447,0.3825586954752604,0.6416111946105957,0.488994566599528,0.6653175354003906,0.4611991882324219,0.6342726230621338,0.5001693407694499,0.6581713676452636,0.5094830195109049,0.6814011335372925,0.23130107720692952,0.6481479406356812,0.3768093109130859,164.49794334037753,174.55709981766944,167.26069281148287,153.12430009862953,102.87281915398283,0.3040551940600077,78.49981733794067,0.4190042495727539,93.33470709335765,0.43290193875630695,98.41884951426363,0.4853411038716634,123.29325477981347,0.49458195368448893
0.70484938621521,0.2202790419260661,0.6411420822143554,0.3786811828613281,0.6645076751708985,0.385758908589681,0.663007116317749,0.45386006037394205,0.6924750804901123,0.44363994598388673,0.6540456771850586,0.4752686818440755,0.6741394519805908,0.4759445508321126,0.6809390306472778,0.22973190943400065,0.652824878692627,0.38222004572550455,150.2423179818705,167.33635408034291,137.6092378689579,156.53461447146248,100.44628123431369,0.3059759775797526,57.15534985928697,0.41292999585469564,81.91069757386686,0.4180400530497233,119.57862010484206,0.4597922484079997,112.7137077912127,0.4645643711090088
0.707491397857666,0.22579943339029948,0.6383037567138672,0.380937131245931,0.660391902923584,0.38608697255452473,0.668890380859375,0.4608590761820475,0.6969838619232178,0.434155527750651,0.657465934753418,0.49471225738525393,0.6806625366210938,0.49375120798746747,0.6808083772659301,0.22928685347239175,0.6493478298187256,0.38351205190022786,141.26720164201924,162.87420814670253,148.82627645591793,157.17654755011097,101.52963354310052,0.3063994526863098,46.752756822934465,0.40883378982543944,75.82036875489969,0.4221855640411377,105.31591321489083,0.4639533678690593,108.6480154573623,0.47778566678365075
0.7065122604370118,0.2276738166809082,0.6493410110473633,0.38056192398071287,0.6662307262420655,0.38481693267822265,0.6950406551361084,0.41772934595743816,0.7123737335205078,0.4233929951985677,0.6827751636505127,0.4635263442993164,0.6966813087463379,0.4549185117085775,0.6821593523025513,0.2294556697209676,0.6577858686447144,0.38268942832946773,135.5653222165297,137.1591585487948,125.23478914364543,147.8286799001294,99.03780004745794,0.30607254902521763,36.71013745943645,0.40304121176401775,43.24519709840749,0.40020938714345294,116.46269836107149,0.4391557534535726,104.99325616448752,0.44062784512837727
0.7074079036712646,0.22795047760009765,0.6494977951049805,0.37631556193033855,0.6677320003509521,0.38630990982055663,0.6946798324584961,0.4083075205485026,0.7186682224273682,0.425142765045166,0.6898463726043701,0.4545951207478841,0.7125183582305908,0.4546767552693685,0.6819058418273926,0.2303341547648112,0.6586148977279663,0.38131273587544756,136.81053318967116,130.92038756394805,131.93117921015815,150.9559199252179,98.76969050540428,0.3058234453201294,36.12390569622788,0.4032277504603068,36.81503840863593,0.3948101282119751,101.7626171569383,0.43990976015726724,95.96135483118776,0.43145132064819336
0.7061449527740479,0.23057756423950196,0.6475512981414795,0.3870973587036133,0.6643528461456298,0.39363489151000974,0.68399019241333,0.44198382695515953,0.6974356651306153,0.4392114003499349,0.6607157230377197,0.47719650268554686,0.6518274784088135,0.576185925801595,0.6822396039962768,0.23161951700846356,0.6559520721435547,0.3903661251068115,143.84590839479003,151.96650531001683,162.85544285761122,143.39636407937064,99.40252978535649,0.31099282105763754,49.65923221105069,0.4147887627283732,61.489718098479635,0.4161749760309855,108.4161278374797,0.5076986630757649,123.46344737833469,0.4595901648203532
0.7045513153076172,0.23802353541056315,0.6426454067230225,0.3785406112670898,0.6625670909881591,0.3909928321838379,0.664065170288086,0.4439874013264974,0.6924542903900146,0.4353228251139323,0.6595146179199218,0.4692342758178711,0.6867745399475098,0.452169926961263,0.6828624963760377,0.22967298030853273,0.6526062488555908,0.3847667217254639,144.42543578346041,164.0363366463764,134.48769280635761,165.10692750268328,101.03882414298671,0.30721985101699834,51.755016458192486,0.4100447734196981,79.04887083900636,0.41437706152598064,108.63077067633395,0.44374637603759765,100.21741505250067,0.4566108385721842
0.7058517932891846,0.241993776957194,0.6490297317504883,0.3813286781311035,0.6623871326446533,0.38443333307902017,0.6842877388000488,0.43012218475341796,0.7094079494476319,0.4265088717142741,0.6662013053894043,0.4730688095092773,0.7198396682739258,0.45710875193277994,0.6830981492996215,0.2288447618484497,0.6557084321975708,0.38288100560506183,136.67364499261177,149.16611389675938,157.9982755258582,150.52599158597042,100.08257964937596,0.30586288372675574,39.09193611839333,0.404694938659668,58.82748841577527,0.4065015951792399,71.1753881486246,0.44180881182352705,112.83778352885321,0.4515954971313476
0.7059898853302002,0.24070289929707844,0.64362473487854,0.37753705978393554,0.669884729385376,0.3755059242248535,0.6840158462524414,0.42547152837117513,0.716904592514038,0.4186104774475098,0.6492096900939941,0.59373353322347,0.7497381687164306,0.475427500406901,0.6861037254333495,0.2296540339787801,0.656754732131958,0.37652149200439455,134.23992384411804,150.2749309146329,166.79071982220302,170.30222662115162,101.30074251325061,0.30308776299158735,34.98184337715185,0.39756598472595217,60.885816742680724,0.4009965101877848,59.97712456026139,0.4470189889272054,101.6871903595781,0.5096025307973225
0.7086820602416992,0.2517914930979411,0.6549663066864013,0.3739638646443685,0.6601438045501709,0.3747484842936198,0.7008016586303711,0.42150808970133463,0.7015456676483154,0.4303778648376465,0.7100110530853272,0.438994026184082,0.6404251098632813,0.5864952087402344,0.6850775718688965,0.22809793949127197,0.6575550556182861,0.37435617446899416,146.5138132901371,142.12157830200653,163.23600212365153,168.7140242825284,100.65715295520666,0.3012270569801331,51.859490728462134,0.40236701965332033,47.47370051783742,0.3979321320851644,111.38053967378919,0.5084365367889405,62.22537359777672,0.43025105794270835
0.7120475769042969,0.24413092931111655,0.6601356506347656,0.3733867327372233,0.6591318607330322,0.37664321263631184,0.6967564105987549,0.44527254104614256,0.6963879585266113,0.4457670529683431,0.664757776260376,0.48048359553019204,0.6460683822631836,0.5896425247192383,0.6891042709350585,0.23420449097951251,0.6596337556838989,0.37501497268676753,154.5208851336223,154.22526092154843,164.3395503655879,134.9550478595581,101.82092464146818,0.30460973183314,62.54908167346433,0.4103910128275553,62.148947770156134,0.41014375686645504,109.27697577805256,0.5177047888437907,132.26351738859057,0.4628780682881673
0.7112329959869385,0.25337278048197426,0.6536610126495361,0.38258403142293296,0.6622825145721436,0.37926025390625,0.7006453514099121,0.42514934539794924,0.7104034900665284,0.42672427495320636,0.6979527473449707,0.4610178311665853,0.7101638793945313,0.45945895512898766,0.6874365091323853,0.2364472468694051,0.6579717636108399,0.38092214266459146,138.02155346036506,140.02830744781508,145.97434841630928,149.18015106675514,101.52703375433144,0.3086846947669983,41.13908427474866,0.4038232088088989,46.024226547986274,0.40303574403127035,90.41938503676788,0.443091615041097,94.29307301903043,0.44308358828226724
0.7096093654632568,0.2539438088734945,0.6476221561431885,0.3783635457356771,0.6601304531097412,0.37790171305338544,0.6943805694580079,0.42576799392700193,0.7078773975372314,0.4309386889139811,0.6875783920288085,0.4527084986368815,0.7033743858337402,0.4613612174987793,0.6858110666275025,0.23384286562601725,0.6538763046264648,0.3781326293945313,140.74704465179676,142.18211791640172,140.83947045663527,141.5106127804835,102.4797461806537,0.30598774751027424,44.35896135085364,0.4045356591542562,49.625545735391995,0.4019503116607666,98.41954284199772,0.4461499532063802,104.17037775566428,0.43923824628194175
0.7138351917266845,0.25268247922261555,0.6478609561920166,0.38696937561035155,0.6581233501434326,0.38387231826782225,0.6956568241119385,0.43502963383992516,0.7052931785583496,0.43510481516520183,0.6899669647216797,0.4593085606892904,0.6987617492675782,0.45874691009521484,0.6890271425247192,0.2356962521870931,0.6529921531677245,0.3854208469390869,138.19341637928324,141.2086425037472,132.58439825116147,140.2262884668753,103.53230413561597,0.31055854956309004,43.53004422633867,0.41026283105214434,49.30372922467188,0.41022524038950603,105.44349099720512,0.44692586263020834,103.18946067980075,0.44716909726460774
0.7161230564117431,0.2404682477315267,0.6511205673217774,0.37191956837972007,0.6572946548461914,0.37362531026204426,0.7010949134826661,0.4336579958597819,0.6962903022766114,0.43896891276041666,0.6943759918212891,0.4548746109008789,0.6404476642608643,0.5878403345743816,0.6929479837417603,0.23661279678344727,0.6542076110839844,0.37277243932088217,148.50116676452956,144.76809817060197,163.0993738250593,136.35780714264064,105.88220276193046,0.30469261805216474,57.55489769224431,0.4058706760406494,52.40052472441396,0.403215217590332,110.56139474115993,0.5134046236673991,107.57206111198559,0.44426630338033035
0.717251205444336,0.2580190817515055,0.6547829151153565,0.36901591618855795,0.6540560722351074,0.37034130096435547,0.7116076946258545,0.4313977241516113,0.7019976615905762,0.4425165812174479,0.7054737567901611,0.45583442052205403,0.6428631782531739,0.5791135787963867,0.6937907934188843,0.23918500741322835,0.6544194936752319,0.36967860857645674,149.15852512009727,142.47799944771072,159.74992773171977,135.258962830539,106.78911823372957,0.30443180799484254,56.84720766617658,0.4060975948969523,47.18217649019205,0.40053816636403405,113.40836687982538,0.5108150800069173,104.09087757089544,0.44361607233683265
0.7154176712036133,0.2524134953816732,0.6596925258636475,0.3628573735555013,0.6515213489532471,0.3663991292317708,0.7097410202026367,0.423954709370931,0.7027112960815429,0.43866326014200846,0.6965084552764893,0.45368801752726234,0.6441922664642334,0.5876473108927409,0.693008303642273,0.23808091481526694,0.6556069374084472,0.3646282513936361,150.3031445883883,142.7642498040665,161.4857188735048,131.34154810430582,106.46517002889519,0.3013545831044515,57.533671140256466,0.40164575576782224,47.62023920331901,0.39429148038228357,111.44426510657276,0.5131552855173747,113.99106298208326,0.43882136344909667
0.717152452468872,0.2638374328613281,0.6558034420013428,0.3703575770060221,0.6532206535339355,0.37538633346557615,0.7044371604919434,0.4326505978902181,0.6977853298187255,0.44544633229573566,0.6866681098937988,0.4612380663553874,0.6444492816925049,0.5874921162923177,0.6944125413894653,0.2420295794804891,0.6545120477676392,0.37287195523579914,150.14393399632667,143.1428719602694,162.10402753709744,128.14000845818236,106.95912940241185,0.30745076735814414,59.19401795753228,0.4091591437657674,50.13250221952029,0.40276127656300864,110.58039919025722,0.5164692242940266,121.86375441039421,0.4469443321228027
0.7181645393371582,0.26274191538492836,0.65133638381958,0.3669118881225586,0.6535890102386475,0.37261759440104164,0.6976190567016601,0.43283240000406903,0.691956901550293,0.4424829165140788,0.6770537376403809,0.46576805114746095,0.644292688369751,0.5884604771931966,0.6957486629486084,0.24428547223409017,0.6524626970291137,0.36976474126180015,150.39702355794415,144.9657449066415,164.05669266618304,133.6516847678589,109.03264631367465,0.30702510674794514,61.493028739158625,0.40612382888793946,54.397386916092266,0.4012985706329346,108.08276117288041,0.5154716968536377,121.98102926397844,0.449300225575765
0.7211505889892578,0.26547675132751464,0.647832727432251,0.36755027770996096,0.654314661026001,0.37411975860595703,0.6906035423278809,0.43196551005045575,0.6963790416717529,0.44218883514404295,0.6720894813537598,0.4603566805521647,0.6443905353546142,0.5870143254597981,0.6966996669769288,0.24482661883036294,0.651073694229126,0.370835018157959,147.49384851759143,145.2456197598545,162.02393797060563,133.68005023309732,109.90465079550049,0.30783081849416094,57.586928444306224,0.406511926651001,57.11139304923768,0.40140026410420737,109.7467906140113,0.5146015803019206,123.10862370447221,0.4461610953013102
0.7208623886108398,0.2566188971201579,0.6473644256591797,0.36764039993286135,0.652894115447998,0.3741854985555013,0.6876028060913086,0.4416661580403646,0.6969672679901123,0.44661998748779297,0.665333890914917,0.46821282704671224,0.6444732666015625,0.5835187276204427,0.6970592021942139,0.24460469086964926,0.6501292705535888,0.37091294924418133,148.22991245899016,149.34529124899407,160.54450753187135,131.1265581474108,110.38258800881641,0.3077588200569153,58.25598692766884,0.4087664683659872,62.092638464806534,0.4062895536422729,110.97938678453268,0.5150693575541179,129.99191215941048,0.4549394925435384
0.7219761848449707,0.2467679500579834,0.6533827781677246,0.3691515604654948,0.6521918773651123,0.3698271115620931,0.703973388671875,0.4152126630147298,0.7041193008422851,0.4451906204223633,0.6902397632598877,0.4402153015136719,0.6906312942504883,0.45311129887898766,0.6972466945648192,0.2409260590871175,0.6527873277664185,0.36948933601379397,147.7863826132756,133.98394710149273,96.07348996688037,123.31743692514324,109.0762554785958,0.30520769755045574,55.85935794685133,0.40733997821807866,41.773679802754295,0.3923509995142619,149.57689852510055,0.4491509596506755,118.77942205431835,0.4277139822642009
0.7211459636688232,0.25492742856343586,0.655884075164795,0.36911369959513346,0.6500234603881836,0.3691443125406901,0.7015328884124756,0.4214624404907227,0.6923884868621826,0.4341447194417318,0.689991807937622,0.4495646158854167,0.6820566177368164,0.45375506083170575,0.696673846244812,0.24152493476867676,0.6529537677764893,0.36912900606791177,147.48696338597983,138.67747099389075,133.23906533667886,132.9483195718735,108.9126347502502,0.30532697041829426,58.76145608074023,0.4016368627548218,47.13062857764582,0.3952957232793172,117.7828715054319,0.44394989013671876,112.3271134423147,0.43551352818806965
0.7243655681610107,0.24226195017496746,0.6553612232208252,0.3699242909749349,0.6524636745452881,0.3753661155700684,0.7059530735015869,0.4150442441304525,0.7063628196716308,0.4341181755065918,0.6916799068450927,0.4277814865112305,0.6924263954162597,0.4404918670654297,0.6974725484848023,0.24019975662231446,0.6539124488830567,0.3726452032725016,142.15322064279334,131.94758093575982,84.9946243637909,97.33491880416028,108.20556393268622,0.306422479947408,49.52830960302457,0.4033816893895467,39.17072591650376,0.39384472370147705,155.42346162507073,0.4373050212860108,138.2545715875052,0.4214128653208415
0.7245738506317139,0.26215081214904784,0.6556071281433106,0.37228101094563804,0.6501155376434327,0.3721016883850098,0.7073653221130372,0.42339080174764,0.7008800506591797,0.4322039286295573,0.6945672035217285,0.46361687978108723,0.6903297424316406,0.4764204978942871,0.696819543838501,0.24087573687235514,0.6528613328933717,0.3721913496653239,142.5509442375041,136.51627440792606,146.80729571579755,137.83008556936034,108.50809132663218,0.3065335432688395,51.3351538097177,0.4021976391474406,43.20938293481869,0.397791075706482,103.42015169113746,0.45431221326192217,107.64871691692633,0.4435038407643636
0.7233975887298584,0.26350633303324383,0.6617863655090332,0.3742692311604818,0.6537219047546386,0.3758862495422363,0.7137146472930909,0.42314008076985676,0.7057302474975586,0.4308047612508138,0.7067680835723877,0.460137939453125,0.7029379367828369,0.4730995496114095,0.6969616889953614,0.2436776399612427,0.6577541351318359,0.37507774035135905,141.95726526354346,135.99116826885532,151.47515059599144,139.41449520372993,106.61420803399506,0.3093776901563009,49.27441438213126,0.40294125080108645,40.658018569559395,0.39910891056060793,93.77719778112483,0.45195215543111167,100.63381486371559,0.44163901011149087
0.719996452331543,0.26620850563049314,0.6642703056335449,0.37723531723022463,0.6574111461639405,0.37603877385457357,0.7119647979736328,0.42486480077107747,0.7098520755767822,0.43176956176757814,0.7086996078491211,0.4569345156351725,0.7063160419464112,0.46855414708455406,0.6956368684768677,0.24173028469085694,0.6608407258987428,0.3766370455423991,142.64158928007586,138.4250917007652,148.18556658840873,143.39066269953008,104.4629252292562,0.309183665116628,48.363750476692296,0.4042033036549886,43.330179221289264,0.40075092315673827,95.49086498088639,0.4501618544260661,95.81355815109076,0.440899658203125
0.7196737766265869,0.26542808214823405,0.6587396621704101,0.37179559071858725,0.6521371364593506,0.372930908203125,0.7085809707641602,0.41962512334187824,0.7092605113983155,0.4252997080485026,0.7050133228302002,0.4463481585184733,0.7082117080688477,0.45416218439737954,0.6939366579055786,0.23841845989227295,0.6554383993148803,0.37236324946085614,139.21233482642464,136.2683580092834,145.09046025275438,138.57093978696247,106.03564911263123,0.30539085467656457,44.52469349246117,0.3988314787546794,41.64801039143859,0.3959941864013672,92.08109571381978,0.43973094622294107,97.60428420954807,0.4329866409301758
0.7170957088470459,0.2649500846862793,0.663293981552124,0.3710644721984863,0.6545277118682862,0.37427953084309895,0.7132240295410156,0.4147915840148926,0.7048542976379395,0.41651843388875326,0.7092396736145019,0.4578503290812174,0.7060571670532226,0.47194547653198243,0.6924902439117432,0.24056755701700844,0.6589108467102052,0.3726720015207926,137.68167811570984,134.58003593491745,155.83955182658673,144.13598108075155,104.26187302282949,0.3066197792689005,43.66211570050565,0.3945952177047729,37.79338635536239,0.3937317927678426,88.75677068599703,0.44423195521036785,95.28669721774875,0.43632095654805503
0.7172695636749268,0.25309592882792153,0.661183214187622,0.3664719899495443,0.6654372692108155,0.3739243189493815,0.7022362232208252,0.41615165074666344,0.7236631393432618,0.4284775416056315,0.6965299129486084,0.4567484219868978,0.7088339805603028,0.4736456871032715,0.6907402753829956,0.23563284873962403,0.6633102416992187,0.3701981544494629,143.6869150135081,143.3767908497375,138.07180775842983,151.0011135659354,101.52142788752461,0.3029155015945435,43.998659562795574,0.39933784802754724,49.732954119130035,0.3931749025980632,108.17553107334699,0.45106161435445147,98.00111571823928,0.4364500363667806
0.7163010597229004,0.245961062113444,0.6632095336914062,0.3671529452006022,0.6628930568695068,0.3770441055297852,0.7120172023773194,0.41960646311442057,0.7245736122131348,0.43016064961751305,0.7041259765625,0.4630920728047689,0.7147878170013428,0.4719409942626953,0.6882338285446167,0.23220287958780925,0.6630512952804566,0.3720985253651937,143.74476652937918,141.36691619718022,139.4254484061534,145.42008523469747,100.20449619429785,0.3021507024765015,43.34260097974278,0.4011295874913534,44.13417847377218,0.3958524942398072,103.18219576934806,0.45105082194010415,100.2853968406128,0.4413492679595947
0.7175763130187989,0.24257623354593913,0.6650846004486084,0.3739705403645833,0.6554049968719482,0.3810675303141276,0.7180472850799561,0.4252976735432943,0.7148993015289307,0.43416010538736977,0.7008569717407227,0.4589770952860514,0.7080142498016357,0.4792241096496582,0.6899075031280517,0.23461522261301676,0.6602447986602783,0.3775190353393555,143.1613715761829,137.97138679510414,146.1545181266843,126.46052170917143,101.72642758716854,0.30606712897618615,46.02259080391833,0.4058395703633626,39.576607295814604,0.4014083544413249,98.68669413539162,0.45669210751851397,117.04022046100138,0.4421373844146729
0.7159868717193604,0.24124436378479003,0.6715356349945069,0.36188360850016277,0.6579859256744385,0.3683701197306315,0.7226963520050049,0.4202492078145345,0.6995558261871337,0.4219262440999349,0.7199906826019287,0.46850401560465493,0.6960817813873291,0.4695948918660482,0.6921591281890869,0.2340459187825521,0.6647607803344726,0.36512686411539713,150.76307553600958,142.88816354655543,159.1422298888246,148.67711378326484,101.80591015748777,0.2995863914489746,58.50855087236422,0.393526554107666,43.574599271961695,0.3926880359649658,94.16829148863351,0.4457605679829916,93.2092405126676,0.44437661170959475
0.7113168239593506,0.2368969758351644,0.6537245273590088,0.3790767669677734,0.6582574367523193,0.3895695686340332,0.712325143814087,0.41829268137613934,0.7026293754577637,0.43432772954305016,0.7020500183105469,0.4468406677246094,0.6929691314697266,0.49344170888264977,0.6848643302917481,0.2268718401590983,0.655990982055664,0.3843231678009033,141.8893236002834,129.25381404436234,151.99839941107516,123.8244462919192,100.39141781385585,0.3055975039800008,46.99486139622114,0.40932544867197673,31.08998748817783,0.4013079245885213,99.28108132882255,0.46388471921284996,109.79505702712986,0.43256667455037434
0.7098711013793946,0.23510554631551106,0.6451344013214111,0.3838590939839681,0.6619022369384766,0.3903273900349935,0.6949294090270997,0.41591421763102215,0.7147112369537354,0.42441787719726565,0.6767956256866455,0.44936860402425133,0.7045082569122314,0.45058520634969074,0.6864207506179809,0.22844688097635907,0.6535183191299438,0.3870932420094808,129.59561555495296,127.4355754942943,119.93085060970978,131.0455585524604,101.71674254803037,0.30777006149291997,31.381113333386917,0.40575555960337323,34.836851481263544,0.4015037298202515,111.30145347626879,0.4375015417734782,118.45968618059705,0.43264141082763674
0.7107387542724609,0.23179829915364583,0.6507781028747559,0.39390538533528646,0.6635002613067627,0.39152873357137047,0.7128250598907471,0.4244837760925293,0.7170085906982422,0.43023293813069663,0.6997191905975342,0.45516780217488606,0.7037316799163819,0.45724302927652993,0.687055516242981,0.22886075973510742,0.6571391820907593,0.39271705945332847,130.53285171327295,127.20754664072854,117.99134890667963,122.5846823763343,100.34690720281442,0.31078890959421795,32.07243134506919,0.41147499879201255,29.70314616437096,0.4086004177729289,116.17659575312018,0.4437379837036133,113.12846779594808,0.4398257891337077
0.7093606948852539,0.22797036170959473,0.6579497337341309,0.3864026705423991,0.6687364101409912,0.3948266665140788,0.7155680179595947,0.42202599843343097,0.7190705299377441,0.43519646326700845,0.7044650077819824,0.45608669916788735,0.7102945804595947,0.4572189966837565,0.6852104187011718,0.23171425660451253,0.663343071937561,0.3906146685282389,138.10734040434005,130.08850379525225,123.09155966208338,129.81294194933432,97.83563749709955,0.3111644625663757,38.65970063661575,0.41290556589762367,31.025317359432155,0.40632033348083496,111.72721426256972,0.4462077299753825,108.05478502893294,0.43905634880065914
0.7073974609375,0.22436962127685547,0.6573095321655273,0.38657197952270506,0.6675924777984619,0.38827765782674156,0.7078437805175781,0.40873279571533205,0.7165552139282226,0.42494401931762693,0.6977954864501953,0.4478370984395345,0.7058741569519043,0.4505721092224121,0.6854247570037841,0.2293455680211385,0.6624510049819946,0.38742481867472334,133.78288926088132,122.26962854165595,122.86071041960926,135.25901809303275,98.26893817292105,0.3083851933479309,34.739829170475026,0.40618441899617513,25.14598961784286,0.3980788071950277,112.6249817847773,0.4377580642700195,104.41101762201795,0.42828494707743325
0.706119155883789,0.22608811060587566,0.6420682907104492,0.39431384404500325,0.6677663803100586,0.3887632369995117,0.7072859287261963,0.39491364161173503,0.7189791679382325,0.42284059524536133,0.6961545944213867,0.4459972063700358,0.7041380405426025,0.4495379447937012,0.681504201889038,0.23058292071024578,0.654917335510254,0.39153854052225745,127.07099874675461,102.60396333281679,110.6108810393557,130.5733776471482,99.37949993846587,0.3110607306162516,26.041176815493113,0.4071895678838094,3.6875531151694325,0.39322609106699624,119.06979862063918,0.43618927001953123,102.29284314840403,0.4204554239908854
0.705590009689331,0.2271082560221354,0.6373316287994385,0.39409523010253905,0.6634042739868165,0.38932711283365884,0.6949614524841309,0.398569393157959,0.7012436389923096,0.41057217915852867,0.6765894412994384,0.44426008860270183,0.6883891582489013,0.44430739084879556,0.6828408718109131,0.22871386210123698,0.6503679513931275,0.391711171468099,116.11937528530487,102.82485796333071,123.27839787645274,131.57634549950018,101.26715585595393,0.310212516784668,20.341119782248168,0.4011416753133138,8.743254159769664,0.395140282313029,110.85886514575826,0.4274397850036621,111.9048247014546,0.4214147408803304
0.7025787830352783,0.22081705729166667,0.6400412082672119,0.39067246119181315,0.6607259750366211,0.38505048751831056,0.6898075103759765,0.4025471051534017,0.6960799217224121,0.41221113204956056,0.6725491046905517,0.4674851735432943,0.6849975109100341,0.46627880732218424,0.6811803102493286,0.22765446503957112,0.6503835916519165,0.38786147435506185,122.66686920042147,113.25467303484477,144.59938698225326,149.5606594475094,100.88127748399438,0.3077579696973165,28.051281931316595,0.4000363032023112,20.43064447158975,0.3952042897542318,101.58363878239858,0.4392449696858724,104.88328981271884,0.435016139348348
0.7026591300964355,0.2154352347056071,0.634824562072754,0.39058513641357423,0.6611356258392334,0.39023141860961913,0.6829723358154297,0.431851069132487,0.7044349193572998,0.4323789914449056,0.6696887016296387,0.4879944165547689,0.6910141944885254,0.4867373466491699,0.679318404197693,0.2245359500249227,0.6479800939559937,0.3904082775115967,133.5189694357975,140.83364255510267,142.0591457540943,154.14692692442577,100.69880221138777,0.30747211376825967,36.628548459390274,0.41139363447825117,49.82390825693141,0.41112967332204187,103.86860232820496,0.4595581690470377,103.31150994400642,0.45992274284362794
0.700507402420044,0.21757383346557618,0.6348905563354492,0.38330138524373375,0.6585729598999024,0.37692464192708336,0.6820937633514405,0.42411553064982094,0.7040241718292236,0.41684783299764,0.6691188335418701,0.4783583958943685,0.6954855442047119,0.4737900098164876,0.6771155357360841,0.22393805980682374,0.6467317581176758,0.38011301358540855,130.60807778646537,142.63798829835753,143.97736284462633,153.7108314864343,101.00934721049391,0.30202553669611615,32.66722996091204,0.3984804232915243,51.21338916639149,0.40211427211761475,98.52810969115629,0.4453189214070638,103.45242160381981,0.4512369632720947
0.6992139339447021,0.21388990084330242,0.6345776557922364,0.39145304361979166,0.65915846824646,0.3777191162109375,0.6779220581054688,0.4075082143147786,0.6999342441558838,0.39746472040812175,0.6709574699401856,0.46547161738077797,0.6983599662780762,0.45219157536824545,0.6755407810211181,0.22571016152699788,0.6468680620193481,0.3845860799153646,111.72476387161657,127.18288829120102,141.0574711772528,156.56384215410102,100.23018890047733,0.30514812072118125,13.64138449499716,0.39102540016174314,36.43244392364466,0.3960471471150716,91.64772141433237,0.42482814788818357,96.85152361486853,0.4364899158477783
0.6970476150512696,0.21532673835754396,0.6341068267822265,0.3770404497782389,0.6619572162628173,0.3896517117818197,0.6876598834991455,0.40206778844197594,0.7011244297027588,0.4084989865620931,0.6655623435974121,0.4740667661031087,0.6879013538360595,0.47170133590698243,0.6765233516693115,0.22966063817342122,0.6480320215225219,0.3833460807800293,123.18206113847496,118.98368054041255,143.89638427675416,152.0012840077702,100.50267329157185,0.30650335947672525,25.349587169521296,0.3959225336710612,25.28783009084038,0.3927069346110026,101.81686539037041,0.44010016123453777,107.06201628868365,0.43806727727254235
0.6962131500244141,0.20817802747090658,0.6340013980865479,0.37665541966756183,0.6609185695648193,0.37973206837972007,0.6634584903717041,0.4371953964233398,0.6946034908294678,0.42815783818562825,0.6524989128112793,0.4661559740702311,0.6748438358306885,0.46260671615600585,0.6794957876205445,0.22222245534261068,0.6474599838256836,0.3781937440236409,140.85952626052816,160.56239468945392,132.1884575325495,155.9931948834137,101.60687215969767,0.3002080996831258,46.663745300058224,0.4031757911046346,74.82884093683717,0.40769457022349037,119.83830527015887,0.445382277170817,110.7281913754242,0.4516756852467855
0.6949902534484863,0.20691900253295897,0.6346966743469238,0.3819917678833008,0.6576251029968262,0.38774372736612955,0.6607048034667968,0.45298426946004233,0.6723755836486817,0.4530476570129395,0.6471746444702149,0.4857892672220866,0.6639122009277344,0.499890391031901,0.6761703729629516,0.2234858751296997,0.646160888671875,0.3848677476247152,158.02155367507092,164.09220493653936,160.98530749958124,157.01117608226505,100.53401912187901,0.3041768113772074,68.9685998634712,0.41895770231882734,77.94745700717307,0.41892600854237877,100.2415152150143,0.47646902402242025,112.41330766055049,0.46938676834106446
0.693042802810669,0.2028790314992269,0.6350358486175537,0.3816162427266439,0.6606416702270508,0.38873955408732097,0.6497579097747803,0.46587505340576174,0.6719768047332764,0.44417724609375,0.6381306648254395,0.47416133880615235,0.6656594753265381,0.4868448257446289,0.6767252445220947,0.22360949516296386,0.6478387594223023,0.38517789840698247,156.5160674682771,172.28601653953248,161.635911293738,131.70233935712085,100.13669411666986,0.3043936967849732,67.74935537489857,0.4146775722503662,88.63764104349059,0.4255264759063721,98.4219842864199,0.4655110359191894,144.52400524659572,0.4700181961059571
0.694093656539917,0.20877057711283367,0.6357539176940918,0.38118762969970704,0.657846736907959,0.38609205881754555,0.6517842769622803,0.48577702840169273,0.6695787906646729,0.45493183135986326,0.6386056900024414,0.5043807029724121,0.6610277652740478,0.5065989176432292,0.6745832443237305,0.22299251556396482,0.6468003273010254,0.3836398442586263,161.0447735497237,172.2478571348079,164.0023259081589,148.56945732356775,99.81188021622486,0.30331617991129556,72.2808278542815,0.4192858378092448,87.20637535532136,0.43470843633015954,99.3974038198236,0.4807653745015462,125.3132316937269,0.4950788656870524
0.6933991432189941,0.20726675987243653,0.6363691329956055,0.38738422393798827,0.6622565746307373,0.398123041788737,0.6569970607757568,0.48447678883870443,0.669349479675293,0.46538120905558267,0.6517641544342041,0.5129117329915365,0.6636029243469238,0.5156416575113932,0.6736606121063233,0.22675615946451821,0.6493128538131714,0.3927536328633626,163.54176384515728,171.511718538878,166.8445137868058,168.40377523242523,98.34438564745548,0.3097548961639404,74.57678855953127,0.42906742095947265,85.21116635073867,0.4386152108510335,96.52261952264148,0.49051143328348795,100.42751703743701,0.4986942609151205
0.6939001560211182,0.20483986536661783,0.6366393089294433,0.38966951370239256,0.6601317405700684,0.4006009101867676,0.6615871906280517,0.4660409291585286,0.6691416740417481,0.46919015248616536,0.650635814666748,0.49472068150838217,0.6662428855895997,0.49660876592000325,0.673197054862976,0.22685259183247886,0.6483855247497559,0.39513521194458007,163.38413350916275,166.67420551920085,163.98417321502626,157.8061538525491,98.38724264472258,0.3109939018885295,74.34285620417891,0.4321626822153727,79.45308080415344,0.43058807055155435,96.03508444515957,0.4828994592030843,110.89937841282926,0.4803808053334554
0.6959070205688477,0.22032071749369303,0.6377175807952881,0.4090778668721517,0.6579230308532715,0.4167631149291992,0.6528807640075683,0.4748199144999186,0.673205041885376,0.4878061294555664,0.6452337265014648,0.5138677914937337,0.6601210594177246,0.5345401763916016,0.6736923694610595,0.23577164014180502,0.6478203058242797,0.41292049090067545,161.16358181246397,170.35065696845194,158.58419553664288,170.3873447872898,98.30913358431276,0.32434606552124023,71.27436735854498,0.4503633101781209,85.32629692947812,0.44387020270029703,105.64048353263223,0.511173152923584,101.08042757814832,0.49434385299682615
0.6938417911529541,0.22087801297505696,0.6382508754730225,0.3816800117492676,0.6559337615966797,0.3817636807759603,0.6544593811035156,0.4203644752502441,0.6697992324829102,0.41824766794840496,0.6486431121826172,0.4570751190185547,0.664952564239502,0.45801995595296224,0.6740036010742188,0.22858225504557292,0.6470923185348512,0.38172184626261396,146.8622446546477,163.38748036069498,159.87730699015097,169.81814811806166,99.96684609810075,0.30515205065409345,58.13212895476835,0.39998475710550946,79.2063138014948,0.40104316075642904,96.9478319627987,0.43813381195068357,99.00285346312734,0.4387197971343994
0.6907861709594727,0.22220309575398764,0.6324163436889648,0.41468671162923176,0.6587197303771972,0.4176271120707194,0.6437850952148437,0.4450733184814453,0.6678680896759033,0.4555058479309082,0.6348888874053955,0.4742323239644369,0.6548033714294433,0.4869723320007324,0.6676532983779908,0.2398353099822998,0.645568037033081,0.4161569118499756,150.51572051805127,176.8948755483667,150.02178598159418,173.45281019546283,97.13943325127102,0.3279961109161377,60.4586583393469,0.4358313798904419,93.52830420761418,0.4306151151657105,112.54796718634675,0.4712390899658203,106.96657960060546,0.4596528212229411
0.6925815582275391,0.22230629920959472,0.6350838661193847,0.4145493189493815,0.6575630187988282,0.41732495625813804,0.6558839797973632,0.4389012018839518,0.6731762409210205,0.43099501927693684,0.6487798690795898,0.48310174942016604,0.6659346580505371,0.4939690272013346,0.6691708326339723,0.2329389254252116,0.6463234424591064,0.4159371376037598,120.44038217684826,153.70566877999622,159.33261854019105,168.77469524087115,97.11657358756136,0.3244380315144857,29.28181287364819,0.42346607844034834,67.39676776957704,0.4274191697438558,96.55981203814534,0.46248202323913573,99.1307467479321,0.46100147565205896
0.6921363353729248,0.21432302792867025,0.6303969383239746,0.4141680399576823,0.6565085887908936,0.4085680961608887,0.6482008934020996,0.45190823872884117,0.6723597526550293,0.4403575579325358,0.6462783813476562,0.491016419728597,0.661211633682251,0.4956019401550293,0.6666328430175781,0.2355899969736735,0.6434527635574341,0.4113680680592855,136.68366723226572,168.4495905628305,156.68591678827696,175.1538903750063,97.51232146842548,0.32347903251647947,45.0816447413763,0.42586281299591067,83.3198602949458,0.4316381533940633,101.40886715356228,0.46797974904378253,92.81432738149942,0.4714623292287191
0.6933461189270019,0.2060755729675293,0.6323180198669434,0.39500357309977213,0.6579083442687989,0.3959911028544108,0.6539381504058838,0.43932358423868817,0.6765369892120361,0.4264608065287272,0.6509530067443847,0.4795253753662109,0.6661859035491944,0.4784274419148763,0.6698850870132447,0.2292984406153361,0.645113182067871,0.39549733797709147,136.5095610286564,164.2729541969305,154.47761473083168,171.77777313264096,98.47751123461514,0.3123978892962138,44.57723783344314,0.4109790722529093,78.6150169325986,0.4174104611078898,101.26514351686777,0.45244412422180175,94.24664720875313,0.45942447980244955
0.693559980392456,0.20360116958618163,0.6338283061981201,0.38454084396362304,0.6597350597381592,0.3875523885091146,0.6512741565704345,0.47132714589436847,0.6848230361938477,0.4193137486775716,0.6513494491577149,0.5038251241048177,0.670112419128418,0.5062606811523438,0.6719277143478393,0.22236265341440836,0.6467816829681396,0.3860466162363688,134.91574869714904,172.24224049026867,159.4137937702008,177.9117740515343,98.73381188818718,0.3042046348253886,41.16966937260904,0.40268018245697024,86.98451599292095,0.4286868810653687,99.60297527056325,0.46278721491495767,89.86725513405322,0.48757613499959307
0.693553113937378,0.20606659253438314,0.6378546714782715,0.38322347005208335,0.6607709407806397,0.3853672663370768,0.6651037216186524,0.43591849009195965,0.6834243774414063,0.4155366579691569,0.6612671375274658,0.5051485379536946,0.6683846473693847,0.5155991554260254,0.6724455118179321,0.22247823079427084,0.6493128061294555,0.3842953681945801,135.73999603268962,161.02168569265004,163.1878348469286,171.17893065737678,98.13564441579565,0.3033867994944255,42.4851996371706,0.3999160130818685,72.9917348689808,0.41010692914326985,98.54776390498475,0.4655679066975912,93.17196742854728,0.47053351402282717
0.6941299438476562,0.20694435437520345,0.6310578346252441,0.3818298975626628,0.6547712326049805,0.38381827672322594,0.6449121475219727,0.4670504252115885,0.6570988178253174,0.44602104822794597,0.6397388458251954,0.5040627161661784,0.6551941394805908,0.5147137959798177,0.6715013027191161,0.2235776662826538,0.6429145336151123,0.38282408714294436,163.6453061721695,172.4089038258555,173.09254275880843,173.5436174475898,100.17693234351736,0.30320087671279905,77.3498505061115,0.41442256768544516,88.64135856661956,0.4249372561772664,91.58826193497984,0.48036742210388184,97.95682768813501,0.48555657068888347
0.6935264110565186,0.20928362210591633,0.6307569980621338,0.381067689259847,0.654088830947876,0.38843711217244464,0.6323580265045166,0.49545637766520184,0.6644930362701416,0.4396691640218099,0.6263867378234863,0.5044838905334472,0.6549276351928711,0.5068907419840495,0.6716223001480102,0.22669246196746826,0.6424229145050049,0.3847524007161458,156.18841171963425,176.88322622458404,166.0557087853051,154.14566210240756,100.466600619208,0.30572243134180704,68.10563674496885,0.41221078236897785,95.19488580809217,0.44010438919067385,98.0986247189211,0.4732799530029297,123.48282100804195,0.49997013409932456
