0,1,2,3,4,5,6,7,8,9,10,11,12,13,14,15,16,17,18,19,20,21,22,23,24,25,26,27,28,29,30,31
0.6282433032989502,0.626271120707194,0.62791428565979,0.38929897944132485,0.6208596229553223,0.38569294611612953,0.626830005645752,0.494775644938151,0.629039192199707,0.5056793212890625,0.6400905132293702,0.6049874623616537,0.6400574207305908,0.61609312693278,0.6205913066864013,0.5610791524251302,0.6243869543075562,0.3874959627787272,10.924466623518429,6.6798641361493765,178.22282568337087,177.269010140435,91.25265550417177,0.4742875576019287,87.74573978441862,0.44658764203389484,88.69544411045474,0.4411358038584391,84.30130217981893,0.5608862241109211,83.13924425802244,0.5498815536499023
0.6325724124908447,0.6540641784667969,0.6331901550292969,0.3886116027832031,0.626195240020752,0.3937361399332682,0.6313387393951416,0.419283390045166,0.6334637641906739,0.41887308756510416,0.6409311771392823,0.4810616493225098,0.6459152221679687,0.4805346806844076,0.627631950378418,0.6238394419352213,0.6296926975250244,0.39117387135823567,9.382550701441536,4.389459933333388,178.87305541353228,178.30063530532468,90.50746239104566,0.5075066566467286,82.24722017602123,0.40502347946166994,86.64869132955441,0.40522863070170084,78.58366107653163,0.44970388412475587,81.17404531666945,0.45017251968383787
0.6343305110931396,0.6416563034057617,0.6349453926086426,0.41790088017781574,0.6305931568145752,0.42573706309000653,0.6341031551361084,0.5169386545817057,0.6347932815551758,0.5194362322489421,0.642617130279541,0.5778061548868815,0.6427706241607666,0.5775794982910156,0.6297730922698974,0.5923424402872721,0.6327692747116089,0.42181897163391113,5.126872405094349,4.090017364116784,175.861616295762,175.64972032051327,91.00661185938058,0.5070807059605916,88.81219330277186,0.4706276019414266,89.19658363835298,0.46937881310780843,82.18771029308802,0.5485078652699789,82.03729073246177,0.5473724047342936
0.5864158630371094,0.38099533716837564,0.6431559085845947,0.42815380096435546,0.6376027584075927,0.42575804392496747,0.6144941806793213,0.5000199635823568,0.6163068294525147,0.5103994369506836,0.6076309680938721,0.49305038452148436,0.6083358764648438,0.4983053207397461,0.6007445096969605,0.36299571990966795,0.6403793334960937,0.42695592244466146,157.88100833152222,154.76161223405472,57.57309912539025,70.91684869043522,58.21435516045728,0.3949758211771647,106.09224860824668,0.4686776796976725,109.50823504049129,0.46348794301350915,56.6120447947808,0.5043523788452149,45.44056399957816,0.4965351740519206
0.587869930267334,0.24296045303344727,0.629442548751831,0.41816755930582683,0.6396458625793457,0.40296758015950523,0.6187302589416503,0.4859198888142904,0.6214293003082275,0.4500887870788574,0.6381166934967041,0.5738838195800782,0.6292565345764161,0.5452471415201823,0.6012606382369995,0.26971286137898765,0.6345442056655883,0.41056756973266606,155.2618460151865,163.5280450238958,173.04938945405837,168.82435577108572,76.70503705665833,0.34014021555582685,108.35814989507291,0.43032817840576176,101.85246703119786,0.4482437292734782,85.29773128917148,0.49766796429951987,77.57122978530133,0.5299018541971843
0.5845298767089844,0.2311109224955241,0.6415012836456299,0.45789461135864257,0.6521309852600098,0.444060230255127,0.6253053188323975,0.5109847068786622,0.6306588649749756,0.48668254216512047,0.6349794387817382,0.6623602549235026,0.63660888671875,0.6508896509806316,0.6030240535736084,0.26353827317555745,0.6468161344528198,0.45097742080688474,148.59258850280028,155.13345228126565,175.00189662396224,173.13829469928567,76.84966363419136,0.3572578469912211,114.34768697171937,0.46882998148600263,109.72123680093006,0.48098106384277345,87.92480330275289,0.568786096572876,86.34330985741572,0.5866724809010824
0.5817421436309814,0.23734079996744792,0.6392152309417725,0.4593502998352051,0.6542869567871094,0.44824492136637367,0.6214783668518067,0.5482501983642578,0.6283188819885254,0.51489683787028,0.6368377208709717,0.6511120478312175,0.6325800895690918,0.631631596883138,0.6057311773300171,0.2679650147755941,0.646751093864441,0.4537976106007894,157.986164681812,161.80459213305548,173.35335694847709,168.63112223956728,77.5523728224729,0.36088131268819174,106.7873379522984,0.48434722423553467,104.97975455877383,0.5010239044825235,87.90944140126595,0.573264217376709,81.5073296356171,0.5996811230977377
0.5751163005828858,0.22195409138997396,0.6379369258880615,0.4517933209737142,0.6454920768737793,0.4477229118347168,0.6354691028594971,0.5607253392537435,0.6242425918579102,0.5566846211751302,0.6401791572570801,0.6663054784138998,0.6310139656066894,0.6389080683390299,0.6027501344680786,0.264983860651652,0.6417145013809205,0.4497581164042155,166.5058915380876,170.46553845125507,172.0542573557707,177.0394349441529,78.09218462944472,0.35737098852793375,99.28018055741057,0.5032213687896728,93.2212923549933,0.5052417278289795,85.29212627091802,0.59779634475708,87.44566138613034,0.6135154088338216
0.5754039287567139,0.22417489687601724,0.6365089893341065,0.4513845125834147,0.6436795711517334,0.44450979232788085,0.6365396022796631,0.5705205917358398,0.6220052242279053,0.5628451029459636,0.6429823875427246,0.6662001927693685,0.6308698177337646,0.6486064910888671,0.60563223361969,0.26241776943206785,0.6400942802429199,0.44794715245564776,167.9335512098508,172.6103971092084,171.46658976697083,176.9058263592332,79.47724847213982,0.3551824609438578,98.94697183024242,0.5053961277008057,91.66113456815582,0.5092338720957438,84.09866726732851,0.6057257970174154,86.14768479524608,0.6183603922526042
0.5765081405639648,0.22795384724934895,0.6384627342224121,0.4413188616434733,0.6372323036193848,0.43962494532267254,0.6395248413085938,0.5764652887980143,0.619788646697998,0.5600553512573242,0.6446028232574463,0.6736383438110352,0.6315806865692138,0.6475695927937826,0.6039228916168213,0.2610896110534668,0.6378475189208984,0.4404719034830729,168.37460869922884,174.26593542952037,170.59268751116147,178.66812040809594,79.29075111062551,0.35078075726826985,98.58762226820909,0.5002636273701986,89.29335812395252,0.5084685961405436,82.32594445833375,0.6038124720255533,87.00860976900339,0.6250518163045247
0.575446605682373,0.2268985112508138,0.6361276149749756,0.4385145823160807,0.6356532096862793,0.43768612543741864,0.6379670619964599,0.563229751586914,0.6196799755096436,0.5563807805379232,0.6471357822418213,0.6772195180257161,0.6314589500427246,0.6523739496866862,0.6017364501953125,0.26024436155954994,0.6358904123306275,0.43810035387674967,168.72874821666775,174.1318159154285,171.81962895623832,178.0938775025342,79.12973117846833,0.3491723577181498,97.8038199053145,0.49724056720733645,89.0492055296699,0.5006650527318318,83.00441280594093,0.6043773651123047,85.40133771244261,0.6202246348063151
0.5765337467193603,0.2138264497121175,0.646125602722168,0.4339104970296224,0.6091874122619629,0.43611389795939126,0.6411765575408935,0.56654478708903,0.6124133586883544,0.5496576309204102,0.6497043132781982,0.6719584147135417,0.6274868011474609,0.6410186767578125,0.6074531555175782,0.26903658707936606,0.6276565074920655,0.4350121974945068,171.41378386116446,179.40170578097016,170.58410509600955,179.3089888938629,83.05982429725805,0.35202439228693644,97.57357250000084,0.4923349142074585,84.13125814649267,0.5007784922917684,80.6313048498117,0.5953381538391114,85.37495578061713,0.6192516009012858
0.5778565883636475,0.21641465822855632,0.6445324420928955,0.43855578104654946,0.6108554840087891,0.43664913177490233,0.6408096313476562,0.578958002726237,0.6136068820953369,0.5580877304077149,0.6517593383789062,0.6758239110310872,0.6301394462585449,0.659413464864095,0.6072774171829224,0.2656079133351644,0.6276939630508422,0.4376024564107259,172.091555554093,179.19291901409983,171.36479825417763,179.31917940190786,83.23040430636696,0.3516051848729452,96.66871777580785,0.4978450934092204,84.69899100477306,0.5082802295684814,80.73313352785408,0.6087505976359049,83.55067097407183,0.6273909568786621
0.580975866317749,0.22015393575032552,0.6208198070526123,0.44976024627685546,0.6425688743591309,0.4443828582763672,0.6371721744537353,0.5902262369791667,0.6177318096160889,0.5687774658203125,0.6470865726470947,0.6866252263387044,0.6315174102783203,0.6589733759562174,0.6108855485916138,0.26368388334910076,0.6316943407058716,0.44707155227661133,172.1699440964034,177.58898179733197,171.26228593189776,177.80433381901773,83.52640064993538,0.35537771781285604,96.54456166939785,0.5079245090484619,87.80863822568837,0.518648894627889,81.31012584301455,0.613875420888265,84.12791658656882,0.6384257316589355
0.5789784908294677,0.2152285893758138,0.6401302814483643,0.4456065813700358,0.6185423374176026,0.4483652432759603,0.6398259162902832,0.5833684921264648,0.6198444366455078,0.5749519983927409,0.6477721214294434,0.6867554346720378,0.6335618495941162,0.6720537185668946,0.6071465969085694,0.2670664310455322,0.6293363094329834,0.446985912322998,173.39620088783732,178.4994487941447,173.03469474222265,179.99824353755514,82.96913863261692,0.3570261716842651,94.24214064371596,0.5109689553578695,85.60186297750745,0.5151772022247314,81.95912031226429,0.6235028584798177,85.60495094799589,0.6350619633992514
0.5987817764282226,0.21148667335510254,0.6353048324584961,0.44017082850138345,0.6270770072937012,0.44165013631184896,0.6387442111968994,0.5758970260620118,0.6172808170318603,0.5661834081013998,0.6457772254943848,0.6870976130167643,0.6311639785766602,0.6718965530395508,0.6163330793380737,0.26349682807922364,0.6311909198760987,0.44091048240661623,173.484527177161,179.09941042118663,172.5115586205922,179.77182538358798,85.2128278811252,0.35220365524291997,96.33607539965281,0.503546945254008,86.79730385818395,0.508403754234314,82.51824137311144,0.6190399805704753,86.38107999503022,0.631497319539388
0.6049282550811768,0.22913824717203776,0.6435088157653809,0.45711094538370767,0.6131101131439209,0.4644129435221354,0.6384928703308106,0.5840206146240234,0.6223652839660645,0.5842797597249348,0.6459338188171386,0.6905120849609375,0.6354481220245362,0.6881664911905925,0.6143945693969727,0.27210386594136554,0.628309464454651,0.4607619444529215,175.78221723611338,179.69487880592567,174.62034909314187,179.61034588697638,85.78166105781038,0.36643290519714355,92.75518071595987,0.5225208520889282,85.2770539089175,0.5223912795384724,82.82231699250248,0.6362231254577637,86.00303073776337,0.6372663497924804
0.6072276592254638,0.2612532297770182,0.6376899719238281,0.4511650721232096,0.6175341606140137,0.45122960408528645,0.6368422985076905,0.5523248672485351,0.6131494045257568,0.5362223307291667,0.6430682182312012,0.6795162836710612,0.6274396896362304,0.6642136891682943,0.6181613683700562,0.2686809460322062,0.6276120662689209,0.451197338104248,171.41966484202783,178.55296814245446,173.58292370110883,178.92959209256549,87.03587203074204,0.3599391420682271,99.65355525129654,0.49370983441670735,84.78488139374306,0.5017611026763915,83.62928845824936,0.6002180099487304,87.19765342575019,0.6159205754597982
0.6075294494628907,0.271910285949707,0.6420935153961181,0.4429957389831543,0.6147826194763184,0.44874982833862304,0.6388802051544189,0.5525002161661784,0.6117191314697266,0.5366513570149739,0.6433296203613281,0.6795408884684245,0.6237691402435303,0.6480585098266601,0.6183764934539795,0.27076157728830974,0.6284380674362182,0.44587278366088867,170.99889521253823,178.5691978128161,172.50392430510036,178.35938126053767,86.7115036309242,0.3583171804745992,100.43537979515406,0.4912620703379313,84.40679847570574,0.49918649991353353,83.8267787575195,0.592354933420817,87.9941183635208,0.6160205523173015
0.6361720085144043,0.3788477897644043,0.6410595893859863,0.3904066721598307,0.6044456481933593,0.38337020874023436,0.6399695873260498,0.5570203145345052,0.6107627868652343,0.5389573415120442,0.6402429103851318,0.6838869094848633,0.6238237857818604,0.6524575551350912,0.6278880357742309,0.29522560437520345,0.6227526187896728,0.38688844045003257,179.5110063684877,176.8637319888621,173.6666815273289,176.75317263945044,93.20664795405037,0.34105702241261804,94.50814426773657,0.4629228909810384,84.22146650467899,0.4719543774922689,83.43558155527197,0.5957074483235677,89.87656141077807,0.6204536120096842
0.6567487716674805,0.3695733388264974,0.6158961772918701,0.3190347671508789,0.598675012588501,0.3062368710835775,0.6172435760498047,0.4124749501546224,0.5934900283813477,0.39696474075317384,0.6190613746643067,0.5730254491170247,0.6069109439849854,0.5645428339640299,0.6384566068649292,0.3255271116892497,0.6072855949401855,0.3126358191172282,157.1023959363771,160.59329916955002,175.33588195899463,178.05932921155016,22.468358012248302,0.31908146540323895,99.29085261451814,0.354800279935201,84.30414177427389,0.3625553846359253,85.42109555540634,0.48075378735860186,89.3513085349229,0.49275019963582356
0.6433157920837402,0.45323521296183267,0.6178864002227783,0.35245927174886066,0.6011014938354492,0.3576141993204753,0.6234559535980224,0.4496247927347819,0.6157074451446534,0.4667639414469401,0.6278418064117431,0.5753007888793945,0.6204343795776367,0.6054321924845377,0.6286640882492065,0.3709224224090576,0.6094939470291137,0.35503673553466797,169.11784408552796,167.8172537193144,179.45053586268952,177.23699261365866,39.64746318264878,0.3629795789718628,86.81688204070345,0.41090033849080404,81.60328570147105,0.4023307641347249,88.04765285818048,0.5360980669657389,88.00129758910776,0.5124627908070882
