0,1,2,3,4,5,6,7,8,9,10,11,12,13,14,15,16,17,18,19,20,21,22,23,24,25,26,27,28,29,30,31
0.2712651491165161,0.27313623428344724,0.28723442554473877,0.43521334330240885,0.2685271978378296,0.43872687021891277,0.292549729347229,0.5235981623331706,0.2750255584716797,0.5300470987955729,0.29174931049346925,0.6007825215657552,0.27742049694061277,0.6175853729248046,0.27500206232070923,0.2851313591003418,0.2778808116912842,0.43697010676066084,178.23743456260615,174.59769289888152,178.2868262635422,174.56668133471427,88.91384489633423,0.36105073293050133,91.75706872949331,0.48350860277811686,80.38914720105385,0.4802841345469157,88.43284955337052,0.5738162358601888,90.59414859114052,0.5621903419494629
0.2681535005569458,0.2625248432159424,0.264836859703064,0.4312242825826009,0.2941600322723389,0.43155946731567385,0.26637356281280516,0.4945679664611816,0.2951125860214233,0.4812678654988607,0.278493595123291,0.5740945180257161,0.29107203483581545,0.5876432418823242,0.27384315729141234,0.27886343002319336,0.27949844598770146,0.4313918749491374,168.61563064754677,170.24699640606505,173.58854792034407,170.93122146789202,87.87662020632995,0.3551276524861654,72.61678828777332,0.45632987022399907,101.73629656647002,0.4629799207051595,92.1752711634101,0.5344555536905924,81.33466712793528,0.5343312422434489
0.26130564212799073,0.29625717798868817,0.2651082992553711,0.42856213251749675,0.29000148773193357,0.4296950976053874,0.255682635307312,0.4897329648335775,0.2935603380203247,0.44856440226236977,0.26700701713562014,0.5611728032430013,0.2862013101577759,0.5855494817097981,0.269487464427948,0.2871660391489665,0.27755489349365237,0.42912861506144206,149.0116515404292,164.05401172723955,173.7610502546606,166.42545782487022,86.74750179550304,0.35814732710520425,50.528414735776195,0.4388465086619059,109.84463731256997,0.45943078994750974,93.0750525781693,0.517056941986084,80.99262770696372,0.5254528840382894
0.2654510259628296,0.31498530705769856,0.28707497119903563,0.41577218373616537,0.2596548557281494,0.41427780787150065,0.28856079578399657,0.49747883478800453,0.2610472202301025,0.5059354146321614,0.2872039318084717,0.5560448964436849,0.2653248071670532,0.5567752838134765,0.2680738687515259,0.29584601720174153,0.2733649134635925,0.415024995803833,174.19943287355235,175.3594433383244,171.9442003377934,173.0680161602761,87.457977918068,0.35543550650278727,97.7161672959979,0.4604802052179972,79.55780859072581,0.4562519152959188,85.19055067659137,0.5313553492228189,91.32719653217512,0.5267618656158447
0.26507391929626467,0.2864630699157715,0.26716535091400145,0.4459806442260742,0.28763010501861574,0.4457156817118327,0.27069237232208254,0.513791275024414,0.28722167015075684,0.5319211641947429,0.2741598129272461,0.5588003794352213,0.2851688861846924,0.570829200744629,0.27258785963058474,0.2877415815989176,0.27739772796630857,0.44584816296895347,176.91838621453272,174.84411832023642,173.4218844247467,173.95270711647734,88.25750336028759,0.36679487228393554,83.48872222780089,0.4888846635818482,95.6363108984839,0.47981971899668374,93.02011917692036,0.551375182469686,85.59471185174026,0.5362958272298177
0.26155502796173097,0.24458147684733073,0.2577632427215576,0.43171103795369464,0.28763465881347655,0.43119932810465494,0.26553170680999755,0.5277258872985839,0.2885104179382324,0.5352722803751627,0.2721609115600586,0.5611890157063802,0.2853391170501709,0.5624351501464844,0.26804155111312866,0.2740413904190063,0.27269895076751705,0.4314551830291748,175.82061428759064,176.30909053601158,167.82855469965722,168.55689986001,88.30528497899907,0.35274828672409053,81.34033111995137,0.48336373170216873,94.25775054372885,0.4795905351638794,96.65921012043063,0.5488537152608235,78.79451867096209,0.544457451502482
0.2613952159881592,0.24448324839274088,0.25924584865570066,0.43165836334228513,0.288840126991272,0.4324257214864095,0.2653119325637817,0.5279771486918131,0.28864641189575196,0.5355005264282227,0.27205429077148435,0.5612698237101237,0.2853677749633789,0.5623660405476888,0.26742632389068605,0.273927632967631,0.27404298782348635,0.4320420424143473,176.60359617580005,175.27668373856673,168.07572843137538,167.6697659440348,87.60372344133695,0.35298483769098915,81.9656356478901,0.483771284421285,95.20016386281327,0.4800095955530802,96.95790571500382,0.5489332834879557,78.5514258554165,0.5446234862009685
0.2653393268585205,0.26779381434122723,0.2742984056472778,0.43335609436035155,0.28704347610473635,0.43525854746500653,0.27330780029296875,0.505646800994873,0.28700408935546873,0.509901746114095,0.27794709205627444,0.5815808614095052,0.2823614597320557,0.5879149754842122,0.2755869746208191,0.2818058967590332,0.2806709408760071,0.43430732091267904,178.07655113531717,174.6905857992866,175.96375960789956,175.44421025308694,88.09062785374991,0.3580566088358561,85.21105838543875,0.472104533513387,95.89278638460054,0.469977060953776,93.4057009462484,0.5489083607991536,86.50378449437522,0.5436138312021891
0.26554455757141116,0.2526820659637451,0.26692306995391846,0.42743927637736,0.2894261360168457,0.43090960184733074,0.2688797950744629,0.5292089780171713,0.287416672706604,0.5246876398722331,0.2740203857421875,0.5637193044026693,0.2837850332260132,0.5648034413655599,0.2712826132774353,0.27893312772115075,0.2781746029853821,0.4291744391123454,178.2292812748723,175.24160922708148,172.45842934003258,169.75912248007384,87.37352341317454,0.3540537834167481,84.47313929395905,0.4769310394922892,95.30845228375267,0.47919170856475835,95.17282352549302,0.5447455406188966,81.52762937077259,0.5464641412099203
0.2698423624038696,0.22170912424723307,0.2706249713897705,0.4199160893758138,0.28680245876312255,0.4232406934102376,0.2722399950027466,0.5192986488342285,0.28598148822784425,0.5248644193013509,0.2770768404006958,0.5848409016927083,0.28154430389404295,0.5873783747355144,0.27159477472305293,0.2672982931137085,0.2787137150764465,0.4215783913930257,179.17200124432804,176.06313814006742,174.9619297632853,175.20494350080804,87.35807712972739,0.3444383422533671,85.97498801153604,0.47322140534718826,93.79016239201407,0.4704385201136271,94.05999390847037,0.5561213970184327,85.7793734053451,0.5520697752634685
0.2705862998962402,0.30740877787272136,0.28647570610046386,0.41239916483561195,0.2608989477157593,0.40905834833780924,0.28726725578308104,0.5198387781778971,0.267762565612793,0.5196295102437337,0.28542797565460204,0.5867867787679036,0.27222247123718263,0.5709753672281901,0.27086355686187746,0.30052288373311364,0.2736873269081116,0.4107287565867106,177.69673143271783,177.18286450609534,174.51200219760227,174.611102011736,88.53224960275865,0.3556258201599121,93.11411510444157,0.46517913341522216,82.9053999689741,0.46528376738230387,85.03574313363069,0.545302438735962,91.5737062512655,0.5533127784729004
0.27109270095825194,0.22173244158426922,0.26397392749786375,0.41284462610880535,0.2862632036209106,0.41584660212198893,0.2686603307723999,0.5047930399576823,0.2887289524078369,0.4931703885396322,0.2688451290130615,0.5565054575602214,0.2855138540267944,0.5578131357828776,0.2730419754981995,0.26751730442047117,0.2751185655593872,0.41434561411539717,174.18023695773164,176.97376047727514,173.00839701378874,177.26845786888185,89.18972087504515,0.34093145926793417,80.2035403206812,0.45375800132751465,94.08416994499014,0.45956932703653974,92.84734027359694,0.5254917621612549,89.79525006428347,0.5306492487589518
0.2775598049163818,0.283773930867513,0.28571784496307373,0.42053899765014646,0.2651780128479004,0.4133591651916504,0.28619697093963625,0.5211353302001953,0.271816611289978,0.5220399538675944,0.2857416868209839,0.5836642583211263,0.2707927942276001,0.5668899536132812,0.2750330924987793,0.307303269704183,0.2754479289054871,0.4169490814208984,178.87913828124346,177.09817528828043,179.5294365516515,176.04960856353998,89.7832269056841,0.3621261755625407,91.97901512694212,0.46949451764424643,84.10955469659015,0.4690422058105469,91.30769701010055,0.5444649537404378,90.41717327150086,0.5523997942606609
0.2760568380355835,0.2284753640492757,0.25539569854736327,0.4185430844624837,0.2819039821624756,0.4188826243082682,0.2682580232620239,0.5102453549702962,0.2898071765899658,0.48998193740844725,0.2688077211380005,0.545863151550293,0.28181967735290525,0.56095396677653,0.2703022599220276,0.2810301462809245,0.26864984035491946,0.418712854385376,168.79856551039472,179.73428666945014,168.28887826010373,179.18695423199836,90.68761083470172,0.34987150033315023,73.46565921289354,0.45434739589691164,90.24526073801145,0.4644791046778361,96.42129469085575,0.5254679520924886,89.11581088361822,0.5280542532602945
0.2836983442306519,0.2721480051676432,0.2842005729675293,0.406499989827474,0.2642841815948486,0.41627461115519204,0.2955156803131104,0.49943135579427084,0.27122542858123777,0.5099391619364421,0.2904030799865723,0.5403828938802083,0.268403959274292,0.5382537206013998,0.2752455949783325,0.292142120997111,0.27424237728118894,0.411387300491333,179.30402666833285,172.00147093800408,176.9443198843487,165.74284964007902,90.48202186569074,0.351764710744222,91.75343679555252,0.4606632312138875,76.41647458486032,0.4554093281428019,95.69058427008319,0.5240964412689209,97.11627961641074,0.5199071248372396
0.28092358112335203,0.28995434443155926,0.28712589740753175,0.4166138013203939,0.26534759998321533,0.4165514310201009,0.29401094913482667,0.4972498575846354,0.2719103813171387,0.5091953277587891,0.29282388687133787,0.5673386891682942,0.27205719947814944,0.5560679753621419,0.275144350528717,0.3060763041178386,0.2762367486953735,0.4165826161702474,178.23755442663082,173.21018921038726,178.10423300463233,172.75091121172954,89.43362723200498,0.361329460144043,92.67460598545081,0.4628889719645182,77.57401479745124,0.45691623687744143,89.82053427955621,0.5326316515604654,90.97029946344676,0.5322942733764648
0.28348517417907715,0.2972107887268066,0.2778554677963257,0.4454829533894857,0.2654846668243408,0.4514693895975749,0.28726351261138916,0.5148760477701823,0.2809326171875,0.5243080774943034,0.2793485164642334,0.5693967819213868,0.27257232666015624,0.5677967707316081,0.27279345989227294,0.31885539690653486,0.2716700673103333,0.44847617149353025,175.30468439170411,171.00591709616086,168.68494071707593,168.10644655340326,90.49655653114196,0.38366578420003256,83.03605673802149,0.48639212449391683,76.7840562371872,0.48167610963185625,100.88181751374461,0.5460524241129557,98.26015433908678,0.5421364148457846
0.2931298494338989,0.2857789993286133,0.2724979162216187,0.4146672566731771,0.267205810546875,0.4251024564107259,0.2938584566116333,0.5026540756225586,0.2807034969329834,0.5240547815958659,0.2902353763580322,0.6089990615844727,0.28427348136901853,0.6092153549194336,0.2761809825897217,0.2929456075032552,0.2698518633842468,0.4198848565419515,175.17387352633935,168.64397710475694,178.0445663556269,171.89691064039363,92.8543714589162,0.3564152320226034,84.05281064453527,0.4719698190689087,73.82559356340195,0.46126946608225505,87.59953061608573,0.5666350682576498,91.95126216379198,0.5558265686035156
0.2931907415390015,0.2870367368062337,0.27475895881652834,0.41569716135660806,0.26397387981414794,0.42039419809977213,0.29446775913238527,0.49757178624471027,0.2805752992630005,0.5243826548258463,0.29155354499816893,0.599583117167155,0.28421587944030763,0.608807373046875,0.2779179811477661,0.2973804950714111,0.2693664193153381,0.41804567972819007,174.65340808959905,167.2082885980448,178.01809210495082,171.39563166575948,94.05378373130159,0.35771308739980057,83.98272654645942,0.4712141672770182,72.48240331223357,0.4578087329864502,87.53080928294978,0.5665950139363607,91.63635518649838,0.5485774517059326
0.28703310489654543,0.29531895319620766,0.2768524646759033,0.43731511433919273,0.2705653190612793,0.45703856150309247,0.29801416397094727,0.5051251729329427,0.2862276792526245,0.5459988276163737,0.2899360656738281,0.5784739176432292,0.2855842113494873,0.5918010075887045,0.27454090118408203,0.3161791801452637,0.27370889186859126,0.4471768379211426,175.69131194599552,164.32708291820242,174.50099689317247,166.66965653908193,90.36389949344745,0.38167800903320315,82.78021717919624,0.4965878327687582,67.24535975065905,0.47615100542704264,90.80488679499696,0.5688999176025391,96.28481294868477,0.5417995452880859
0.2838176965713501,0.3065516471862793,0.2872968912124634,0.45951687494913734,0.27495393753051756,0.4719911893208822,0.29468679428100586,0.5494823455810547,0.2862359285354614,0.5604619344075521,0.2922635316848755,0.6186457316080729,0.2870203733444214,0.6159187952677408,0.27414666414260863,0.34140013058980306,0.28112541437149047,0.46575403213500977,179.9299784540177,176.43726045828572,178.56231901384052,173.8267400357576,86.78792585589935,0.40357708136240644,86.91126947087939,0.5131079832712809,80.79976511694235,0.5076181888580322,89.18959748447166,0.5881903648376465,92.00663900152435,0.5840640385945638
0.28418598175048826,0.31799850463867185,0.2799553632736206,0.421133295694987,0.2660881996154785,0.43419001897176107,0.2965587615966797,0.4835156122843424,0.2809066534042358,0.4927906672159831,0.2920966863632202,0.6274940490722656,0.28894953727722167,0.6108488082885742,0.2762649178504944,0.3221518357594808,0.2730217814445496,0.427661657333374,174.65523739839279,164.3174788741547,178.9280809740103,172.77227842730986,91.76059003696062,0.3749067465464274,83.09705579193272,0.46022616227467855,67.14933468261717,0.45558863480885825,86.10266307018554,0.5518197377522787,91.77510106288372,0.555504830678304
0.28815436363220215,0.3001957893371582,0.28070268630981443,0.4541158358256022,0.26643178462982176,0.4696285883585612,0.3010216951370239,0.4969284693400065,0.28058197498321535,0.5260203997294108,0.29021809101104734,0.6321839014689128,0.2883382081985474,0.6208195368448893,0.27697181701660156,0.3305836995442708,0.2735672354698181,0.46187221209208174,174.8176440952069,150.16030790443764,179.36813441659118,169.84927490455328,91.48546465756485,0.39622795581817627,83.75938179126258,0.4939463059107463,51.93357468276345,0.4794003407160441,85.32261805622733,0.5734199682871501,94.56683695632154,0.5645561854044596
0.29953751564025877,0.31348196665445965,0.28088994026184083,0.4435993512471517,0.26352729797363283,0.4604607264200846,0.30219435691833496,0.5078695933024089,0.28228015899658204,0.5489657084147136,0.29385836124420167,0.5847103118896484,0.2887010335922241,0.6019400278727214,0.2843032360076904,0.31901990572611494,0.27220861911773686,0.45203003883361814,173.5642180713172,157.1761821051702,179.36721769036873,164.54112241430502,95.19561943245594,0.38552497227986654,84.06829678181403,0.5004978736241659,61.76428352171872,0.4799498160680135,83.08904472760852,0.5754528681437174,96.19146773074864,0.5462899525960286
0.29544920921325685,0.29392185211181643,0.28164896965026853,0.4421886126200358,0.26575727462768556,0.45683504740397135,0.3022472381591797,0.4923124631245931,0.28621270656585696,0.5235369682312012,0.29127211570739747,0.6296322504679362,0.2885841608047485,0.6010074615478516,0.28213306665420534,0.3144531567891439,0.2737031221389771,0.44951183001200357,171.52596239850467,152.75251810398439,176.1433123663901,169.85939323337175,93.57159194178438,0.3819824934005737,80.4081499275976,0.4865243991216024,56.30033165073279,0.47091214656829833,88.24666272976567,0.5622722148895264,94.56958439956394,0.5609723567962647
0.29749531745910646,0.2960609118143717,0.2835665464401245,0.46194992065429685,0.26150217056274416,0.47007958094278973,0.3042855501174927,0.5104293823242188,0.2800360441207886,0.5296561559041341,0.2914595365524292,0.5775190989176432,0.28248608112335205,0.5683748881022136,0.2827523112297058,0.310495662689209,0.27253435850143437,0.46601475079854326,172.56723629376464,150.58689902519495,178.06773000641903,159.54417511358534,93.75905835597283,0.38825520674387615,83.27732172475686,0.49783545335133866,54.43973080231534,0.488222066561381,86.37927533511723,0.5490155220031738,100.82304280974654,0.5439742406209309
0.3045507431030273,0.3189781824747721,0.28069751262664794,0.4493730862935384,0.2662328243255615,0.4546659469604492,0.3059988498687744,0.4881575266520182,0.2897338390350342,0.5104830106099446,0.2922945261001587,0.5840619405110677,0.2876081705093384,0.5808464686075846,0.2929444909095764,0.30899655024210615,0.2734651684761047,0.4520195166269938,163.53675821825863,142.17191774160477,172.00461968931077,163.75202614406322,97.7558017804926,0.38050803343455,74.44967928455927,0.4812512636184692,48.00449125321788,0.470088521639506,91.73036983175056,0.5456647396087646,98.13226463765959,0.536109733581543
0.3083024263381958,0.32306543986002606,0.283263111114502,0.45162429809570315,0.2687021970748901,0.4576239585876465,0.3066370487213135,0.5012109120686848,0.2929656744003296,0.5183314641316732,0.29187214374542236,0.6255129496256511,0.28794517517089846,0.6138780593872071,0.29333705902099605,0.3319055239359538,0.275982654094696,0.4546241283416748,164.95914666487366,151.14654879190306,172.69639399647065,167.91383397262615,98.04918018543296,0.3932648261388143,75.07328712820804,0.486477796236674,56.65483389736843,0.47791752020517986,93.00784259908973,0.5661047617594401,96.77399536015004,0.563361930847168
0.3097442388534546,0.2836196263631185,0.30002422332763673,0.4383155186971029,0.27240428924560545,0.42810188929239906,0.3068395614624023,0.5018839836120605,0.28667187690734863,0.5287038167317708,0.2922890424728394,0.6198698043823242,0.2848349094390869,0.6162897745768229,0.3000853657722473,0.303840430577596,0.2862142562866211,0.433208703994751,176.3116890634217,165.23665861860036,179.2301566280273,171.10553364647166,96.11997981792065,0.3685245672861735,89.72543590207701,0.4809562603632609,73.28336618428874,0.46754634380340576,91.20150600823146,0.5724967956542968,97.0304635931229,0.5608768939971924
