0,1,2,3,4,5,6,7,8,9,10,11,12,13,14,15,16,17,18,19,20,21,22,23,24,25,26,27,28,29,30,31
0.43395051956176756,0.11090588569641113,0.39755926132202146,0.3729570706685384,0.43917417526245117,0.37831640243530273,0.3954925537109375,0.5433408101399739,0.44727463722229005,0.5339638392130533,0.39581146240234377,0.612615966796875,0.45299654006958007,0.6451998392740885,0.4249767303466797,0.18608986536661784,0.4183667182922363,0.37563673655192054,173.32022018984503,176.9509829104632,175.62416886523096,174.2993093711799,91.99724943648893,0.2808633009592692,79.65271210387223,0.45480028788248694,97.7669863785597,0.45948877334594723,87.05534012341568,0.589581839243571,89.7362403222878,0.5779783884684244
0.4299178600311279,0.13376356760660807,0.3967451572418213,0.37525761922200523,0.43706235885620115,0.37371466954549154,0.3947108268737793,0.6614159901936849,0.44748992919921876,0.5545971552530925,0.395727801322937,0.6385890324910481,0.4490056991577148,0.6438626607259115,0.424233329296112,0.19439899126688637,0.41690375804901125,0.3744861443837484,174.05630403440455,179.1943376981769,174.17685554117458,2.033284918252646,92.3306595533523,0.2844425678253174,80.3620653377597,0.46454164981842044,94.42280472360123,0.5179510672887166,89.02718440621813,0.599229907989502,92.55092419376453,0.6500025113423665
0.4359601497650146,0.12713592847188313,0.3984272003173828,0.3667840321858724,0.43728299140930177,0.368238639831543,0.3953906297683716,0.6596177419026693,0.44649720191955566,0.5711453755696615,0.3977190017700195,0.6306480407714844,0.44774394035339354,0.6449302037556967,0.429667329788208,0.19483594894409179,0.4178550958633423,0.36751133600870767,174.55435756930643,179.8201300573807,174.81875878821918,0.21920184465745396,93.91334529898961,0.28117364247639975,81.99359658365877,0.4693283557891846,94.39768018975664,0.5135645389556884,89.03196829014539,0.6080377896626791,94.59513681533919,0.6451328913370769
0.4371049880981445,0.12964460849761963,0.39897546768188474,0.3666731198628744,0.4373542308807373,0.36614599227905276,0.4001163005828857,0.5122179349263509,0.44876561164855955,0.4829027493794759,0.396437931060791,0.6343800862630208,0.44622135162353516,0.6410095850626628,0.42919688224792485,0.19346374670664468,0.41816484928131104,0.3664095560709636,169.14972984240944,178.15644738453074,173.24427931528555,177.0893125401008,93.64989292278605,0.27993665138880414,75.28189613138315,0.4246561527252197,97.05633058871372,0.43931374549865726,90.92192585938393,0.5619561672210693,91.72468631302733,0.5732990105946858
0.43431782722473145,0.15982518196105958,0.4024211406707764,0.35769259134928383,0.4425362586975098,0.356023629506429,0.3995598316192627,0.5106601079305013,0.44902639389038085,0.5142730712890625,0.39970085620880125,0.648505973815918,0.45186967849731446,0.6431137084960937,0.431481409072876,0.19456974665323892,0.4224786996841431,0.3568581104278564,173.5684497480704,177.2910928898682,175.40197215785938,175.47561926671904,93.17514518330762,0.27571392854054766,80.42726806511736,0.4355655908584595,98.47558629090102,0.43375910917917887,88.73578885209568,0.5786933898925781,89.94138300109906,0.5795830408732097
0.43660755157470704,0.1711389700571696,0.4101893901824951,0.3589291572570801,0.44130234718322753,0.36069154739379883,0.40410604476928713,0.5115707397460938,0.44750218391418456,0.5201148986816406,0.4058802604675293,0.6407511393229167,0.4508793830871582,0.6431742350260417,0.43239490985870366,0.20099662939707436,0.42574586868286135,0.35981035232543945,174.98151521255855,177.0892490835322,176.50331453541435,175.16841569121178,92.39739762810106,0.28040349086125693,82.27111795882914,0.43996262550354004,98.11521656428924,0.4356905460357666,88.42798841128996,0.5816445668538411,89.21312613485054,0.5761609395345053
0.43920226097106935,0.1396130402882894,0.40744552612304685,0.3618689219156901,0.4461514472961426,0.3628645579020182,0.4039176940917969,0.4838581085205078,0.4510939598083496,0.48559179306030276,0.40484042167663575,0.6426310857137044,0.4511571407318115,0.6261877059936524,0.4362473726272583,0.19913678963979087,0.42679848670959475,0.36236673990885415,171.81333591515067,175.81236762780443,174.7505704252571,175.18718184759535,93.31298141829213,0.2807517647743225,78.84642548261654,0.42397926648457845,100.66573595166079,0.423112424214681,89.97425245200303,0.5558897495269776,89.66702267608574,0.5632445971171061
0.4407017230987549,0.13422125180562336,0.406996488571167,0.3565786361694336,0.44561357498168946,0.3579755147298177,0.4050467014312744,0.4714519500732422,0.4552590847015381,0.4726268768310547,0.40201382637023925,0.643159548441569,0.45212678909301757,0.6351704279581706,0.4358394145965576,0.19772858619689943,0.4263050317764282,0.3572770754496256,169.95009749705844,175.87136254365797,173.5873570486654,176.15520044206403,93.41984445062664,0.27750283082326255,75.90925840387517,0.4149519761403402,100.54718332042165,0.41436451276143393,91.10398171484196,0.5538986523946127,91.01191138112658,0.5573057492574056
0.4384612083435059,0.1514006773630778,0.4085629940032959,0.3505622227986654,0.44857540130615237,0.3627557436625163,0.40589447021484376,0.44861218134562175,0.45949511528015136,0.4435870170593262,0.4175071716308594,0.5537759780883789,0.45375900268554686,0.6325442632039388,0.4347667694091797,0.20012041727701824,0.4285691976547241,0.35665898323059086,166.21575478067902,172.77528484942067,173.04427836726734,170.48663106489704,92.26723263340727,0.27838970025380455,70.41624148585569,0.4001230001449585,103.85220382967522,0.4026355822881063,91.73877504090554,0.5380656401316325,83.69864887216487,0.5011940797170003
0.44080939292907717,0.134667174021403,0.41030035018920896,0.362028694152832,0.44931983947753906,0.3661983489990234,0.408345890045166,0.48329299290974936,0.451650333404541,0.4855449358622233,0.40300865173339845,0.6358353932698567,0.45255727767944337,0.6341730753580729,0.437862229347229,0.20121017297108967,0.429810094833374,0.3641135215759277,172.5802270254158,175.76401348913527,175.5349475993404,176.37069817894405,92.8297646963936,0.2826618472735087,79.80398609128297,0.42482922871907547,100.20951500929245,0.4237032572428385,89.65037956860819,0.5598590056101481,92.00387913908101,0.559564193089803
0.4420015811920166,0.13832486470540364,0.41184511184692385,0.35673001607259114,0.44890570640563965,0.35916452407836913,0.407543420791626,0.4896961847941081,0.45083932876586913,0.505170981089274,0.4002068042755127,0.6313903172810872,0.45096588134765625,0.6356449762980143,0.43911161422729494,0.1966692288716634,0.43037540912628175,0.3579472700754801,174.26371348006722,176.31716953754196,175.81501922099193,176.6681014784484,93.10060168443057,0.27730824947357174,82.08665894410225,0.4315591255823771,99.83166817781752,0.42382172743479407,89.94442627025093,0.5704079786936442,92.96400497702808,0.5605432510375976
0.4423110008239746,0.1401617209116618,0.4117899894714355,0.36070998509724933,0.449690580368042,0.36341749827067055,0.40531196594238283,0.5055218378702799,0.4517028331756592,0.4977315902709961,0.4090179443359375,0.5997639338175456,0.45585951805114744,0.6373709996541341,0.43975670337677,0.19850226243336996,0.43074028491973876,0.36206374168395994,173.5026801572333,176.34985921180981,176.49176212218057,172.52656196175738,93.15526852320322,0.28028300205866497,81.21647536341644,0.429897665977478,100.0514261464016,0.43379278977711994,88.29496418940379,0.5675512949625652,87.74805972725935,0.5526428858439127
0.4400769233703613,0.12549154758453368,0.41075448989868163,0.3748980204264323,0.45200357437133787,0.37763662338256837,0.40737390518188477,0.5174922307332357,0.4596590995788574,0.4744853655497233,0.41062183380126954,0.5996378580729167,0.45735907554626465,0.6441722869873047,0.43772411346435547,0.1984566688537598,0.4313790321350097,0.3762673219045003,168.48076142824755,175.7874374979115,173.68450106968987,172.4266914358278,92.04370312583241,0.28736199537913004,73.93722433053755,0.4253763437271118,99.64681997343969,0.446879776318868,90.7765689841911,0.559328826268514,87.73578064113367,0.5585650444030762
0.4394428253173828,0.14081093470255535,0.4103945255279541,0.3742273012797038,0.45024561882019043,0.3758291244506836,0.40746259689331055,0.5223922729492188,0.45634946823120115,0.48975388209025067,0.4138317108154297,0.6013940175374349,0.4566336154937744,0.6437547683715821,0.4357572555541992,0.20470564365386962,0.43032007217407225,0.3750282128651937,171.34886009783304,176.27277570027613,174.51317667688255,171.22475197917674,91.82842416891178,0.28986692825953164,77.2169249862279,0.43239104747772217,98.8168252574931,0.44871024290720624,89.89428359262232,0.5667543252309164,85.39078785160098,0.5618931452433269
0.4392894744873047,0.13788212140401204,0.41094608306884767,0.3687559445699056,0.45154542922973634,0.3724074681599935,0.4078786849975586,0.5322042783101399,0.4540082931518555,0.5085713704427083,0.4158462047576904,0.5948959350585937,0.4543407917022705,0.6352862040201823,0.436974024772644,0.19419059753417967,0.431245756149292,0.3705817063649496,173.734398540539,176.69303925015873,175.16400684352553,168.82978475566833,91.86001615647673,0.2823861519495646,80.63294220502581,0.43957653840382893,98.22670590616853,0.45139299233754476,89.8496567499499,0.5719287872314454,82.75707486771061,0.5635501066843669
0.4412843704223633,0.13694904645284017,0.4113499641418457,0.3641286214192708,0.4517393112182617,0.3753803571065267,0.4105251312255859,0.5102284749348959,0.456223201751709,0.48345298767089845,0.4191944122314453,0.5763230641682943,0.4532325267791748,0.6204014460245768,0.43777289390563967,0.19827784697214762,0.4315446376800537,0.3697544892628988,171.45552608748812,176.48172569285725,173.80362489237697,169.10597046703117,92.08014333759034,0.28401616811752317,77.75375365485847,0.4266037384668986,98.51018472362183,0.4399914820988973,91.25102410387608,0.5519272168477376,82.52747086932021,0.5432757695515951
0.43825974464416506,0.13648395538330077,0.4120457172393799,0.38208386103312175,0.4517239570617676,0.38851146697998046,0.40840883255004884,0.5494463602701823,0.4517650604248047,0.5255510012308756,0.4157808780670166,0.5752037048339844,0.45529985427856445,0.6348971048990886,0.43562989234924315,0.20401399930318198,0.43188483715057374,0.3852976640065511,174.8051195110734,176.36669904631373,176.49228204901422,159.18121105447267,91.1834786100523,0.29465583165486653,81.93234841333222,0.45542433261871335,98.1390611808518,0.4673720121383667,88.1484638381993,0.580224053064982,74.02827490345871,0.5623250325520834
0.43857517242431643,0.1396670659383138,0.4135805606842041,0.3826959292093913,0.45191049575805664,0.3896897951761881,0.4081581592559814,0.5453127543131511,0.45208425521850587,0.523863697052002,0.4066124439239502,0.578171984354655,0.4537346839904785,0.6347299575805664,0.4376335620880127,0.20553169250488282,0.4327455282211304,0.3861928621927897,174.60309681747373,176.1739636583048,176.02565984638633,174.94151726102865,91.5498371967297,0.29586227734883624,82.00393717633638,0.45502827962239584,98.78393170234631,0.4657528082529704,89.14711997976468,0.5792968273162842,92.69323800274017,0.561742369333903
0.44041852951049804,0.1345528284708659,0.4103108882904053,0.3764586130777995,0.45056900978088377,0.3864810625712077,0.40889849662780764,0.5000712712605794,0.4546966552734375,0.48534564971923827,0.4200794219970703,0.5933757781982422,0.44833860397338865,0.6488583246866862,0.43739662170410154,0.2060436487197876,0.43043994903564453,0.3814698378245036,170.40041671025722,175.2416532501092,173.94362854358712,170.36759746419617,92.27092228595697,0.2937567432721456,76.85603041593797,0.43340774377187097,100.29435022264941,0.4407705545425415,92.22677583094986,0.5671019872029622,83.16667968703557,0.5467235247294108
0.44055981636047364,0.13967219988505045,0.40951004028320315,0.3768227895100911,0.45050597190856934,0.3881768544514974,0.4081401348114014,0.4954631487528483,0.4610118865966797,0.45905389785766604,0.4025385856628418,0.6142566045125325,0.44774446487426756,0.6516357421875,0.436641526222229,0.20746450424194335,0.43000800609588624,0.38249982198079424,163.48511638113018,174.6957764613456,172.28855902147941,175.9401508833162,92.17036713219059,0.2949821631113688,67.95238703008748,0.42077685991923014,100.95601897623747,0.43898148536682124,93.9410156253747,0.555344820022583,92.69970739647422,0.5548598766326904
0.4411472797393799,0.1355993111928304,0.4088709831237793,0.38221928278605144,0.4512138366699219,0.38445860544840493,0.4057912826538086,0.5156169891357422,0.4545074462890625,0.48765869140625,0.4130702972412109,0.5966281890869141,0.45693025588989256,0.6372307459513347,0.43754186630249026,0.2020286003748576,0.4300424098968506,0.3833389441172282,170.20073585499472,175.39252976191432,174.88276255724332,170.3160264080132,92.36854885503169,0.2926837722460429,76.8015302601455,0.4354988177617391,100.38892164814357,0.4494779666264852,89.07198824060634,0.5624447186787923,84.86564982567786,0.5561225891113282
0.44277052879333495,0.1422634442647298,0.40677342414855955,0.3869845708211263,0.45137972831726075,0.3877639134724935,0.4033869743347168,0.4921592712402344,0.46108083724975585,0.45403423309326174,0.4036139965057373,0.596600087483724,0.45309906005859374,0.64172789255778,0.4363572120666504,0.21021758715311686,0.4290765762329102,0.38737424214680993,160.1439248662619,172.8946619090935,172.16962427986806,172.93673815910344,92.3533696271009,0.2987959146499634,64.35377931167723,0.42070423762003584,103.77520862583216,0.43976675669352217,92.43506769930333,0.5478810628255208,89.87545681624411,0.5443796793619792
0.43874335289001465,0.15491193135579426,0.40878949165344236,0.38678642908732097,0.4528185367584229,0.38797645568847655,0.4023634910583496,0.5285875638326009,0.4558382987976074,0.4908386866251628,0.4114699363708496,0.5648537317911784,0.45107231140136717,0.6425435384114583,0.43521149158477784,0.20589351654052734,0.4308040142059326,0.38738144238789873,170.53754903660027,174.42462159067338,173.6589360149622,159.6870754078863,91.39116816401237,0.29663747946421304,76.39720458210748,0.4391100645065308,101.3876685209745,0.4579845031102498,91.79942285795835,0.5666911125183105,75.90443825732437,0.5467206478118896
0.43977723121643064,0.15339527130126954,0.40818309783935547,0.3890973091125488,0.4527406692504883,0.388768990834554,0.4019140720367432,0.5389083862304688,0.4524890422821045,0.5061120986938477,0.4022493362426758,0.5966995239257813,0.45033974647521974,0.6469324111938477,0.4367046356201172,0.20568488438924154,0.4304618835449219,0.38893314997355144,172.3613926644496,175.1831035440918,174.7198622871132,171.93472980658703,91.95115118310065,0.29730901718139646,79.3538452290208,0.44752262433369955,100.777329982132,0.4639207681020101,90.87441943265432,0.5765222549438477,89.66761324840581,0.5678039550781251
0.4406801700592041,0.14651047388712565,0.4089932441711426,0.3800676345825195,0.45011024475097655,0.3824245134989421,0.4049698352813721,0.49780114491780597,0.45531325340270995,0.48930765787760416,0.404647970199585,0.6352849960327148,0.45322504043579104,0.644275983174642,0.4362495422363281,0.20264282226562502,0.4295517444610596,0.3812460740407308,170.39583264761626,174.14003218364059,174.08508552727633,174.53524357231026,92.14764175639523,0.2919444481531779,76.59116554629063,0.4352768659591675,101.90936766275041,0.4395236094792684,90.77201936976218,0.5667918205261231,90.13413558696644,0.5665430704752604
0.4407337188720703,0.14677782058715821,0.40940070152282715,0.3811138788859049,0.4520873546600342,0.3819496790568034,0.4048410415649414,0.5104827880859375,0.45254998207092284,0.5038981119791667,0.41233124732971194,0.6152674357096354,0.45548696517944337,0.6460036595662435,0.43686509132385254,0.20463998317718507,0.43074402809143064,0.38153177897135415,172.89610355794073,174.6194091473189,175.8391911380895,171.40710771389763,91.98183984770439,0.2930858810742696,79.89582922566174,0.4427149454752604,101.3581096796607,0.4460072835286458,88.81600130474021,0.574950885772705,85.91134320602235,0.5628751118977864
0.44208860397338867,0.13394492467244465,0.4078327178955078,0.37984498341878253,0.4525787353515625,0.3838736852010091,0.4027369499206543,0.5264832814534505,0.45305886268615725,0.502698548634847,0.41019535064697266,0.619390360514323,0.4539515018463135,0.6510392506917317,0.43566565513610844,0.2058909813563029,0.4302057266235352,0.3818593343098958,172.64444539300007,175.11017418576537,175.30346096525534,170.59483803155126,91.7771975602456,0.29387515783309937,79.29069336894763,0.4422789414723714,100.75423006915574,0.45417130788167315,89.65522720000713,0.5768688996632894,85.41024833635736,0.5729368209838868
0.4393769264221191,0.1478053092956543,0.4079163074493408,0.37687352498372395,0.45270118713378904,0.3816563924153646,0.4028587341308594,0.5354275385538737,0.45215158462524413,0.5130404790242513,0.41040663719177245,0.6197567621866862,0.45268826484680175,0.6510676701863607,0.4358868360519409,0.2067216157913208,0.43030874729156493,0.37926495869954424,173.76599574148128,175.7682598248402,175.51581203969042,170.15457700651027,91.85164878306809,0.2929932872454325,80.72659054494574,0.4461527188618978,99.96951523984485,0.457346248626709,89.77722247025255,0.582054074605306,84.88535949561374,0.5775921503702799
0.4381509780883789,0.1668439547220866,0.4085275173187256,0.383020273844401,0.4507125377655029,0.38258450826009116,0.403823709487915,0.5226847012837728,0.45301012992858886,0.4995002746582031,0.4150720119476318,0.6135643005371094,0.45534214973449705,0.6348285039265951,0.4354992389678955,0.2066159725189209,0.42962002754211426,0.3828023910522461,172.08772908881295,175.27414051834873,175.15973599222437,169.33695346690521,91.91120892273294,0.2947091817855835,78.66621676884253,0.4411513328552246,100.44877494521683,0.45274354616800944,89.0127583142258,0.5671643892923991,82.944300227182,0.5681245009104411
0.44100146293640136,0.15367085138956707,0.4091358661651611,0.3724569002787272,0.4495373249053955,0.3799423853556315,0.4047843456268311,0.5012434959411621,0.45354328155517576,0.4976963043212891,0.4188381671905518,0.6252769470214844,0.4548501968383789,0.6428169250488281,0.43664865493774413,0.19696703751881917,0.4293365955352783,0.3761996428171793,171.9475152753349,174.86965666738212,175.04977363316033,171.12202718946074,92.33617062864371,0.28658334016799925,78.73208370470131,0.4369479735692342,101.10865708655345,0.43872156937917073,89.48402435654849,0.5702566146850586,83.53557428864652,0.5632602214813233
0.4404764175415039,0.14876577059427898,0.4087974548339844,0.3718564987182617,0.451906681060791,0.3739686330159505,0.40491905212402346,0.5050642967224122,0.4536252498626709,0.4955487887064616,0.40121750831604003,0.6442986806233724,0.4549261093139648,0.6446547826131185,0.4355027437210083,0.20109694798787436,0.4303520679473877,0.3729125658671061,172.77644141654255,174.85191888357517,175.33257330326816,175.39534861079824,91.7170943561125,0.2870047569274902,79.254524181585,0.43423067728678383,100.893563285239,0.4389884312947591,89.5001417221031,0.5701017856597901,91.52284866088519,0.5746814886728923
0.44380950927734375,0.14616127014160157,0.4089080810546875,0.3666098594665527,0.45026135444641113,0.369241460164388,0.4052430152893066,0.5012443860371908,0.4536191463470459,0.5004830042521159,0.40059943199157716,0.6438066482543945,0.4548807621002197,0.6447180430094401,0.4359286546707153,0.19618876775105792,0.4295847177505493,0.3679256598154704,173.05036022590505,175.39683196428993,175.27939661504132,175.8678510821941,92.11553622657252,0.28205721378326415,79.72314996494306,0.43420433203379316,100.34724664166932,0.4345850229263306,89.49884982706018,0.5726005236307781,91.8655967480878,0.5725255171457926
0.4429165840148926,0.1567745526631673,0.40752124786376953,0.36932398478190104,0.45285520553588865,0.371368408203125,0.40457777976989745,0.514431095123291,0.45337710380554197,0.5115230242411296,0.40080952644348145,0.6420764923095703,0.45537400245666504,0.6427600224812825,0.43637461662292476,0.20468288262685141,0.4301882266998291,0.370346196492513,173.8438268265326,175.78229336377632,175.5895301226958,175.52026650726592,92.13861113327395,0.2875145395596822,80.67222241942339,0.4409346103668213,100.0788070215968,0.442388645807902,89.12825622604015,0.577141523361206,91.69095265878026,0.5782537937164307
0.4405190944671631,0.159198792775472,0.4072967529296875,0.36175762812296547,0.45252289772033694,0.3632706642150879,0.4046902656555176,0.5117123285929362,0.4542535781860352,0.5026432037353515,0.39998421669006345,0.6398934046427409,0.4553945541381836,0.6412711461385091,0.436530327796936,0.2064464251200358,0.4299098253250122,0.36251414616902666,173.56898904191814,176.3603327557122,175.2479454503666,175.94496578868728,92.42907090451546,0.2844802856445312,80.14471772879433,0.4325786749521891,99.59424144022559,0.43711323738098146,89.52843828332989,0.5719571749369303,92.1026168623759,0.5758028666178385
0.437790584564209,0.19155826568603515,0.4104621410369873,0.370962651570638,0.4531681060791016,0.37515252431233725,0.4041279315948486,0.5133651733398438,0.4533542156219482,0.5141448656717936,0.4180600643157959,0.5753322601318359,0.4554461479187012,0.6439602533976237,0.4360660076141357,0.21757001876831056,0.4318151235580444,0.37305758794148763,174.6561204757495,174.99968112955173,175.9378920218293,163.43859191302,91.56602269746499,0.2953138033548991,81.31995871832494,0.4436012268066406,101.16287773270273,0.4432113806406657,89.07677725841182,0.5790525595347087,77.32882389174034,0.5443487167358398
0.4385232925415039,0.17598231633504233,0.40859241485595704,0.3670519828796387,0.4540244579315186,0.3726233800252279,0.40433692932128906,0.5134629249572754,0.4530959606170654,0.5252930641174316,0.40034074783325196,0.6390969594319661,0.45548272132873535,0.640904426574707,0.4372635126113892,0.21006035804748535,0.43130843639373784,0.3698376814524333,174.8970408129889,175.55799745808267,176.0864135897335,175.26105686345971,92.1344885930792,0.28994901974995935,82.02179711674253,0.44756537278493247,100.63575313951706,0.4416503032048543,88.81731440927042,0.5830987453460693,91.82185633496123,0.5762799421946208
0.4382953643798828,0.17890543937683107,0.40734338760375977,0.37729228337605797,0.4564826965332031,0.3900843302408854,0.4027682304382324,0.4928802172342936,0.45800442695617677,0.4890348752339681,0.40287370681762696,0.6418664296468098,0.4573651313781738,0.6378844579060873,0.4369433403015137,0.21114256381988528,0.43191304206848147,0.38368830680847166,170.4234538556815,171.97162777662157,174.03608103601397,173.54190005699047,91.66989484471976,0.29741543531417847,76.08936889052032,0.43636159102121985,104.94462810718085,0.4382842620213826,90.24607870982013,0.5634596665700277,89.9594368480807,0.5673733234405517
0.4412516117095947,0.1598841349283854,0.40685744285583497,0.39199097951253253,0.4547163486480713,0.40391480127970375,0.3985013723373413,0.4548990249633789,0.4625566482543945,0.4616113026936849,0.4000352382659912,0.6333910624186198,0.4578073501586914,0.6351655960083008,0.43747677803039553,0.21320478121439618,0.43078689575195317,0.39795289039611814,159.24299188175243,159.60960358437688,171.93405171294393,172.06610564530024,92.07382160362077,0.30557883580525713,63.47777383606716,0.4297820965449015,119.55100207701622,0.42642595767974856,91.56750281720842,0.5483884493509928,89.50764257020185,0.5441450436909994
0.4415242671966553,0.1482112725575765,0.4108423233032227,0.3951156934102376,0.45732736587524414,0.40441773732503256,0.39896368980407715,0.45976231892903646,0.4605263710021973,0.4729158083597819,0.40171151161193847,0.644810167948405,0.4578408718109131,0.6380894343058269,0.4393068075180053,0.21124746004740397,0.4340848445892334,0.3997667153676351,164.7625346055033,158.8762654470381,173.37608651346088,171.6233506810689,91.58668115050153,0.30550708770751955,70.1263726977581,0.4363412618637085,120.34451287337265,0.42976451714833575,90.93146961467504,0.5555026213328044,89.14926316052448,0.5522862434387207
0.4420276165008545,0.14925473531087238,0.4118431568145752,0.389994748433431,0.4543029308319092,0.4031445821126302,0.39899747371673583,0.44613946278889977,0.4627342224121094,0.4602862675984701,0.402057409286499,0.6439677556355794,0.4578488826751709,0.6394249598185221,0.44012911319732667,0.20760870774586998,0.4330730438232422,0.3965696652730306,160.14941019575355,155.278078589233,172.6127571678472,171.96810325545678,92.13851183452734,0.30208918650945027,65.03720895396894,0.4284279664357503,124.50564575941989,0.42135456403096516,91.56214151334962,0.5498556137084961,89.11384053581413,0.5450536092122396
0.4439406394958496,0.13743688265482584,0.40667409896850587,0.39096542994181316,0.4530670166015625,0.40206902821858725,0.4005251884460449,0.4750372568766276,0.4616736888885498,0.46990877787272134,0.4005146026611328,0.6465686798095703,0.45775833129882815,0.6470397313435873,0.43901026248931885,0.20962313810984295,0.4298705577850342,0.3965172290802002,161.5474953796353,167.75811802945688,172.38179696709298,173.307680943629,92.79971211846753,0.3030701835950216,66.57122396380372,0.43321300347646075,110.49227487038591,0.4357772429784139,91.26627749133404,0.5584742546081543,90.00353591655194,0.560802968343099
0.4438204288482666,0.12581005096435546,0.40695953369140625,0.3893136978149414,0.45352826118469236,0.4010963439941406,0.3981001377105713,0.4419888814290365,0.46500515937805176,0.44174124399820963,0.4094595432281494,0.5655338923136394,0.45807924270629885,0.6466526031494141,0.43722195625305177,0.2082628091176351,0.4302438974380493,0.395205020904541,150.0274010107741,155.01049533370428,171.74721894086778,167.7895684656077,92.13770758197505,0.30173391501108804,53.241293487402594,0.4184731324513753,124.49176713781824,0.41859695116678874,91.93583599729995,0.5441969235738119,84.74668253474584,0.503761386871338
0.4408097267150879,0.1359176794687907,0.4078239440917969,0.3813690185546875,0.45299654006958007,0.3966486612955729,0.3997215747833252,0.4641276995340983,0.4594872951507568,0.483240286509196,0.4024024963378906,0.6504517873128255,0.458026647567749,0.6473564147949219,0.4366208791732788,0.2095111846923828,0.43041024208068845,0.38900883992513025,167.62652381247045,166.02423649096437,173.38853804558698,173.06102015072364,91.98164925139754,0.29926001230875654,72.85131267811467,0.4361245632171631,112.2217229159254,0.42656826972961426,90.50992387605035,0.5652983506520589,89.17565735493417,0.5572897434234619
0.43997693061828613,0.1361361821492513,0.41004223823547364,0.38936614990234375,0.45511326789855955,0.40248355865478513,0.40177578926086427,0.4625663757324219,0.4581645965576172,0.4873758316040039,0.40257554054260253,0.6505702336629232,0.45746464729309083,0.6458709081013997,0.43614537715911866,0.2139321168263753,0.4325777530670166,0.39592485427856444,168.97288572598356,163.06376117150717,174.0608251739675,173.03668384751109,91.12303176815142,0.3049284855524699,74.36904252383316,0.44165034294128414,114.80655880438127,0.4292456150054932,90.25302917228007,0.5666233698527018,89.75627044458246,0.5565683046976726
0.43892779350280764,0.14732901255289713,0.4089332580566406,0.3840490976969401,0.4524846076965332,0.39139890670776367,0.40448727607727053,0.47715562184651694,0.45984764099121095,0.46850932439168297,0.4010590076446533,0.6490228652954102,0.45656538009643555,0.640864372253418,0.43746170997619627,0.20823748111724855,0.4307089328765869,0.3877240022023519,165.08187664352909,170.6493288599613,173.07689312427755,174.669000804576,92.15460876414916,0.29798074165980026,70.16597598080078,0.4281166632970175,106.34131758644169,0.43243981202443443,91.09098613575367,0.5546868483225504,91.1427382123012,0.5630892435709636
0.44025487899780275,0.1498749574025472,0.4103511333465576,0.38536383310953776,0.45150933265686033,0.3904980341593424,0.4048166751861572,0.4671046574910482,0.46023149490356446,0.45950946807861326,0.40331354141235354,0.6462333043416341,0.4551858901977539,0.6435645421346029,0.4376556634902954,0.2098947286605835,0.43093023300170896,0.3879309336344401,162.9057818848322,169.02190873644898,173.00946027563506,174.37811792227396,92.16335574336337,0.29891283114751177,67.73785719003443,0.4237202008565267,108.25390244156762,0.42751779556274416,91.57028797511147,0.5515370051066081,90.48077848756516,0.5566689809163411
0.440479040145874,0.13505628903706868,0.40754079818725586,0.3822895685831706,0.44962520599365235,0.3880975405375163,0.4017765522003174,0.4797430356343587,0.4539055824279785,0.48273159662882487,0.40175299644470214,0.6382935206095378,0.45429244041442873,0.6327872594197591,0.43508167266845704,0.20397491455078126,0.4285830020904541,0.38519355456034343,169.30952517531756,171.05741364081743,174.21952543105505,173.95743889937637,92.05380034990417,0.2945842345555624,75.44631492528576,0.4339625755945842,105.8289710623444,0.4324682950973511,89.85228627580878,0.557759428024292,90.00851240139869,0.5590182781219483
0.4403396129608154,0.13998602231343588,0.40587735176086426,0.38546549479166664,0.4487429141998291,0.3915939013163249,0.39964511394500735,0.45238129297892254,0.4600371360778809,0.43881524403889977,0.4027099609375,0.6378302892049154,0.4511399745941162,0.640812873840332,0.43465709686279297,0.20743443171183268,0.4273101329803467,0.38852969805399573,153.2027040413901,164.70892257901357,172.08202583663217,173.4176626826232,92.32319327146016,0.29798206488291423,56.94298536005646,0.4136724710464478,113.42566676638815,0.4204554955164591,92.52201240502531,0.5398140589396159,89.0531800318106,0.5451057910919189
0.4383669853210449,0.15603715578715008,0.41021299362182617,0.36781930923461914,0.45093526840209963,0.3728256861368815,0.4022026538848877,0.4492616653442383,0.4576679229736328,0.45558786392211914,0.4004219532012939,0.6394600550333659,0.45213875770568845,0.6438879648844401,0.43520293235778806,0.2072764794031779,0.4305741310119629,0.3703224976857503,167.54144034294808,167.99678725829787,173.81088089708746,174.1440670165254,91.62616400119836,0.28879948854446413,72.37190483626026,0.41295518080393473,109.76891306585034,0.4097920815149943,91.68192597742183,0.5497379144032797,90.53640650207267,0.5443608601888021
0.43733510971069334,0.16049418449401856,0.43801078796386717,0.36818504333496094,0.42606139183044434,0.36696758270263674,0.45167269706726076,0.4854914983113607,0.4452320098876953,0.4954828898111979,0.4438492774963379,0.6505388259887696,0.4438459873199463,0.651098124186198,0.43881015777587895,0.19852150281270345,0.43203608989715575,0.36757631301879884,175.34856400294345,173.1115940388904,177.1044599091877,174.89554033879227,92.29462841695536,0.28304890791575116,84.10972387623694,0.4315296014149984,80.54520627531066,0.42653390566507976,90.5103044307655,0.573290506998698,92.71384979829783,0.5680151621500651
0.4326669692993164,0.17153080304463705,0.40790615081787107,0.35488147735595704,0.4472063064575195,0.36622797648111977,0.3966398239135742,0.4860761324564616,0.4541764259338379,0.4724128723144531,0.40070548057556155,0.627614148457845,0.4518445491790771,0.635865847269694,0.43318872451782225,0.20537401835123698,0.42755622863769527,0.3605547269185384,171.10753329634682,173.58172472488474,174.14099533252516,172.6132894114468,92.0787160839336,0.2829643726348877,76.61365590189688,0.41648379961649573,103.83675395905024,0.4233154296875,90.81734598757089,0.5541393597920735,88.35464042057681,0.5568451404571533
0.4325713157653809,0.16586387952168782,0.4040658473968506,0.3672596613566081,0.43817758560180664,0.3758684158325195,0.39171082973480226,0.4713468869527181,0.45174250602722166,0.466227118174235,0.39735734462738037,0.6398924509684245,0.45222811698913573,0.6361339569091797,0.42873914241790767,0.19981597264607748,0.4211217164993286,0.3715640385945638,167.01007843361245,171.3426256021252,173.45807930552579,173.02006097527823,92.5395366680438,0.28569000562032065,72.07509429876077,0.4188955783843994,106.42282418597858,0.42145546277364093,89.83624330221433,0.5511805375417074,88.08122793728772,0.5556196689605712
0.4285318851470947,0.1680884838104248,0.4024237632751465,0.3623907725016276,0.44372406005859377,0.3630797068277995,0.39341847896575927,0.5583974838256835,0.44583425521850584,0.5225120544433594,0.3964489221572876,0.6330956141153972,0.4551563262939453,0.6440900166829427,0.427226197719574,0.20476613839467367,0.42307391166687014,0.36273523966471355,175.2442793815148,176.84256364795806,177.87936852303199,172.05249830189766,91.50569759987468,0.2837506890296936,81.89271206365397,0.44262364705403645,98.61840716039461,0.46056636174519855,85.61538719752296,0.583301035563151,87.67683019031873,0.5957465489705404
0.4281102180480957,0.12406771977742513,0.39907877445220946,0.37286631266276044,0.4406259536743164,0.37791659037272135,0.3926990270614624,0.5528834660847982,0.44642276763916017,0.5406691233317057,0.3934950351715088,0.6239065806070964,0.4517465114593506,0.6462956110636393,0.42579538822174073,0.1964424769083659,0.41985236406326293,0.3753914515177409,174.29642872653756,176.60696536670508,176.1707079055413,173.30375586393984,91.90213493293707,0.2859169642130534,80.86714688626704,0.4580302874247233,98.69786841916051,0.46413745880126955,87.11464271997123,0.5934823671976726,89.35787108237034,0.5883950233459473
0.43015570640563966,0.12195300261179606,0.39561655521392824,0.3719749450683594,0.43590726852416994,0.37615811030069984,0.3902663946151733,0.56648375193278,0.444965124130249,0.5585678100585938,0.3939215660095215,0.6096841812133789,0.4469320297241211,0.6389435450236003,0.42461020946502687,0.1932504415512085,0.4157619118690491,0.37406652768452964,174.19486586182285,177.70958705023452,174.69025894995488,169.86790244562144,92.80155391242627,0.2836584846178691,81.00573182735968,0.4663171688715617,97.54779455409879,0.4702751398086548,88.59817267576207,0.598755677541097,85.16374516738738,0.5880839665730795
0.4267867088317871,0.11985004742940267,0.39252686500549316,0.36493663787841796,0.4313025951385498,0.3696775754292806,0.3850912809371948,0.5922239303588868,0.4454376697540283,0.5644837697347005,0.39263105392456055,0.6048426946004232,0.448837423324585,0.6469910939534506,0.41990349292755125,0.18937534491221109,0.4119147300720215,0.36730710665384925,174.2453334020647,178.13801270422834,174.83910738384932,144.5002547688923,92.57073385830572,0.27834122578303017,80.35113370557745,0.46589543819427487,96.80093979220484,0.479765518506368,87.64043495472066,0.6057374318440756,59.141477480557725,0.598533312479655
0.425886344909668,0.12276897430419922,0.38978989124298097,0.36395308176676433,0.42741928100585935,0.3678511301676432,0.3844486474990845,0.5574194590250651,0.4459416389465332,0.5637816747029623,0.38011019229888915,0.6240099589029948,0.4481518745422363,0.6501469930013021,0.41990247964859007,0.19178924560546873,0.4086045861244202,0.36590210596720374,173.3188535953681,178.34973542370923,173.54520235207866,177.42783876183364,93.7126228830175,0.27884567578633623,79.31472828254506,0.464841890335083,97.1887128895895,0.4616607824961344,88.53402339812656,0.6069643338521322,93.72762418235247,0.5907147089640299
0.41649169921875,0.11309769948323568,0.3875298976898193,0.35887540181477867,0.42426633834838867,0.3565387725830078,0.3821659803390503,0.5395631154378255,0.4433028221130371,0.5260804494222006,0.37755258083343507,0.6223462422688802,0.44904322624206544,0.6505143483479817,0.411707603931427,0.18598875999450684,0.405898118019104,0.3577070871988932,172.78261460354327,177.3409889946407,174.25909774623943,177.07607200622166,91.93766223479616,0.2718479235967,77.47495350519829,0.4418937683105469,97.4350591864553,0.4486351013183594,87.35869477747062,0.5882973988850911,93.18972233742447,0.5809546788533528
0.4144881725311279,0.1266020139058431,0.3851447820663452,0.3617603619893392,0.42159438133239746,0.36141866048177085,0.3778930902481079,0.5840508143107096,0.4413508415222168,0.5412670135498047,0.37963874340057374,0.614581298828125,0.44669475555419924,0.6484399159749349,0.407491135597229,0.18866228262583412,0.4033695816993713,0.36158951123555505,173.54934363918366,177.74796143668948,174.26565522427038,171.36882873961724,91.36533121515772,0.27512589693069456,78.06419917835933,0.45142826239267986,96.53310861279189,0.4728201627731323,87.14545058612654,0.5948534647623698,86.72754043409468,0.5993160565694173
0.4120748519897461,0.11673361460367838,0.38213088512420657,0.36362485885620116,0.4174192905426025,0.3577473004659017,0.3786325931549072,0.5969334920247396,0.4399022102355957,0.5414072672526041,0.37741804122924805,0.6166060129801433,0.4454704761505127,0.6486042022705079,0.4054497241973877,0.1909171104431152,0.39977508783340454,0.36068607966105143,173.09523119927132,178.66491317293415,173.9553376553756,178.54021367917562,91.91443530085505,0.27580159505208335,77.48120539580435,0.4510466734568278,95.11394890565215,0.47880978584289546,87.02648535497158,0.595005734761556,93.53287132899972,0.6067697525024414
0.41614336967468263,0.11872532367706298,0.37561056613922117,0.360045337677002,0.4125765323638916,0.35626176198323567,0.37767367362976073,0.5727354685465494,0.4375290870666504,0.5450747172037761,0.3802098274230957,0.6331406911214192,0.4409268856048584,0.6412298838297527,0.40083631277084353,0.18123656113942466,0.3940935492515564,0.3581535498301188,172.6769010850018,179.0101364800396,172.62963775512839,174.70547958957707,92.18263378612707,0.26969505548477174,76.91814014690483,0.45161413351694746,94.37576373177869,0.46544450918833413,87.97620291485713,0.5931523005167644,87.59581029526335,0.6029380798339843
0.4139726638793945,0.12549155553181965,0.3720623731613159,0.3859178860982259,0.4100379943847656,0.3795686403910319,0.3763105869293213,0.6477049509684245,0.43330841064453124,0.5478967030843099,0.38646368980407714,0.6180297215779622,0.44610419273376467,0.6534276962280273,0.39652949571609497,0.1878964424133301,0.3910501837730408,0.38274326324462893,171.48082170336863,179.33377959951525,175.4169746481117,17.77116487892791,91.61079730298046,0.28531985282897954,75.64751848288418,0.46531998316446943,93.18403450662423,0.5152241071065267,83.08655420554261,0.6006621996561686,108.88790347715408,0.6328673362731934
0.4062335014343262,0.11694679260253907,0.3667914390563965,0.3915504137674967,0.40615129470825195,0.3866644541422526,0.3742248296737671,0.6468477249145508,0.4328760147094727,0.5718472798665365,0.3871889352798462,0.6216203689575195,0.43445453643798826,0.6200689315795899,0.39192568063735966,0.18851375579833984,0.3864713668823242,0.3891074339548747,171.84918468040215,179.49129843064128,170.13841979854453,27.375036086174454,91.5575374967321,0.28881059487660726,75.75157896676197,0.4804773569107056,92.72036457811875,0.5179775794347128,88.12510883558801,0.5959581057230632,117.19821362180599,0.6342340469360351
0.40180554389953616,0.12032892704010009,0.3648552894592285,0.3797374407450358,0.40305314064025877,0.37151530583699544,0.3730579376220703,0.5989981333414713,0.4268979549407959,0.5557602564493815,0.38568739891052245,0.6240627924601237,0.4327641487121582,0.6252463658650717,0.3874765157699585,0.17916099230448404,0.38395421504974364,0.3756263732910156,172.56684350413425,179.17422464049042,173.76176820525515,153.65730604813518,91.02710892863531,0.27739368279774984,76.59103211836599,0.4656933148701986,92.79272642257037,0.4873122533162435,85.17438743297119,0.5905033111572267,63.25759609543277,0.6115304629007976
0.40070476531982424,0.12426350116729737,0.36105005741119384,0.392672856648763,0.39770658016204835,0.3848815600077311,0.3733885049819946,0.6323657989501953,0.4269151210784912,0.5737791697184245,0.3956803321838379,0.6139355341593424,0.4285860061645508,0.6354256947835286,0.38532472848892213,0.18394195238749186,0.3793783187866211,0.388777208328247,171.67908789307634,179.88386345270632,170.26990370073918,54.558129356661894,91.66284127306038,0.28635958035786946,75.58943262713767,0.48127818902333575,91.40861238098323,0.5105715036392211,88.44741889133047,0.6046024322509765,140.41700080940103,0.6231506665547688
0.4010328769683838,0.154133669535319,0.3621361494064331,0.3833291053771973,0.39631607532501223,0.37722641626993814,0.37381298542022706,0.6218271891276042,0.418536376953125,0.5169619560241699,0.3948884725570679,0.6312932968139648,0.4266190052032471,0.6610204060872396,0.38496034145355223,0.18830837408701578,0.3792261123657227,0.3802777608235677,169.78804309181336,179.81082485174878,173.62939421600393,117.75774896447439,91.7109470841281,0.2842930674552917,73.95480725487332,0.4486198584238688,91.28378454813702,0.5010524749755859,86.78869609720397,0.5889911810557047,24.1873513836953,0.6265602429707845
0.3948981761932373,0.1476404031117757,0.3593311071395874,0.4050940831502279,0.39080514907836916,0.39457372029622395,0.3747031450271606,0.5874955495198567,0.41841678619384765,0.5084781646728516,0.38197689056396483,0.6156314849853516,0.41945481300354004,0.6499865214029948,0.3807934999465942,0.19658892154693602,0.37506812810897827,0.3998339017232259,165.12655413314062,179.21883403042003,170.3585338638547,167.33885656301183,91.61358431977722,0.29821141163508097,68.24818371857641,0.45415603319803877,90.11143440367249,0.4936647256215413,89.57971748188685,0.5792323430379231,75.50515775017173,0.6015635172526042
0.3915570735931396,0.1686110496520996,0.36093339920043943,0.39607779184977215,0.3911353588104248,0.3931562423706055,0.36941728591918943,0.5532741546630859,0.41502084732055666,0.5047648111979167,0.37445223331451416,0.6304863611857097,0.41773037910461425,0.6560535430908203,0.3803365111351013,0.21860493024190267,0.37603437900543213,0.3946170171101888,167.41963117047712,179.48047808461456,171.9643651205514,175.8847511456478,91.40015920941622,0.30661097367604573,70.50874147363498,0.44969091415405277,92.38824368720573,0.4739455858866374,88.9739609926424,0.5804091771443685,86.26906947026177,0.5918802579243978
0.3921478509902954,0.3442018191019694,0.3869807243347168,0.3496014912923177,0.3745290279388428,0.3537778854370117,0.39815850257873536,0.4811520576477051,0.39572041034698485,0.48577820460001625,0.3908437490463257,0.5890520731608073,0.3897371530532837,0.6183242162068685,0.379320228099823,0.30686500867207844,0.38075487613677983,0.35168968836466474,178.86902451543682,178.51264410797435,175.4859392354225,173.68790051794295,88.16683068462775,0.3292773485183716,83.63161007285098,0.4187339464823405,82.34362863517829,0.4164208730061849,92.5846332016888,0.5520512104034424,93.87825928499248,0.5351020654042562
0.3809460401535034,0.5303630510965983,0.39483017921447755,0.37168283462524415,0.3696091890335083,0.38280178705851237,0.4016301155090332,0.470914363861084,0.37931759357452394,0.4868064244588216,0.3961729764938354,0.5538616816202799,0.38082222938537597,0.5677452723185221,0.3819898009300232,0.29479955037434896,0.38221968412399293,0.37724231084187826,179.28007512770262,174.6563609828215,178.51471467764355,171.71880898632313,89.84023700098716,0.3360209306081136,91.51727298962791,0.4320243676503499,78.29303139890833,0.42407833735148115,88.93500642440439,0.5272758483886719,93.76408894876408,0.512388022740682
0.38239359855651855,0.3555912017822266,0.39309370517730713,0.3251274744669596,0.3722898721694946,0.32047878901163734,0.39817397594451903,0.488604736328125,0.3754494905471802,0.49826345443725584,0.39474916458129883,0.6035003662109375,0.3724848985671997,0.5920487721761067,0.3773377537727356,0.2844995975494385,0.38269178867340087,0.3228031317392985,178.1425055885973,179.50579511786992,179.63954170457143,175.8329982384138,82.04280131593944,0.3036513646443685,92.36359820820299,0.41053329308827713,84.665315995778,0.40570393403371174,91.81053997760695,0.5451561133066813,91.70736825023037,0.5460525512695312
0.3669097661972046,0.31473395029703777,0.3834608793258667,0.33568744659423827,0.374314022064209,0.33789218266805016,0.3894782066345215,0.45314388275146483,0.3761547088623047,0.4734090805053711,0.391333794593811,0.5947322845458984,0.3729825258255005,0.6087130864461263,0.3681878805160522,0.28306097984313966,0.3788874506950378,0.3367898146311442,176.45742926935372,178.06587872673322,179.90096042330939,177.98833095798878,78.73744427763846,0.30992539723714196,91.14591229477202,0.40509944756825766,84.79916671460998,0.3949668486913045,91.34304530570012,0.5410610834757488,89.24915267748159,0.5239380836486817
0.3660543918609619,0.5304808298746745,0.3869560480117798,0.38259210586547854,0.36409726142883303,0.3838812510172526,0.38656296730041506,0.4315609931945801,0.35831689834594727,0.4604543368021647,0.3909887790679932,0.4965680122375488,0.3704399108886719,0.5415650685628255,0.3710939884185791,0.5112271785736084,0.37552665472030644,0.38323667844136555,26.689649450666987,23.85310797289155,169.65920097069636,176.12574147561787,91.98351911216828,0.447231928507487,102.56435277012673,0.4218455076217651,77.13541606518933,0.4073988358179728,81.49935571095999,0.5010097026824951,86.1051955737511,0.4640645027160645
0.37288389205932615,0.16126104990641277,0.37319674491882326,0.33792819976806643,0.373415470123291,0.35042009353637693,0.3736820936203003,0.5391370773315429,0.37365849018096925,0.5514034907023112,0.37844460010528563,0.6286629358927409,0.37873058319091796,0.6270201365152995,0.3692450404167175,0.1596565326054891,0.37330610752105714,0.3441741466522217,179.4519572645691,179.44059790689394,177.26124818244682,177.98968224455217,88.73917486370361,0.2519153396288554,89.9025716178413,0.44778881867726644,89.8895052004964,0.4416556119918823,86.16255321365546,0.5892118136088054,86.9549071015249,0.5839000066121419
0.3717430830001831,0.5426413218180338,0.36723353862762453,0.28343426386515297,0.35412619113922117,0.2853952725728353,0.37287702560424807,0.43941755294799806,0.3569655179977417,0.46677223841349286,0.3767239093780518,0.6177164077758789,0.35809803009033203,0.5869136810302734,0.36427942514419553,0.49818676312764487,0.36067986488342285,0.28441476821899414,14.272954356853282,12.82233498867032,178.97090906206418,178.4800892596792,89.03532676101426,0.3913007656733195,91.16686734315243,0.3755935033162435,85.50066971260728,0.36191616058349607,89.45991791106697,0.5268429597218831,88.76400768891065,0.5285669803619385
0.3695626735687256,0.6726901372273763,0.372666335105896,0.296034304300944,0.35748491287231443,0.30589558283487955,0.3729568958282471,0.3921659469604492,0.3542726755142212,0.4090317408243815,0.3799112558364868,0.4638545989990234,0.36521360874176023,0.48237568537394204,0.3641664028167725,0.539272403717041,0.3650756239891052,0.3009649435679118,10.052762928888388,8.358730716088305,171.5591635870553,179.66321439518893,90.2186011424605,0.4201186736424764,95.70863445113596,0.3549983421961467,85.06096925889938,0.34656544526418054,81.51558324357102,0.4457037130991618,84.45919841128271,0.4280102729797363
0.3670051574707031,0.6614783604939779,0.3695338487625122,0.3428351084391276,0.34918832778930664,0.34359652201334634,0.3755603313446045,0.33663034439086914,0.3428831100463867,0.3611751556396484,0.3766901731491089,0.43125381469726565,0.3566394090652466,0.42908153533935545,0.3641649603843689,0.5875995953877766,0.3593610882759094,0.343215815226237,47.90638287280403,114.72294943342146,166.73265071068414,169.5485630371377,88.87387716987234,0.4654077053070068,132.5368724606195,0.3521954854329427,157.8768054141762,0.3399230798085531,78.54814284098046,0.39512834548950193,89.3158981543196,0.3839420795440674
0.3613306999206543,0.6255463282267253,0.36655173301696775,0.35847438176472984,0.3566066026687622,0.3750620206197103,0.36876165866851807,0.36697409947713217,0.3575307607650757,0.3788735389709473,0.3740163087844849,0.448568852742513,0.36697123050689695,0.4484012285868327,0.3599655508995056,0.5821080207824707,0.361579167842865,0.3667682011922201,19.177944043888775,90.69929800190319,176.04670388759425,175.03956451017146,90.4293293753545,0.4744381109873454,108.49156187115128,0.3728208700815837,1.6420310271373404,0.3668711503346761,82.26766594192586,0.41363738377889,86.31527654585096,0.40777147610982256
0.35600745677948,0.5801480611165365,0.3675269603729248,0.3403761545817057,0.36921329498291017,0.34470510482788086,0.3735791206359863,0.41127026875813805,0.3726335048675537,0.42431532541910805,0.38136858940124513,0.47416194279988605,0.3799013614654541,0.4732076644897461,0.35849595069885254,0.4602835496266683,0.3683701276779175,0.34254062970479326,24.44209520554945,21.43917531653703,176.58811434846012,178.57961199307084,94.79373161641517,0.4014120896657308,87.0155491810825,0.3834279775619507,85.66586072100068,0.37690544923146563,81.54488465161954,0.4487614949544271,82.93956873517736,0.44271610577901205
0.379676365852356,0.5337936401367187,0.3623342752456665,0.2916739463806152,0.3649073839187622,0.3057179768880208,0.36929447650909425,0.4400949478149414,0.37781367301940916,0.4735199610392253,0.3742897272109985,0.5343677520751953,0.37761616706848145,0.5515520731608073,0.3713555812835693,0.46391936937967937,0.36362082958221437,0.298695961634318,150.71350754925953,2.6467113560162296,176.68694712007553,179.55891321890684,87.31971808111075,0.3813076655069987,85.35870049781713,0.3861079613367716,87.70223436152914,0.3693954547246297,90.14502020955,0.5125360171000163,86.96689432331857,0.48723134994506834
0.3707287311553955,0.445815372467041,0.3486506938934326,0.3274428367614746,0.367574143409729,0.3338114102681478,0.3519770383834839,0.46683905919392904,0.37732012271881105,0.4834241549173991,0.3511062145233154,0.6240313212076823,0.3747976541519165,0.546496836344401,0.36173534393310547,0.2654918114344279,0.35811241865158083,0.3306271235148112,176.9254574910792,179.80435265246876,173.29000802563252,178.94950062322255,93.18359815229297,0.29805946747461953,82.83508462711856,0.40702563921610513,92.57902470879286,0.39873309135437013,92.29021216909587,0.5149604956309001,90.3174076181259,0.5454351902008057
0.3630398750305176,0.44511330922444664,0.3657088756561279,0.3164026896158854,0.3675788640975952,0.3172674496968587,0.3627058744430542,0.4295278231302897,0.36744017601013185,0.4311680793762207,0.36664638519287107,0.541536013285319,0.3653635263442993,0.5295523007710775,0.36361285448074343,0.3976296901702881,0.3666438698768616,0.3168350696563721,173.88875170393956,179.62732897833422,179.1356648781911,177.98577479057968,92.14844734537702,0.3572323799133301,89.60095301401931,0.3740015745162964,92.00135978322861,0.3731814463933309,91.20919385514334,0.4803601900736491,87.98513341814404,0.48553191820780434
0.3508418798446655,0.3424262046813965,0.3635871410369873,0.390220578511556,0.36971316337585447,0.4056900978088379,0.35427289009094237,0.46724780400594074,0.3642862796783447,0.48401193618774413,0.3630098819732666,0.5861740112304688,0.3649587631225586,0.5865011215209961,0.3575618028640747,0.3218046347300212,0.3666501522064209,0.39795533816019696,176.05265027039053,171.16784882607297,179.11008887623905,174.69027718283132,83.19411888426215,0.3598799864451091,91.57345134404525,0.44098363717397054,100.12756237923573,0.43260157108306885,89.62405877186457,0.5352565288543701,85.79827628240974,0.5267109076182047
0.3627418279647827,0.17794068654378256,0.3701685905456543,0.4185612360636393,0.36470756530761717,0.4198341369628906,0.37156100273132325,0.48034737904866537,0.36193432807922366,0.49588359196980797,0.3722437620162964,0.5972130457560222,0.3714847803115845,0.5885203043619792,0.3411816835403443,0.29413344065348307,0.36743807792663574,0.41919768651326494,170.02195316595692,174.59152114395482,175.48291534307404,178.78835756138693,78.14333504733352,0.356665563583374,94.10508121500821,0.45754063924153643,86.14275724958426,0.4497725327809652,84.11384344168968,0.5422019481658936,89.66526712685145,0.5387802124023438
0.3575379133224487,0.1726199467976888,0.37027997970581056,0.41869777043660483,0.340390944480896,0.43185227711995444,0.370534610748291,0.558644167582194,0.3562127351760864,0.5853940327962239,0.3727032899856567,0.6264270782470703,0.3573591232299805,0.6522128423055013,0.3455258846282959,0.199793275197347,0.3553354620933533,0.42527502377827964,178.7263785649951,177.48501251176114,179.52799904806793,176.89774226037375,87.50891945460118,0.31253414948781333,89.68608635230791,0.5053345282872518,83.49845029823936,0.49195959568023684,89.01709183163214,0.6188034375508626,88.16747622563011,0.5925356229146321
0.3616621017456055,0.17124495506286622,0.3687830686569214,0.413671334584554,0.339870548248291,0.4287681579589844,0.36611347198486327,0.5867886225382487,0.3454348802566528,0.6050735473632812,0.369350266456604,0.6185347874959309,0.3485211133956909,0.6581745783487956,0.34589849710464476,0.19860030810038248,0.3543268084526062,0.42121974627176917,177.29644793982652,178.90904193344772,175.27017121205182,178.53238830357486,87.83183290441914,0.30991002718607585,92.76890267767126,0.5131466468175252,85.92804681754329,0.5040041844050089,86.67370994535709,0.6316240628560383,84.17832022631352,0.6026617050170898
0.35046920776367185,0.45863189697265627,0.37181887626647947,0.3933484713236491,0.3390089273452759,0.40472224553426106,0.3750188112258911,0.47468996047973633,0.3448268175125122,0.5199711481730144,0.3698262691497803,0.48120479583740233,0.368139910697937,0.5186730066935221,0.34590342044830324,0.36027374267578127,0.3554139018058777,0.3990353584289551,175.38316393803967,179.74909339183597,92.88468721552975,131.49560205998543,76.21433820949062,0.3796545505523682,95.00309074017912,0.45950325330098474,75.47210687576226,0.4368626594543457,176.81289401711282,0.5193220774332683,128.55601945931235,0.47794737815856936
0.35165045261383054,0.5999045689900716,0.36845171451568604,0.36575311024983725,0.33629484176635743,0.36744486490885414,0.3710963487625122,0.4347477912902832,0.33948981761932373,0.46099716822306314,0.37205116748809813,0.4334530512491862,0.34112887382507323,0.4494871457417806,0.35146591663360593,0.47744496663411456,0.3523732781410217,0.3665989875793457,43.831112680502734,40.05335409051398,0.37912876841843435,52.80859836546945,90.46900053722771,0.4220219771067302,97.77170945869652,0.41379807790120443,74.63770216621734,0.40067338943481445,98.10457371534727,0.4552421569824219,126.40728250323298,0.4341004212697347
0.35307152271270753,0.5145080884297689,0.37120378017425537,0.3734063466389974,0.34009590148925783,0.3804119110107422,0.37383887767791746,0.4640262921651204,0.33843317031860354,0.49125849405924477,0.37232489585876466,0.43075863520304364,0.3501723289489746,0.48818655014038087,0.3478752255439758,0.37803077697753906,0.3556498408317566,0.3769091288248698,176.2046086288547,174.99321919564338,72.51742320296393,14.599995572643607,171.79054984701355,0.37746995290120444,98.56225535472609,0.4340838114420573,78.20673479709716,0.4204677104949951,165.3354720131818,0.4897225220998128,87.39431731602042,0.44739246368408203
0.3508326292037964,0.6249837875366211,0.37185513973236084,0.31080633799235025,0.33404548168182374,0.3123838742574056,0.37474870681762695,0.39619315465291344,0.3382913112640381,0.4131654103597005,0.3703256845474243,0.41861686706542967,0.34436471462249757,0.4371315956115723,0.35178400278091426,0.5035244782765707,0.35295031070709226,0.31159510612487795,16.70525979821146,26.526071252665737,161.86728451982907,159.62006916605174,90.34816817514461,0.4075597922007243,98.21243089989294,0.36238025824228925,75.55088989003754,0.3538941303888957,75.77972151240452,0.4251485029856364,101.15821412256668,0.4074050108591716
0.3542612075805664,0.656593386332194,0.37061386108398436,0.3418359438578288,0.33400113582611085,0.3583425521850586,0.3656993627548218,0.2550254980723063,0.3336747407913208,0.26379626592000327,0.36739468574523926,0.32395585378011066,0.3451244354248047,0.33579772313435874,0.35171266794204714,0.5814923604329427,0.3523074984550476,0.3500892480214437,171.06511796456527,174.43456909865188,17.64902084783956,31.40735245964296,90.14728065884576,0.4657908042271932,77.81550706482567,0.3069427569707235,98.01863184237645,0.302557373046875,80.96446196223965,0.299796994527181,88.59111021938153,0.2894906759262085
0.35177710056304934,0.5992361068725586,0.37069709300994874,0.32801860173543296,0.3369405269622803,0.3418255805969238,0.37128267288208006,0.39406827290852864,0.34492032527923583,0.4156374931335449,0.3706838607788086,0.4226629892985026,0.35018277168273926,0.43535194396972654,0.3551297545433044,0.4923237800598145,0.3538188099861145,0.3349220911661784,13.874509849822683,25.785837005634566,162.98083887938583,167.91996013126547,89.52281418223797,0.41362293561299646,96.29117843537574,0.3752797921498616,73.54991554731879,0.36449518203735354,75.05431294669549,0.42549471855163573,91.19967590296322,0.40836563110351565
0.3501746654510498,0.5936742146809896,0.370206618309021,0.3145595550537109,0.3395765066146851,0.33005091349283855,0.37261066436767576,0.3803286552429199,0.3482193470001221,0.40176782608032224,0.370776891708374,0.4559740384419759,0.35454277992248534,0.47754755020141604,0.35436750650405885,0.49028755823771153,0.35489156246185305,0.32230523427327473,8.772793203288233,26.401613737364933,175.10128301258464,171.83402573667942,90.17874557567379,0.40629639625549313,94.7996815229326,0.3620365301767985,73.01845847433019,0.3513169447580973,85.23000908659701,0.43965768814086914,91.38867509775727,0.4181513468424479
0.36391620635986327,0.49018723169962564,0.3719654083251953,0.37929054896036785,0.3395169973373413,0.391201655069987,0.3706461191177368,0.49023173650105795,0.3453305006027222,0.540463638305664,0.36767144203186036,0.5566603978474934,0.3548872470855713,0.6089989344278971,0.35791968107223515,0.3284591833750407,0.3557412028312683,0.3852461020151774,179.5611513868887,176.41778124089453,171.8430402650089,173.45470586883033,92.19692203659872,0.3568526426951091,93.83717756644107,0.4628548701604207,81.91966019430949,0.4377389192581177,82.06170932959891,0.5747312863667806,92.56399351213759,0.5234460671742757
0.3866070032119751,0.1669793764750163,0.37051393985748293,0.37642637888590497,0.34361872673034666,0.38015616734822594,0.3722816228866577,0.4764442761739095,0.34774439334869384,0.5133150736490886,0.3667446136474609,0.5880760192871094,0.3433950424194336,0.6486033121744792,0.3618863940238953,0.18062336444854737,0.3570663332939148,0.37829127311706545,178.48466363255753,173.20093115398785,178.94603277623753,174.5189881751441,91.3968601200936,0.27945731878280644,93.94938995126829,0.445803173383077,81.18836969892912,0.4273677746454875,91.84135483577771,0.5809591929117839,92.83958189989401,0.5322601477305094
0.3943635940551758,0.15749661127726236,0.37163777351379396,0.38186527887980143,0.34503676891326907,0.38330485026041666,0.3686323642730713,0.4926762580871582,0.3446748495101929,0.52003173828125,0.36131649017333983,0.6071289698282878,0.3449354410171509,0.652133560180664,0.3653318524360657,0.1779257535934448,0.35833727121353154,0.38258506457010905,177.77878576007677,175.25835470046636,177.0405987252718,175.58245285704348,91.95741916323546,0.28025540908177693,95.67664579862684,0.4513084014256795,84.65756625060637,0.4376306613286336,89.88697525935741,0.586082649230957,93.65739888940213,0.549902613957723
0.39763312339782714,0.14755775133768717,0.37235383987426757,0.3694981257120768,0.3441046714782715,0.3696494420369466,0.3635451316833496,0.5150906562805175,0.34595332145690916,0.5265103022257487,0.3640836238861084,0.5975665410359701,0.3424618482589722,0.6371553421020508,0.36935784816741946,0.16766327222188315,0.3582292556762695,0.3695737838745117,179.25892940744203,176.94934731065686,178.43511484828431,178.90317348772544,93.15474855773986,0.2686185280481974,94.47269964344498,0.4480420430501302,87.90785854947133,0.4423322200775146,91.80740428195583,0.5818328221638998,89.62591620318828,0.5563285986582438
0.4029421806335449,0.1593293825785319,0.36889286041259767,0.3709967295328776,0.3398380517959595,0.3743928591410319,0.37098758220672606,0.486791737874349,0.34686543941497805,0.515497334798177,0.3617443561553955,0.6060298919677735,0.3468648433685303,0.6390408198038737,0.36975274085998533,0.17825235525767008,0.3543654561042786,0.37269479433695474,179.12396912496018,171.9405288121847,178.3871872099482,173.7560552309848,94.52469632036421,0.2754735747973124,93.00642303332137,0.4440960645675659,81.71121993374551,0.42974326610565183,90.00027642854536,0.5772690773010254,94.43264854713539,0.5464108149210612
0.40106768608093263,0.16133491198221842,0.37150886058807375,0.36936937967936195,0.3404609203338623,0.36911112467447915,0.3708404779434204,0.4841985066731771,0.3579972505569458,0.5022453943888346,0.350174617767334,0.6471133550008138,0.3503019571304321,0.6435447692871094,0.3713367938995361,0.17314198811848958,0.35598489046096804,0.3692402521769206,176.8120859295127,172.54528598807389,178.06956056259537,173.9684714899105,94.47637254205668,0.2711911201477051,89.13318431378964,0.4357428232828776,82.63670598335437,0.42671937942504884,93.11730112222797,0.572895081837972,97.22939759156411,0.5656559308369955
0.3940508127212524,0.17040308316548666,0.3719495296478271,0.365191396077474,0.3381951332092285,0.35924711227416994,0.37523698806762695,0.43609755833943686,0.35120697021484376,0.4896138509114583,0.36205096244812013,0.5252824147542318,0.3586897373199463,0.5502001444498698,0.3691508054733277,0.17890162467956544,0.3550723314285278,0.36221925417582196,178.4327170770278,166.08888355656367,174.0617194105852,169.13912142538658,94.39159558352118,0.2705604394276937,91.73791482907906,0.42591655254364014,74.73331193526815,0.39915840625762944,82.95928547750452,0.5199069976806641,98.41028058309203,0.4806899865468343
