0,1,2,3,4,5,6,7,8,9,10,11,12,13,14,15,16,17,18,19,20,21,22,23,24,25,26,27,28,29,30,31
0.5657651424407959,0.4492914835611979,0.6624936103820801,0.6504320780436198,0.7104708671569824,0.6251972834269206,0.6178868293762207,0.820501708984375,0.6807637214660645,0.8166495005289713,0.6431571483612061,0.9306149164835612,0.6795143127441406,0.9182081858317057,0.6068690299987793,0.42780892054239905,0.6864822387695313,0.6378146807352703,167.40840609383713,157.81269550588615,179.28129891816317,158.65790079311287,69.23827606069938,0.5328118006388347,91.8314962520569,0.7272320906321208,110.58017583033129,0.7291581948598227,90.70483617746724,0.8674288431803385,77.0747743082546,0.8755583127339681
0.530674409866333,0.4512306213378906,0.6694798469543457,0.6369239807128906,0.6961894035339355,0.6199080149332682,0.6132935523986817,0.8039866129557292,0.6721495628356934,0.8058798472086589,0.6134791851043702,0.9806409200032552,0.683417272567749,0.9708549499511718,0.5872056961059571,0.43625567754109695,0.6828346252441406,0.6284159978230794,163.61188860927913,154.33424850209215,176.190283936855,168.8003781277447,63.54268348176474,0.5323358376820881,93.44560759617151,0.7171479225158692,111.60782795849289,0.7162013053894043,86.09279736248781,0.8883673985799154,89.9397922029842,0.8923137664794922
0.5533184051513672,0.4710100491841634,0.6604877948760987,0.6330832163492839,0.6989616870880127,0.6124313990275065,0.6135334968566895,0.8080140431722005,0.6697121143341065,0.8078605016072591,0.6126315116882324,0.9858272552490235,0.684376859664917,0.9797076543172201,0.5906346321105957,0.44399277369181317,0.6797247409820557,0.6227573076883952,164.6426311551144,156.7389970198073,175.86911660692738,169.8208214555304,63.509909410976356,0.5333750406901042,93.09623348083043,0.7153089046478271,109.66153794749107,0.7153856754302979,85.12242542514657,0.8937840779622396,90.2906392582755,0.896920649210612
0.5352773666381836,0.4336870193481445,0.6631811618804931,0.6456339518229167,0.7078538417816163,0.6143199284871419,0.6064714431762696,0.8245709737141927,0.6652737140655518,0.8137380599975585,0.6100019454956055,0.982969093322754,0.6782944202423096,0.981854248046875,0.5865401268005371,0.4349089940388997,0.6855175018310546,0.6299769401550293,161.97256922700836,154.96437191758156,174.39528563096835,166.64789688603793,63.09678633000517,0.5324429670969645,96.28656023918259,0.7218575000762939,112.10748526041469,0.7272739569346109,85.57124659061536,0.8977961540222168,88.72315785338722,0.9037700335184733
0.5373940944671631,0.4343364715576172,0.6581451892852783,0.645947519938151,0.6963658332824707,0.6132628758748372,0.6054327964782715,0.8312035242716471,0.657404613494873,0.8089511235555013,0.6098294734954834,0.988053830464681,0.6739457607269287,0.9884536743164063,0.5836251020431519,0.4331969738006592,0.6772555112838745,0.629605197906494,162.57519496083123,157.25449215065572,174.2066284689552,167.74121303103024,64.51224218846112,0.5314010858535766,96.3160720963862,0.7192781607309977,109.60927631101463,0.7304043610890706,84.73506699826746,0.8987023989359537,88.394360231854,0.9096286773681641
0.5331494808197021,0.4433344523111979,0.6569409847259522,0.640859858194987,0.6928391933441163,0.6098472595214843,0.5994067668914795,0.8532897313435872,0.654819393157959,0.813226064046224,0.6062256336212158,0.9821463267008463,0.6702299594879151,0.9828409194946289,0.579994297027588,0.4309320290883382,0.6748900890350342,0.6253535588582357,162.82782834578734,159.0456139864105,174.06172163565532,166.0774912801784,63.983319602569566,0.528142793973287,96.09786429337923,0.7192898114522299,108.32280060634483,0.7393216451009115,84.80857498411116,0.8980334917704265,86.97083254114709,0.9177180290222168
0.5425468444824219,0.43322067260742186,0.6533576011657715,0.6379573186238606,0.6889462947845459,0.6136253356933594,0.6012167453765869,0.8393562952677409,0.6456504344940186,0.8097744623819987,0.6160454273223877,0.9466825485229492,0.6644152164459228,0.9791240056355794,0.5862403154373168,0.42734917004903156,0.6711519479751586,0.62579132715861,163.2782672931333,159.78637229783854,172.58484818594204,162.38922535454736,66.83434902498112,0.5265702486038207,97.89136653238957,0.7177828947703043,108.13184673336778,0.7325738112131754,83.67713187925898,0.8944492340087891,82.13355825696178,0.8930194218953451
0.5243483066558838,0.4237712542215983,0.6530845165252686,0.6454259872436523,0.6891935348510743,0.6113382339477539,0.5996556758880616,0.8321872075398763,0.640837574005127,0.8013584772745769,0.6051587104797364,0.9748423258463542,0.6586744785308838,0.975239117940267,0.5779161214828492,0.426460345586141,0.6711390256881714,0.628382110595703,160.5364198838453,157.60492783766574,172.0849325941655,167.0084993201334,65.21825300338956,0.5274212280909221,99.93607579663478,0.7148702939351399,109.32799710351969,0.7302846590677896,84.1430105630439,0.8882987976074219,87.79086512238992,0.9035147666931153
0.5333020687103271,0.417331600189209,0.6439892768859863,0.6416912078857422,0.6858554363250733,0.5992363611857097,0.6060034751892089,0.8420073827107747,0.6292090892791748,0.8011010487874349,0.6190465927124024,0.8865362803141276,0.6508554458618164,0.9701983133951823,0.5783307790756225,0.42676580746968584,0.6649223566055298,0.6204637845357259,161.07643509916724,161.29438901393323,170.4018770082812,153.8913200865193,65.91324098564448,0.5236147960027059,101.18355557353043,0.7107824166615804,104.89292024763424,0.7312355836232503,82.70516804898847,0.8856496810913086,73.67397715659453,0.8642718315124511
0.5333718299865723,0.4277242024739583,0.6459414958953857,0.6327285130818685,0.6758972644805908,0.5995494842529296,0.5933781623840332,0.836749013264974,0.6286750793457031,0.7999029795328776,0.6185357093811035,0.9087261199951172,0.6408483028411865,0.9706342697143555,0.5744208335876464,0.42053144772847495,0.6609193801879882,0.6161389986673991,161.90912623592328,160.3698536816711,172.68112959190586,152.49194599728997,66.14476825169587,0.518335223197937,99.95214088227038,0.7080209891001383,107.02231602902697,0.7264440059661865,85.92168494524567,0.8852686246236166,70.73438101712537,0.8727375666300456
0.5250666618347168,0.41009114583333334,0.6459806442260743,0.6326677322387695,0.6755887031555176,0.5972672780354817,0.5945703983306885,0.8366991678873698,0.6085820674896241,0.757259750366211,0.6196143627166748,0.8970534642537434,0.6246368408203125,0.8471197764078776,0.5678513765335083,0.4157755215962728,0.6607846736907959,0.6149675051371256,153.05163440203444,159.74104300427928,161.01986462571583,149.1603717417199,64.98853038080264,0.5153715133666992,110.14651905650786,0.6861136277516683,106.62685888406217,0.7258333365122477,79.87017500952868,0.8021897633870443,67.46403510808454,0.8668763160705566
0.5257711410522461,0.39939982096354165,0.6405373573303222,0.6193161646525065,0.6761703014373779,0.5945381800333659,0.5906666278839111,0.8132204055786133,0.6123549938201904,0.7538121541341146,0.6127350807189942,0.9718157450358073,0.6189568519592286,0.970640500386556,0.5683035135269165,0.4115073521931966,0.65835382938385,0.6069271723429361,155.27827702317944,158.6484055915706,172.07392661733144,164.95198852743246,65.25954113877786,0.5092172622680664,107.38858791646763,0.6803696632385254,108.1652630577087,0.7100737889607747,88.25603159187928,0.8622263272603353,82.0781918028432,0.8925180753072103
0.5237378120422364,0.3883166948954264,0.63595552444458,0.6222740173339844,0.6748526573181153,0.5927876790364583,0.5929018020629883,0.8600383758544922,0.6015848636627197,0.7603630701700846,0.6066641330718994,0.9700766245524088,0.599412488937378,0.9564268112182617,0.57354576587677,0.3924976189931234,0.6554040908813477,0.6075308481852213,156.24178063920766,163.7265489276167,171.51759296099172,165.2142870040628,69.15929375595955,0.5000142335891724,109.3995016599709,0.683946959177653,103.9027780965405,0.7337846120198568,90.6348078923448,0.8583949406941731,82.87111299703912,0.9150575002034504
0.5162789821624756,0.39639034271240237,0.6376995086669922,0.6187945048014323,0.6726913928985596,0.5859840393066407,0.591127347946167,0.8561100641886393,0.6018980026245118,0.7521654764811198,0.6074254035949707,0.9719937642415365,0.5958408355712891,0.9605369567871094,0.5678892612457276,0.39608429272969564,0.655195450782776,0.6023892720540365,154.95635985566494,162.93643370046001,172.25515588327406,164.62989785291407,67.06240802038118,0.4992367823918661,109.58796083380984,0.6772773742675782,104.17174239460896,0.7292496681213378,91.66506665507325,0.8563512166341145,81.9943449467043,0.9140519142150879
0.5196372509002686,0.38462740580240884,0.6334298610687256,0.6164047241210937,0.672932481765747,0.5889273961385091,0.590950345993042,0.8540164311726888,0.5991037368774415,0.7619854609171549,0.605705738067627,0.9722143809000651,0.5913044929504394,0.9594795227050781,0.5688329458236694,0.38541436195373535,0.6531811714172363,0.6026660601298014,156.65550126877378,163.39172807491843,172.42340760858835,165.56359747823439,68.78124004555373,0.4940402110417684,108.74864091277102,0.6823257605234782,103.9059920795843,0.728341245651245,92.26149420717705,0.8607324918111166,82.88422011761537,0.9131154060363769
0.5110465049743652,0.38775641123453775,0.6355628967285156,0.612626584370931,0.6693099021911622,0.5811043421427409,0.5865381717681885,0.8538661321004232,0.6041014671325684,0.7684905370076497,0.6049704551696777,0.9745226542154948,0.5928518772125244,0.9599781036376953,0.5626703500747681,0.3916525681813558,0.6524363994598389,0.596865463256836,157.9970026136019,162.66245705173395,174.04334065253593,164.1506009028709,66.37404198924118,0.4942590157190959,105.72886259841783,0.6826780001322428,104.38152434881113,0.7253657976786296,93.36217141477074,0.8642343203226726,81.31427275977893,0.914194393157959
0.5077073574066162,0.38730284372965496,0.6332815170288086,0.6123520533243815,0.6498600482940674,0.5864635467529297,0.5818311691284179,0.8519943873087565,0.5979297637939454,0.7653572082519531,0.6031540393829345,0.9776243845621745,0.5912469863891602,0.9661610285441081,0.5578804016113281,0.38794504801432295,0.6415707826614381,0.5994078000386556,159.2087707749479,163.7388509749725,174.09309596029271,164.56729214768413,68.40788122712279,0.49367642402648926,104.7339148200977,0.6823825041453043,103.30658965765286,0.725701093673706,91.90610753029722,0.8657591183980307,80.36712775181869,0.9148093859354656
0.5058533191680908,0.39573961893717446,0.6311787605285645,0.6142412185668945,0.6685408592224121,0.5906790415445964,0.5679385185241699,0.8376190821329753,0.6058392524719238,0.7751375834147135,0.5997680187225342,0.9813674926757813,0.6001574993133545,0.9751102447509765,0.5598103284835816,0.3902952512105306,0.6498598098754883,0.6024601300557455,158.87780620719727,159.75243030458583,174.0304827413611,159.98385609691562,67.00209756068944,0.4963776906331381,104.3017529949186,0.6887988567352294,109.20657946180972,0.7200396060943604,91.62748705661345,0.8751239140828451,77.51472438366915,0.9094932874043783
0.5041436195373535,0.39484990437825523,0.6362392425537109,0.6125518798828125,0.6455644607543946,0.5962130864461263,0.5613990306854248,0.8393067042032878,0.6015339374542237,0.7760339736938476,0.6000266075134277,0.9798731486002604,0.6009594917297363,0.972796376546224,0.5532558679580688,0.39756991068522135,0.6409018516540528,0.6043824831644693,159.8131552659532,160.24710877681935,173.97960093402176,158.42178066531716,67.03304738460328,0.5009761969248453,102.91727574769496,0.6902082284291584,108.69679623009661,0.7218445936838785,90.16727393843794,0.8744151751200357,74.63443389377227,0.9095899264017742
0.5026114463806153,0.41836655934651695,0.6427464485168457,0.6115449905395508,0.640147590637207,0.6019118626912435,0.5558970928192138,0.8381397247314453,0.5824467182159424,0.7787445068359375,0.5970524787902832,0.9780638376871745,0.6058431148529053,0.9215080897013347,0.5512272596359253,0.40020392735799154,0.6414470195770263,0.6067284266153972,156.35369666471075,159.10032525084213,164.23982902043892,156.79242740644548,66.40199773069016,0.5034661769866944,108.93160639966271,0.6927364667256674,110.28873681341423,0.7224340756734212,80.69297911710738,0.8501262982686362,73.60999418710787,0.90810178120931
0.5034411430358887,0.41636088689168294,0.6387068748474121,0.6152122497558594,0.6366027355194092,0.6036472320556641,0.5550240039825439,0.8341955184936524,0.5789748668670655,0.7678550084431967,0.58896484375,0.9262143452962239,0.6034432411193847,0.8898998260498047,0.5508204221725463,0.4009920597076416,0.6376548051834106,0.6094297409057617,155.28712667155855,159.2590713508744,161.70870483013047,151.01565949332604,67.38356663890205,0.5052109003067017,110.32438137609812,0.6886423746744792,110.18497755296197,0.721812629699707,78.66325151588293,0.8288774172465007,69.75367083432538,0.8802049318949381
0.4991828441619873,0.4236592292785645,0.6350535392761231,0.6118658701578776,0.6361223220825195,0.5978600184122721,0.5540993213653564,0.8345902125040691,0.5733276844024658,0.7705665588378906,0.5773801803588867,0.9618900934855144,0.6018837451934814,0.8693077087402343,0.5427483797073365,0.41141414642333984,0.6355879306793213,0.6048629442850748,154.54056895503538,158.9329525493026,156.60672768745852,160.37644022054738,64.36281498950741,0.5081385453542073,110.59283514962281,0.6877147515614828,109.53055898887831,0.7197265783945719,73.87006644902442,0.8199371337890624,79.6361618377258,0.8982401529947917
0.49382553100585935,0.44529075622558595,0.6401233196258544,0.6192370732625325,0.6414135932922364,0.5985966364542643,0.5605507850646972,0.828506342569987,0.5714073181152344,0.7788806915283203,0.5816329956054688,0.9229332605997721,0.5973911285400391,0.8894910176595052,0.5411700010299683,0.4204091231028239,0.6407684564590455,0.6089168548583984,152.97842366296908,157.21340735236103,157.99170620771386,156.74926229444867,62.15017267161323,0.5146629889806111,112.20005241785324,0.6938987731933594,110.06762424296961,0.7187115987141928,76.78016937848494,0.8341858545939127,77.4142785767329,0.8757198015848795
0.48469972610473633,0.46000003814697266,0.6361295700073242,0.6173285166422526,0.6380844593048096,0.6047684987386067,0.5570008754730225,0.8508170445760092,0.5766311168670655,0.7847777048746745,0.5629063606262207,0.9793453216552734,0.6042817115783692,0.9756221771240234,0.5355874300003052,0.42434784571329753,0.6371070146560669,0.6110485076904297,154.3102375380963,158.651175470914,166.6111426764975,165.97840343299973,61.4646029300767,0.5176981767018636,109.19323191070968,0.6979131062825521,108.47436009789371,0.7309327761332194,81.75603876038866,0.880199940999349,87.36928263677197,0.9150811831156414
0.4869565486907959,0.47369378407796225,0.6369142055511474,0.6156195322672526,0.6438203811645508,0.6042179743448893,0.555994701385498,0.8434024810791015,0.5878588199615479,0.7814524332682292,0.5899482250213623,0.9685904820760091,0.6036752223968506,0.9677866617838542,0.5339079856872558,0.42920578320821123,0.640367293357849,0.609918753306071,154.27216458689063,157.07961159934098,169.29419544979527,156.8235490175699,59.49735596619036,0.5195622682571411,107.0199646501707,0.6956855932871502,109.86802658025492,0.7266606171925862,85.14825552091497,0.8746195475260417,74.82527908529065,0.9059964815775553
0.4864765167236328,0.475020694732666,0.6345489978790283,0.6186046600341797,0.6449635982513428,0.607072385152181,0.555348014831543,0.853954569498698,0.5972382545471191,0.8002832412719727,0.5488941669464111,0.9748128890991211,0.6033561706542969,0.9678847630818684,0.5350545644760132,0.4307798703511556,0.6397562980651855,0.6128385225931803,157.66707914815873,157.96068355910694,172.0558361356969,168.9655640372985,60.09683908124131,0.521809196472168,102.78013103301612,0.7065608819325765,109.2937861067793,0.7333965460459391,87.90947477917256,0.8840840021769205,93.05669782356001,0.9143837292989095
0.4848362922668457,0.4768713315327962,0.6292424201965332,0.6212343215942383,0.6548642635345459,0.6060885111490886,0.5608557224273681,0.8009807586669921,0.60511474609375,0.7881205876668295,0.5505695819854737,0.9767086664835612,0.603024959564209,0.9702873865763346,0.538174819946289,0.4209027131398519,0.6420533418655395,0.6136614163716634,157.71422803205013,153.14959932719844,174.4117853561836,169.2065276991593,61.679575142426096,0.5172820647557577,101.95479279753266,0.7008910020192465,113.43536328998847,0.7073210875193278,90.65725860489134,0.879203987121582,93.34995577023554,0.8888447125752768
0.4845186710357666,0.47916431427001954,0.626009178161621,0.6253573099772135,0.6607726097106934,0.6075538635253906,0.5625431060791015,0.7897977828979492,0.6065545082092285,0.7756633758544922,0.5610211849212646,0.9653088887532552,0.6059900760650635,0.9516475677490235,0.5400394439697266,0.4180974165598551,0.6433908939361572,0.6164555867513021,156.4347272167529,151.53078652429076,173.81701906622314,167.2117098061592,62.47893159345717,0.5172765016555786,103.02745742907737,0.6960594813028971,115.00461378179605,0.7031266848246256,90.18376348719455,0.8636554718017578,90.49682026205508,0.8775533358256022
0.47747049331665037,0.4767765045166016,0.6234920501708985,0.617941411336263,0.6599979400634766,0.6049325942993165,0.5608748912811279,0.7865990320841472,0.6052093029022216,0.7737007141113281,0.5604121685028076,0.9662739435831705,0.6059489250183105,0.9518046061197917,0.5293580770492554,0.4235508918762207,0.6417449951171875,0.6114370028177898,155.08791287672324,150.2563209860819,173.7584041501077,167.23768788492274,59.11360817239266,0.5174939473470053,102.68924152347938,0.692568858464559,114.78217567152052,0.6990180174509685,89.7620659402376,0.86275266011556,90.14755540130234,0.8764364878336588
0.47750034332275393,0.4766297658284505,0.622037696838379,0.6245529810587566,0.6509527206420899,0.6063330332438152,0.558186674118042,0.8230033238728841,0.5907598018646241,0.7890221913655598,0.5571571350097656,0.9710199356079101,0.6045544147491455,0.9593882242838542,0.5305541753768921,0.42223909695943196,0.6364952087402345,0.6154430071512859,155.91725155091004,155.38519519597222,170.06522539239415,167.82043293685555,61.2623702309774,0.5188410520553589,104.76105708450729,0.7022325992584229,110.67053114422444,0.719223165512085,85.37083441359304,0.874205207824707,90.39851807038868,0.8970116297403972
0.46954879760742185,0.47291205724080404,0.615268611907959,0.6246901194254557,0.6478803157806396,0.6084068298339844,0.5522380828857422,0.8254191080729166,0.6044361114501953,0.8025136311848958,0.5540862560272217,0.9780838648478191,0.603882122039795,0.9635675430297852,0.5239928245544434,0.4280719598134359,0.6315744638442993,0.6165484746297201,159.57243404974238,155.13546188174627,175.6345129672168,167.20917338858513,60.282448636699826,0.522310217221578,98.30270604376862,0.709531052907308,110.79853057027076,0.7209837913513184,90.19708388054673,0.8830405871073406,89.30640607303613,0.9017514864603678
0.46567625999450685,0.4711771329243978,0.614749813079834,0.629675547281901,0.6378383636474609,0.6180151621500651,0.5470311164855957,0.8550645192464192,0.5928731441497803,0.8150393803914388,0.5565724849700928,0.9636149088541667,0.6027307987213135,0.9590934753417969,0.5228652954101562,0.4273608366648356,0.6262940883636474,0.623845354715983,159.84852525889883,157.8442055358307,172.0648533692573,163.3804554503082,62.23783133525361,0.5256030956904093,99.91519293450575,0.7194423675537109,108.92194582025917,0.7394549369812011,86.08533951758186,0.8870664278666178,84.97672240977785,0.909339714050293
0.4655135154724121,0.4667307535807292,0.6084229946136475,0.6276339213053386,0.6462589740753174,0.6083862940470378,0.5456301212310791,0.8089850743611654,0.6143629550933838,0.7999127705891927,0.5493759632110595,0.9541926066080729,0.6019174098968506,0.9629552205403645,0.5270215749740601,0.4321123123168945,0.6273409843444824,0.6180101076761881,162.56052701642545,154.00902314542319,179.8501604362555,165.46548936248496,61.64656226528559,0.5250612099965413,94.08091035700662,0.7089614391326904,113.1642245005649,0.7134975910186767,94.36510283740543,0.8814339955647786,88.52229877620209,0.8815888404846192
0.460828161239624,0.45349769592285155,0.6006047248840332,0.6257840474446614,0.6450756549835205,0.6085783004760742,0.5426352500915528,0.8094764709472656,0.6100991725921631,0.8107914606730143,0.5405928134918213,0.968691062927246,0.6009542942047119,0.9575913747151693,0.5220145225524903,0.41841130256652836,0.6228401899337768,0.6171811739603679,163.58247391997548,154.34095477779013,179.88598750671957,167.56563707628757,63.103678139148386,0.5177962382634481,93.76506571917324,0.7139863173166912,112.64065449179982,0.7133288224538168,93.56462564028979,0.8841914176940918,90.73496139429808,0.8890837669372558
0.45911355018615724,0.45257542928059896,0.5953289031982422,0.6263069788614909,0.6403735160827637,0.6073331832885742,0.5406498908996582,0.7897061030069987,0.5970373153686523,0.7811234792073568,0.5423658847808838,0.9669963200887044,0.5983223915100098,0.9513896306355795,0.5137151956558228,0.41774881680806475,0.6178512096405029,0.6168200810750326,159.86553486326875,151.79535434447754,176.22700773014114,167.2806975173749,62.38551920942292,0.5172844489415487,97.21975204128869,0.6989717801411948,114.06289219509206,0.7032630920410157,89.56757088472854,0.8662565549214681,89.44545086261417,0.8783512115478516
0.45853519439697266,0.44034315745035807,0.5889781951904297,0.6310145060221354,0.6355851650238037,0.606291389465332,0.5320981025695801,0.8034645716349283,0.5930872440338135,0.7703390757242838,0.5406243324279785,0.9774267832438152,0.6023787975311279,0.951689084370931,0.511376929283142,0.4165573914845785,0.6122816801071167,0.6186529477437337,159.78296296375984,153.4799921202911,175.36379101882966,165.8990942942166,63.46739755467688,0.5176051696141561,97.21190515246005,0.6944960117340088,113.4544079250593,0.711058759689331,87.06698829081164,0.8610140800476074,87.19406659089081,0.8904456774393718
0.4603724956512451,0.42607409159342446,0.5814254283905029,0.6247416178385417,0.6286501884460449,0.6032725652058919,0.525681734085083,0.8253420511881511,0.5978137969970703,0.795065180460612,0.5369750022888183,0.9777755737304688,0.5968071937561035,0.9613195419311523,0.510399866104126,0.4243759791056315,0.6050378084182739,0.6140070915222168,164.44640116681023,157.2362552592295,178.9893566585216,165.16512043301435,63.47789679094091,0.5191915353139241,92.2848244060614,0.7045361359914144,110.58110880813126,0.719674571355184,90.3468986444313,0.8781923611958822,85.76289637255812,0.9015588124593099
0.45256433486938474,0.4194098154703776,0.5772695541381836,0.6227694193522135,0.6264599800109864,0.5957640965779623,0.5262826442718506,0.7986182530721029,0.5958898544311524,0.7951315561930339,0.5393800258636474,0.9693585077921549,0.598397970199585,0.9612906773885092,0.5080121278762817,0.419264268875122,0.6018647670745849,0.6092667579650879,164.99940162901302,155.4825819813778,178.57096402572105,165.769268672089,63.71271041512167,0.514265513420105,91.84122776271862,0.7021991570790609,111.76005881142603,0.7039425055185954,89.13520525251285,0.8782111167907716,85.61346591463743,0.8839883804321289
0.44734768867492675,0.4215768178304036,0.5774366378784179,0.627648671468099,0.621947193145752,0.606267801920573,0.5255992889404297,0.7904287974039713,0.5912527084350586,0.7788675944010417,0.5400946617126465,0.973547617594401,0.5976737022399903,0.9580921173095703,0.5015662431716919,0.4151810487111409,0.599691915512085,0.616958236694336,163.16331697524762,153.207186658014,177.60919943424682,165.9857782710265,64.0660177632666,0.5160696427027385,92.9837297846515,0.6979129155476889,113.12826379899239,0.7036935170491536,87.94816826765947,0.868479855855306,85.47400164876963,0.8819882074991862
0.444442081451416,0.4188265164693197,0.5737055778503418,0.6241401672363281,0.6164646625518799,0.6002905527750652,0.5209220886230469,0.7829407374064128,0.5835145473480224,0.7787152608235677,0.5389817714691162,0.9662900924682617,0.5971356868743897,0.9618863423665365,0.49955272674560547,0.41029122670491536,0.5950851202011109,0.6122153600056967,163.18659889615105,153.2378963526991,176.08313959940585,165.37088587215098,64.6806852342075,0.511253293355306,93.97526297960292,0.6954653104146322,113.48010599582813,0.6975780487060548,85.74714526432737,0.8703008015950521,84.3745829396531,0.8746154149373373
0.44720020294189455,0.41544516881306964,0.5703310489654541,0.6333845774332683,0.613126564025879,0.6035824457804362,0.5194615364074707,0.8115812301635742,0.582918119430542,0.798378054300944,0.5387954235076904,0.971087392171224,0.5970487594604492,0.970252799987793,0.49755301475524905,0.4085941950480143,0.5917288064956665,0.6184835116068522,164.84296911107694,156.36968077901776,176.16645382385377,164.55127394559486,65.83457717275402,0.5135388533274332,92.80393232244784,0.708430782953898,110.51847883391862,0.7150323708852132,85.3000120200868,0.8843154271443685,83.08884125483571,0.891334311167399
0.4429356098175049,0.40629056294759114,0.5683493614196777,0.6332466761271159,0.607560396194458,0.6042820612589518,0.5173120975494385,0.8108447392781576,0.5796677589416503,0.7959494908650716,0.5400867462158203,0.9713771184285481,0.5969668865203858,0.9684865315755208,0.49473199844360355,0.4030516942342123,0.5879548788070679,0.6187643686930339,165.12380930615615,156.63831351252486,175.75060354170634,164.19456308584705,66.62782053784754,0.5109080314636231,92.67782766440146,0.7073569297790527,110.19237152244663,0.7148045539855957,84.2744724462464,0.8822180112202962,81.92536120367832,0.8911109288533529
0.4379152774810791,0.4057278315226237,0.567542552947998,0.6309064229329427,0.6050898551940918,0.6022161483764649,0.5170876026153565,0.7955532073974609,0.5756754875183105,0.7920459111531576,0.5386515140533448,0.970954958597819,0.5938275814056396,0.9694674809773763,0.49553542137145995,0.40121561686197915,0.5863162040710449,0.6165612856547038,164.94213193422195,155.72671477686404,175.37768353903462,165.3311090996885,67.14173407709909,0.5088884512583415,93.46994839866841,0.7043035984039308,111.14494614440784,0.7060572465260824,84.15836448566827,0.880756696065267,82.99121995137664,0.88325408299764
0.4389806270599365,0.39935855865478515,0.561391544342041,0.629302978515625,0.6014699935913086,0.597726313273112,0.51651611328125,0.7929231643676757,0.5730321407318115,0.783990987141927,0.539056396484375,0.9715053558349609,0.5901376724243164,0.9656288146972656,0.4949682950973511,0.4005500475565592,0.5814307689666748,0.6135146458943685,165.672118961654,156.96522693677323,176.0365960323962,166.05574911945794,67.9031138660194,0.5070323467254638,92.82043362506892,0.6987528165181478,109.89143803189242,0.7032189051310221,84.62010324521874,0.8748099009195963,82.80628257088034,0.8822142601013183
0.4374529361724854,0.3898225466410319,0.558253812789917,0.6260595321655273,0.6013482093811036,0.5857267379760742,0.5138952255249023,0.8096794128417969,0.5716171741485596,0.7807380040486653,0.5359952926635743,0.974934450785319,0.5858551979064941,0.955576769510905,0.4901584148406982,0.39868046442667643,0.5798010110855103,0.6058931350708008,165.28429888765652,158.77307541868478,176.33626354332523,165.6134396961115,66.60613321644257,0.5022867997487386,92.67984610043492,0.6933155695597331,107.92153907410977,0.7077862739562988,85.34438212216922,0.8681573867797852,82.38285342339438,0.8923069318135579
0.43806777000427244,0.38755229314168294,0.5582070350646973,0.6260318120320638,0.5980336189270019,0.5862431844075521,0.512327003479004,0.8089519500732422,0.5644045829772949,0.7440776189168294,0.5344361305236817,0.9689465204874674,0.5812195301055908,0.9367837270100912,0.4881781816482544,0.39823198318481445,0.5781203269958496,0.606137498219808,161.89200013411747,158.66194957365656,175.5502029766133,165.26663512843075,66.60617578825897,0.5021847407023112,95.67840324470954,0.6751075585683187,107.97314348147653,0.7075447241465251,85.01317565676666,0.8404306729634603,82.13231024903145,0.8889492352803547
0.4430959701538086,0.381466547648112,0.5500738143920898,0.6208300908406575,0.5964985370635987,0.5855676651000976,0.5146025657653809,0.8092433293660481,0.5680075645446777,0.7749811808268229,0.5349517345428467,0.9566582361857097,0.5715566635131836,0.9451717376708985,0.48829760551452633,0.3951321125030518,0.5732861757278442,0.6031988779703776,166.38859103796167,160.46786407256238,178.51557711969002,165.95073310902308,67.78156714986267,0.4991654952367147,91.76005909032676,0.6890900293986002,105.89750612081689,0.7062211036682129,88.80534545319992,0.8600764592488607,82.14055434819169,0.8829507827758789
0.44241743087768554,0.3725885391235352,0.549831771850586,0.6099971771240235,0.5966429710388184,0.5798875172932942,0.5163467407226563,0.7973385492960612,0.5683445453643798,0.7707375208536784,0.5352587223052978,0.9555972417195638,0.5659607887268067,0.9461604436238606,0.49018635749816897,0.39161319732666017,0.5732373714447021,0.5949423472086588,166.7571321789094,160.61088485169378,179.59163135689965,167.17408620194655,67.78214503617222,0.49327777226765945,91.59427545176212,0.6828399340311686,105.69990137191752,0.69614044825236,90.77852305165653,0.8584489822387695,83.18544525763139,0.8764678955078125
0.4365743637084961,0.37594722112019857,0.5648036479949952,0.5931783040364583,0.5668886661529541,0.5818390528361003,0.5648042678833007,0.7733306884765625,0.5149377346038818,0.7423832575480144,0.555879545211792,0.940908940633138,0.5374003410339355,0.9401948928833008,0.48194260597229,0.39411775271097815,0.5658461570739746,0.5875086784362793,156.39179974005697,167.35280950333967,168.9103035764258,178.5669063001618,66.5461651309949,0.4908132155736287,108.19607764189769,0.6649459679921468,90.32124949988909,0.6804196834564209,83.52149834756275,0.8412890752156577,93.04852394836804,0.8571198145548502
0.4392092704772949,0.36961917877197265,0.572752571105957,0.5850621541341146,0.55232834815979,0.5778484980265299,0.559257698059082,0.7862372716267904,0.5146095275878906,0.7665550231933593,0.5474689483642579,0.9510526657104492,0.5377617359161377,0.9279336293538412,0.4766119956970215,0.39080066680908204,0.5625404596328736,0.5814553260803222,159.70802262941842,167.27678112930883,167.74516266051882,178.24389723039883,65.73880820632712,0.48612799644470217,104.51766650948645,0.6740051746368407,90.91840261505604,0.6838462988535563,81.83576020633079,0.8472443262736002,94.09122731021537,0.8686449686686197
0.4395424842834473,0.37256104151407876,0.5609131336212159,0.596040153503418,0.572012996673584,0.5745055516560872,0.5501091957092286,0.7651777267456055,0.5173001766204834,0.729947853088379,0.5522494792938233,0.9229986826578777,0.5384771347045898,0.9128705342610677,0.4827871084213257,0.39039476712544763,0.5664630651473999,0.5852728525797526,155.42765252438807,164.62251234986715,168.5134716366911,176.81309526139626,66.76247950506824,0.4878338098526001,108.76858572647838,0.6576103528340658,95.1940754129108,0.675225289662679,83.39626572537387,0.8214091936747233,89.22303284274521,0.8440882047017415
0.4433563709259033,0.3827803293863932,0.5649442672729492,0.6009436289469401,0.5630803585052491,0.584010632832845,0.5309384346008301,0.7491878509521485,0.5143278121948243,0.7264373779296875,0.5530012607574463,0.9175804138183594,0.531492805480957,0.8828591664632162,0.4842167139053345,0.3938663482666016,0.5640123128890991,0.5924771308898926,154.47721793063258,160.59165855538168,167.347830275338,170.59578206929763,68.11128182828648,0.4931717395782471,110.34930783300891,0.6594572544097901,101.91741477075608,0.6708324909210206,83.73768631216315,0.8046482721964519,82.53561404421869,0.833384132385254
0.444165563583374,0.3702683130900065,0.5553805828094482,0.6152640024820963,0.5774608612060547,0.5908912658691406,0.530742073059082,0.7611813227335612,0.5192595958709717,0.7396315256754558,0.5510390281677247,0.9317387262980144,0.5350996017456054,0.9008645375569662,0.48986680507659913,0.38983219464619956,0.5664207220077515,0.6030776341756185,156.14366503026912,161.00190008500428,168.38482588698122,170.53395987389385,70.25214661358567,0.49645491441090905,109.05319255544666,0.6713545799255372,102.71670615737219,0.6821294784545899,84.38909920541981,0.820248031616211,83.21350896123502,0.8464600245157878
0.4458180904388428,0.375019900004069,0.5511117935180664,0.6164979298909505,0.5915297508239746,0.5929257710774739,0.5030915260314941,0.8126564661661784,0.5383780002593994,0.7622787475585937,0.5379853248596191,0.9679104487101237,0.5465655326843262,0.9526226043701171,0.4939298391342163,0.39117116928100587,0.5713207721710205,0.6047118504842122,161.36129961689633,160.58946209887537,173.46700887111277,162.0890028224221,70.07858473324754,0.497941509882609,101.80882597294554,0.6834952990214029,108.16531452820473,0.7086841583251953,87.536973042701,0.8574506759643554,77.33308718066722,0.8902834574381511
0.44586682319641113,0.38028945922851565,0.555010986328125,0.6173891067504883,0.5968617916107177,0.5912146250406901,0.495652437210083,0.8025721867879232,0.5506528377532959,0.7538997650146484,0.5423343658447266,0.9576892217000326,0.5524111747741699,0.9220446268717448,0.49310700893402104,0.39641690254211426,0.5759363889694213,0.6043018658955892,161.26234792229658,157.59683219496858,175.16649344680806,157.8193470709626,68.27575737224981,0.5003593842188517,99.59291056712694,0.6791008154551188,112.04409236378748,0.7034370263417562,89.40086412950232,0.8379721959431966,73.25101606275753,0.8801307042439779
0.4432521820068359,0.3872438748677572,0.5531465530395507,0.6166011174519856,0.5969961643218994,0.5931737263997395,0.4891044616699219,0.8016519546508789,0.5515362739562988,0.7694452285766602,0.5358095645904541,0.9556830088297527,0.5533869743347168,0.9301965077718098,0.4905076026916504,0.39639918009440106,0.575071358680725,0.6048874219258626,162.56971337350024,156.59774682224477,175.5268247819102,156.74562319101213,67.92230711400916,0.5006433010101319,98.13925583854882,0.6871663252512614,113.60063241757527,0.7032696882883708,89.34039320355987,0.849820868174235,73.13171289441003,0.8786674817403157
0.4434870719909668,0.39225282669067385,0.555271053314209,0.6055915832519532,0.5920853614807129,0.590533192952474,0.4867161750793457,0.798060417175293,0.543843936920166,0.7548641204833985,0.5284532070159912,0.9466892878214518,0.5483563899993896,0.9286581039428711,0.4905495882034302,0.3996052900950114,0.5736782073974609,0.5980623881022136,160.6956052026919,157.0511080883582,174.13269453763118,156.92321113301935,67.27243265022793,0.49883383909861245,100.77275786356864,0.676463254292806,113.50009981984422,0.6980614026387533,88.51268475550991,0.8417611122131348,74.31452734941298,0.8723748524983723
0.4404277801513672,0.405819574991862,0.5644882202148438,0.5935174306233724,0.5707431316375733,0.5798587799072266,0.49499311447143557,0.7555044809977214,0.5214588165283203,0.7367963790893555,0.538877534866333,0.949123764038086,0.5471242904663086,0.9162982940673828,0.4852751970291138,0.4018485864003499,0.5676156759262085,0.5866881052652995,156.74221957586855,155.14926399923036,168.30549175994022,162.69589932862382,65.98845730685552,0.4942683458328247,107.09216260089273,0.6617422421773275,113.27673260367513,0.6710962931315104,81.86290859907768,0.8265473365783691,77.22949404213051,0.8523141225179036
0.4434652328491211,0.4189960479736328,0.5733195304870605,0.598919932047526,0.5628664016723632,0.5933083852132162,0.4947402000427246,0.762061882019043,0.5167996406555175,0.7460299809773763,0.5443187713623047,0.9487313588460287,0.5492269039154053,0.9270233790079753,0.48754966259002686,0.40404799779256184,0.5680929660797118,0.5961141586303711,156.22309208051848,155.00284928144737,166.5794414789047,161.26873262288169,67.24916836914491,0.5000810782114664,108.88825432948124,0.6710720698038737,113.8465471160291,0.679088020324707,79.84250204120326,0.8365266799926758,75.12589732971114,0.8553966204325358
0.4472523212432861,0.4189581871032715,0.5643342018127442,0.5943203608194987,0.5969223022460938,0.5798953374226888,0.49449915885925294,0.7630348205566406,0.5497897624969482,0.7502200444539388,0.5080889225006103,0.9577868143717448,0.5522292613983154,0.931471316019694,0.4945554733276367,0.4053729057312012,0.580628252029419,0.5871078491210937,160.19406076326615,153.92389965343946,174.51448647383071,164.93591674330105,64.65696416028784,0.49624037742614746,100.70614549391281,0.6686639467875162,116.08512166307064,0.6750713348388672,89.22889063943937,0.8408456802368164,86.00837978492855,0.8604108174641927
0.4459622859954834,0.43593635559082033,0.569406270980835,0.5813643773396809,0.5817266941070557,0.5660742441813151,0.48963489532470705,0.7753413518269857,0.5516203880310059,0.7500141779581706,0.501533842086792,0.9538883209228516,0.5495325088500976,0.9313147862752279,0.4865281343460083,0.4048288822174072,0.5755664825439453,0.5737193107604981,161.58589063070008,156.43581537316845,176.49584541373466,165.1676187587297,62.201983849912466,0.48927409648895265,97.73513502909542,0.6618667443593343,113.08376862183289,0.6745303312937418,90.65979578554968,0.8406644821166993,86.18726203705785,0.8646148363749186
0.4442303657531738,0.44141349792480467,0.5671091079711914,0.5899958928426107,0.5834206104278564,0.5758107503255209,0.492899751663208,0.7738610585530599,0.5548044681549072,0.7553431828816731,0.4991597175598145,0.9661879221598307,0.5461350440979004,0.934501584370931,0.4864746809005737,0.4128279685974121,0.575264859199524,0.5829033215840658,161.9512961040922,155.64864146560797,178.03424320530584,166.90516230541635,62.432570227813365,0.49786564509073894,96.76664154755997,0.6691232522328694,113.33181048750144,0.6783821900685628,92.77036548210492,0.844922383626302,88.13576200375509,0.8700244903564454
0.44468045234680176,0.4479496002197266,0.5672296047210693,0.5884840011596679,0.5966912269592285,0.5719538370768229,0.49661898612976074,0.7583183288574219,0.5570309162139893,0.7419373830159505,0.4907228469848633,0.9568158467610677,0.5473409652709961,0.9337552388509115,0.4874986171722412,0.41452271143595376,0.5819604158401489,0.5802189191182454,159.24697873991005,152.87764288145274,177.2991570253455,168.0828386466007,60.31295545887967,0.4973708152770996,98.763375158942,0.661078151067098,115.60274462507202,0.6692686239878336,92.8919192356436,0.837846310933431,91.70140457417303,0.8575670878092447
0.443562650680542,0.455949592590332,0.5718143939971924,0.5912711461385091,0.5989569187164306,0.5734606424967448,0.5040959358215332,0.7524620056152344,0.5590367794036866,0.7464352289835612,0.5037851333618164,0.9253832499186198,0.5495049476623535,0.932176144917806,0.48749628067016604,0.4232180118560791,0.5853856563568115,0.5823658943176269,158.39586871397444,151.57038279535018,177.08126464493745,166.72159280307955,58.40497681457873,0.502791953086853,99.12356907825222,0.664400561650594,115.54335181981784,0.6674139499664307,92.93772141748009,0.8393056869506836,90.102981273931,0.838922627766927
0.45058555603027345,0.4694475809733073,0.5747952461242676,0.593293825785319,0.5643648147583008,0.594879150390625,0.5142196178436279,0.7415924072265625,0.5193845748901367,0.7374690373738607,0.5458585262298584,0.9308979670206706,0.549772310256958,0.9361408233642579,0.4939186811447144,0.42348855336507163,0.5695800304412841,0.5940864880879719,156.0689206779837,155.7768126810469,167.9895644521441,166.48310307938704,66.08238671121362,0.5087875207265218,109.29416255595108,0.6657777627309163,110.57160397949515,0.6678394476572672,81.30375353575737,0.8368049303690592,80.51177062670943,0.8362451871236165
0.4638495445251465,0.48837334314982095,0.571052360534668,0.5884169260660808,0.5612024307250977,0.5847888946533203,0.5118973255157471,0.7236377080281575,0.514704418182373,0.7213137308756511,0.5497822761535645,0.931537119547526,0.5509369850158692,0.9345937093098958,0.4978273153305054,0.42723568280537927,0.5661273956298829,0.5866029103597006,155.82211772977658,155.69158905071953,167.8590150781996,166.95946441465134,66.80145810823466,0.50691929658254,110.89328744478892,0.6539583206176758,111.59065790182832,0.655120309193929,80.35848990034671,0.8279537200927735,79.67246393667372,0.8275874137878418
0.46971917152404785,0.50375337600708,0.5616806983947754,0.5844523111979166,0.5546242237091065,0.5821588516235352,0.509934949874878,0.7232573827107748,0.5178269386291504,0.7113701502482096,0.5494629859924316,0.9210863749186198,0.5515688419342041,0.9235361735026042,0.4925715923309326,0.4453486283620198,0.5581524610519409,0.583305581410726,157.0983553082332,157.4145496075107,169.85505903544828,167.22696430053873,64.57489540562845,0.5143271048863729,107.47839652612025,0.6473378658294677,109.01033580794986,0.6532814820607504,80.96362048576002,0.8174531618754068,78.70058409330667,0.8221718788146972
0.4689971923828125,0.5064351399739583,0.5619316577911377,0.589407475789388,0.5617170810699463,0.5849015553792317,0.49832353591918943,0.7349553426106771,0.5426727771759033,0.7293842951456706,0.48061842918395997,0.940785026550293,0.5476202964782715,0.9274632771809895,0.4922535181045532,0.4423996130625407,0.561824369430542,0.5871545155843099,162.36671705435143,155.56119163935526,176.17912300708434,171.9834798182104,64.33053164923177,0.5147770643234253,97.66889171490718,0.6582694053649902,113.25019205966694,0.6610549290974934,88.56919172450236,0.8284237861633301,94.91638017270365,0.837870184580485
0.4544675827026367,0.5131086349487305,0.5532473087310791,0.5867087046305338,0.5914443492889404,0.5650040944417317,0.49260149002075193,0.7572191874186198,0.5494565963745117,0.7436907450358073,0.48290457725524905,0.9426507314046224,0.5481868743896484,0.9304968516031901,0.48269004821777345,0.44179932276407874,0.5723458290100097,0.5758563995361328,159.7630771808975,154.4653268390797,176.49232927615074,169.28958788255085,56.22586449327104,0.5088278611501058,97.76608130532142,0.6597735722859701,113.73485949054833,0.6665377934773763,90.38943368569453,0.8370937983194987,92.99348506448831,0.8499349594116211
0.4506678581237793,0.4918267567952474,0.5547508716583252,0.5829849243164062,0.5876768112182618,0.5613719304402669,0.49220595359802244,0.7610282897949219,0.5553394317626953,0.7484015782674154,0.4835014820098877,0.9435590108235677,0.5460054397583007,0.9273568471272786,0.47720134258270264,0.4350883007049561,0.5712138414382935,0.5721784273783366,160.84911742040893,154.6616018982893,178.92604339841557,169.4416757674787,55.55878187312537,0.5036333640416464,95.14738497034979,0.660290002822876,112.70265413548019,0.6666033585866292,92.98574147364513,0.837879212697347,92.73023598780198,0.8522936503092449
0.4212151527404785,0.45828272501627604,0.5491858005523682,0.590537961324056,0.5802839756011963,0.5637886683146159,0.48619561195373534,0.7858341217041016,0.558774757385254,0.7737480163574219,0.4852269649505615,0.9500903447469076,0.5479040145874023,0.9337154388427734,0.4699011087417603,0.4277360280354818,0.5647348880767822,0.577163314819336,163.8583103030521,156.7693972200094,178.81500005352567,168.30262861403412,57.598813807285076,0.5024496714274089,91.73658354806714,0.675455665588379,110.6252755505682,0.6814987182617188,93.88761378625553,0.8537317276000976,90.33787908150312,0.8679622332255046
0.43109703063964844,0.45415029525756834,0.5493085861206055,0.5818106969197591,0.5526289939880371,0.5775780995686849,0.4848287105560303,0.7840884526570638,0.5562479496002197,0.7760501225789388,0.4805572509765625,0.9489575068155924,0.5472720623016357,0.9281944274902344,0.46809203624725343,0.4203259309132894,0.5509687900543213,0.579694398244222,167.6213876121804,159.4345703378873,177.23144291113846,170.68846488255488,62.524110740461154,0.5000101645787557,88.45993431598619,0.6778722604115803,107.93111486049663,0.681891425450643,93.37630152741819,0.8521222750345866,91.48409821964404,0.8665229797363281
0.4270166397094727,0.4445479075113932,0.5323087692260742,0.5875809987386068,0.5515305042266846,0.5766928354899089,0.48593578338623045,0.7527119318644205,0.5530611515045166,0.7583391825358073,0.48109259605407717,0.9465065638224284,0.5443473815917969,0.9198198954264323,0.46573052406311033,0.4163433710734049,0.5419196367263794,0.5821369171142579,169.2933816622473,158.3922615943965,176.49930307438788,171.9541678319376,65.3192278018547,0.4992401440938314,86.38192483049633,0.6702380498250327,108.17017965259511,0.6674244244893393,93.08878058114232,0.8390795389811199,91.43160025187169,0.8496092478434245
0.41951684951782225,0.4369539260864258,0.5226611614227294,0.5952743530273438,0.5460038661956788,0.5853673934936523,0.4796186923980713,0.7775371551513672,0.5533141613006591,0.7771154403686523,0.48186616897583007,0.9509597142537435,0.5456061363220215,0.9304268519083659,0.45577049255371094,0.4179210186004639,0.5343325138092041,0.5903208732604981,170.60937790714635,159.91498145811167,175.22325851607602,170.98009926016283,65.50140869968666,0.504120945930481,84.19764794118142,0.6837181568145752,106.29096346710543,0.6839290142059327,92.87823156584133,0.8537711461385091,89.25751462300295,0.8642484347025554
0.4167490482330322,0.4353120485941569,0.5334719181060791,0.5836029052734375,0.5320336818695068,0.587184460957845,0.48166403770446775,0.7370229085286458,0.4877025127410889,0.7057472864786783,0.5448292255401611,0.9230489095052083,0.5468719482421875,0.9249465306599934,0.454139518737793,0.40754164059956866,0.532752799987793,0.5853936831156412,153.05671191800755,156.6043330216653,167.27500160434698,163.293407099795,66.15384948490001,0.49646766185760494,110.5216821427055,0.6455704847971597,108.62032580238335,0.6612082958221435,74.8939235145723,0.8153469085693359,71.24506501717968,0.8300359090169271
0.3985291004180908,0.4427542050679525,0.5350437641143799,0.5826908111572265,0.5221702575683593,0.5884538014729818,0.4787864685058594,0.7626870473225912,0.48764591217041015,0.7414511998494466,0.48064889907836916,0.9428261439005534,0.547254991531372,0.9233437220255534,0.4414027690887451,0.4281682014465332,0.5286070108413696,0.5855723063151042,156.88025380632374,157.91270275287076,165.01523283961868,171.7619145480465,61.012887739304055,0.5068702538808187,104.7230512319454,0.6635117530822754,105.7107427049837,0.6741296768188476,71.85520517499512,0.8323974609375,89.40764880254798,0.8527565956115724
0.39278373718261717,0.44081945419311525,0.521332836151123,0.5979634602864583,0.5642390251159668,0.5723847071329753,0.47370543479919436,0.7606049219767252,0.5426939487457275,0.7531521479288737,0.4789443016052246,0.9437275568644206,0.5469247341156006,0.9318791071573893,0.4364389181137085,0.42323894500732423,0.542785930633545,0.5851740837097168,162.1164514604382,152.20314052728952,179.32789803399623,168.26539988004154,56.70605398331349,0.5042065143585205,90.03137417651129,0.6691631158192952,111.49334164753859,0.672889502843221,88.64396012612707,0.8425156275431316,88.36129974828232,0.8521662394205729
0.3870552062988281,0.44235137303670247,0.5197836875915527,0.607602055867513,0.5614350318908692,0.5768193562825521,0.46955623626708987,0.7637847264607748,0.5397082328796386,0.7530220031738282,0.47864584922790526,0.9337415059407552,0.5492153644561768,0.927016003926595,0.43841729164123533,0.4162147521972656,0.5406093597412109,0.5922107060750326,162.94087824834185,152.38483625656065,178.3448714155455,166.65538204190244,59.85840285744521,0.5042127291361491,90.3210609360303,0.6726163546244304,112.49567792304103,0.6779977162679036,86.87243595254508,0.8400190035502115,86.9386289569987,0.8487631162007649
0.3887538194656372,0.41451409657796223,0.512303352355957,0.6087804794311523,0.5599530220031739,0.5788052241007487,0.46541457176208495,0.7743552525838217,0.5360119819641114,0.7555171966552734,0.47933187484741213,0.9338045120239258,0.5469374656677246,0.9258554458618165,0.44245152473449706,0.4094000021616618,0.5361281871795655,0.5937928517659505,164.8324678565601,155.0128948366914,178.1945095794462,165.52840245325848,63.06817211563359,0.5015964269638061,90.04116923312712,0.674655024210612,111.38679102402767,0.684074052174886,86.33007969436042,0.8406863212585449,85.0116610518447,0.8540798823038738
0.3834484815597534,0.41755921045939126,0.510362958908081,0.6038106918334961,0.5574058532714844,0.5753204981486003,0.4662782192230225,0.778875223795573,0.5327983379364014,0.758845329284668,0.47942028045654295,0.9410376866658529,0.5464258670806885,0.9280028025309245,0.4381500959396362,0.40253005027770994,0.5338844060897827,0.5895655949910482,164.75642387888877,156.07300327636955,177.5163677245834,166.55823267130555,62.89432288801646,0.4960478226343791,90.36759431316591,0.6742054621378581,109.65264438708506,0.6842204093933106,85.39413021940197,0.8434240659077963,85.36672922285544,0.8599564552307128
0.38359024524688723,0.4151852289835612,0.509312629699707,0.5952241897583008,0.5499917030334472,0.5676129659016927,0.4624955654144287,0.7672423044840495,0.5284765243530274,0.7512133280436198,0.4782397270202637,0.9255497614542644,0.547824764251709,0.9256120045979818,0.4339576244354248,0.40799018541971843,0.5296521663665772,0.5814185778299967,164.2064775955121,155.58829763243446,176.69162182197238,165.82341744174553,61.110907927225746,0.4947043816248576,90.39670395657001,0.6663159529368083,109.8698301099357,0.6743304411570231,83.66934654332596,0.8384126663208008,84.32043541136488,0.8463960329691569
0.3788032531738281,0.4125521977742513,0.5090651035308837,0.5986151377360026,0.5535371780395508,0.5670845031738281,0.4615819454193115,0.7667552947998046,0.5274807929992675,0.7493816375732422,0.4812443256378174,0.9390143712361654,0.5450565338134765,0.9245741526285808,0.43320748805999754,0.4019571940104167,0.5313011407852173,0.5828498204549153,163.50423274536553,154.79052702881899,176.57619229510192,165.48801840967985,61.53010461133317,0.492403507232666,91.31417180027529,0.6661157290140787,110.76188958028223,0.67480255762736,84.27111583546254,0.8369778951009115,83.48820012351925,0.852884833017985
0.3777101993560791,0.42006117502848306,0.5062745571136474,0.594213358561198,0.5493457317352295,0.561558214823405,0.46118717193603515,0.7661542892456055,0.5254838466644287,0.753245989481608,0.4805694580078125,0.9405821482340495,0.5406064510345459,0.9112860997517903,0.4290743350982666,0.39764358202616373,0.5278101444244385,0.5778857866923015,164.07081160286785,155.53224890316508,176.73210306324324,166.23843219955276,61.286284950710154,0.4877646843592326,90.76003120168073,0.6655658880869548,109.48745132023805,0.6720200379689535,84.53410073974321,0.8322660446166992,83.6593498231969,0.8533682187398275
0.3817023277282715,0.429358704884847,0.5066762924194336,0.5956754684448242,0.5499884128570557,0.5624978383382161,0.4594420909881592,0.7735158920288085,0.5250183582305908,0.7518678665161133,0.48453221321105955,0.9479160308837891,0.5387602806091308,0.9113761266072591,0.43499197959899905,0.40195212364196775,0.5283323526382446,0.5790866533915202,164.47303296391846,156.72489912433778,176.8734936975385,165.04088687026265,62.213180554230355,0.490519388516744,91.09881514470422,0.6654772599538168,109.51027888357602,0.6763012727101644,85.07602405881572,0.8316219965616862,81.813299721368,0.8607159614562988
0.37658350467681884,0.40027252833048504,0.5068862438201904,0.5874456405639649,0.5424353599548339,0.5608252207438151,0.45934185981750486,0.7741292317708334,0.5249533176422119,0.7542152404785156,0.4810689926147461,0.9365592320760091,0.5403555393218994,0.9233078638712565,0.42493772506713867,0.398571236928304,0.5246608018875122,0.5741354306538899,164.38581745658658,156.67856645652435,177.36905440286637,165.5226608467077,60.40277977879746,0.48635333379109696,89.9069306911142,0.6641753355662028,108.08728812046404,0.6741323312123617,84.79543384687734,0.8387615521748861,82.38116691465224,0.8553442319234212
0.37700719833374025,0.3992568651835124,0.505488920211792,0.5873961130777995,0.5419133186340332,0.5581783930460612,0.4576557159423828,0.7821402231852214,0.5244100093841553,0.7609082539876302,0.4804829120635986,0.9370931625366211,0.5377566337585449,0.9103520711263021,0.42072458267211915,0.3973288853963216,0.5237011194229126,0.5727872530619303,164.2988348139676,157.00886949755414,177.28083425100849,164.85416469031384,59.59132238612007,0.485058069229126,89.78409528722725,0.6668477535247803,107.50912680822606,0.6774637381235759,84.89653147465793,0.8356301625569662,81.61963731344072,0.8596166928609212
0.37753806114196775,0.3916460037231445,0.5038485527038574,0.5871817270914713,0.536048698425293,0.5595952987670898,0.4571115493774414,0.7751718521118164,0.5229055404663085,0.7353436152140299,0.4800750732421875,0.9314298629760742,0.5310308456420898,0.8887224197387695,0.420639967918396,0.40039180119832357,0.5199486255645752,0.5733885129292806,164.06778949953926,157.14474402308795,178.98036437712176,165.28510677851554,60.14204737535064,0.4868901570638021,88.95403157479836,0.6543660640716553,107.29704007129052,0.6742801825205484,86.96756715801999,0.8120330174763997,81.63971132923761,0.8533008575439454
0.3786364793777466,0.4024163246154785,0.5103613853454589,0.5776022593180339,0.5248688697814942,0.5487621943155925,0.4554121494293213,0.7883304595947266,0.523621940612793,0.7692579905192057,0.47759442329406737,0.9312100092569987,0.5276236057281494,0.8830635070800781,0.42022271156311036,0.4036858876546224,0.5176151275634766,0.5631822268168132,165.8764735860257,159.32863169216702,179.77826915570697,164.96902312108907,58.59072706095932,0.48343405723571775,88.33038292555449,0.6662201086680095,105.44418055310582,0.6757563432057698,87.98617758896124,0.8261607487996419,81.17519203234123,0.8597702344258626
