0,1,2,3,4,5,6,7,8,9,10,11,12,13,14,15,16,17,18,19,20,21,22,23,24,25,26,27,28,29,30,31
0.9372275352478028,0.22270212173461915,0.929377555847168,0.5249690373738607,0.9385376930236816,0.5099303881327312,0.8849404335021973,0.6423518498738606,0.8856465339660644,0.6316687901814778,0.9105388641357421,0.7494826634724935,0.9166092872619629,0.7158679962158203,0.9611894607543945,0.2782248020172119,0.9339576244354248,0.517449712753296,169.13768051765535,170.39970840861525,154.8130593913711,160.79813955468197,96.49423101992272,0.39783725738525394,112.92683909971144,0.574559251467387,111.42726541197312,0.5799007813135784,69.80990331423588,0.6737683931986491,76.5614057751915,0.695917256673177
0.9355276107788086,0.2570077896118164,0.9174969673156739,0.5162431399027506,0.9415586471557618,0.5145247141520183,0.8710385322570801,0.6521983464558919,0.9448193550109864,0.713437016805013,0.8418241500854492,0.7693884531656902,0.9425272941589355,0.7497260411580403,0.9544107437133789,0.29250297546386717,0.9295278072357178,0.5153839270273844,174.27967617922332,169.9027932470467,173.21085429171177,174.94901193108151,96.37025229780838,0.4039434512456258,85.58498998094994,0.6144104719161987,113.147101102476,0.5837911367416382,93.6140733512753,0.7315815289815266,103.99797784903471,0.710793399810791
0.9389299392700196,0.25208404858907063,0.9079156875610351,0.5125282287597657,0.9374221801757813,0.524968147277832,0.8641105651855469,0.656208610534668,0.942120361328125,0.6965405146280924,0.8425087928771973,0.7552836100260417,0.9427714347839355,0.7487517674763997,0.9477301597595215,0.2937567075093587,0.9226689338684082,0.5187481880187989,172.95842943210164,169.91705666545076,175.71943538958826,173.5788133944585,96.35583088644319,0.40625244776407876,83.7563686446805,0.6076443513234456,113.0740852549025,0.5874783992767334,89.28555961153872,0.722646141052246,102.29996079916891,0.7057461102803548
0.9247161865234375,0.24801804224650065,0.9012541770935059,0.5198843002319335,0.9237851142883301,0.5203312555948894,0.8637598991394043,0.6437999089558919,0.9275083541870117,0.622238032023112,0.8428468704223633,0.7492404301961263,0.9369950294494629,0.7302589416503906,0.9389942646026612,0.27601784070332847,0.9125196456909179,0.5201077779134115,169.75073392040105,170.04657758374972,178.37592642362745,174.3053904044419,96.1902481921881,0.39806280930836996,81.6508337284775,0.5711729049682617,111.51448256395398,0.5819538434346516,84.98101372550606,0.6762484868367513,101.21842732569834,0.696520169576009
0.9256821632385254,0.209581724802653,0.9033496856689454,0.5028698603312175,0.91415433883667,0.5013252894083658,0.8564897537231445,0.6561988830566406,0.9174446105957031,0.6169054667154948,0.8418394088745117,0.7520229339599609,0.9365853309631348,0.7248252232869467,0.9368054389953613,0.22991418838500977,0.9087520122528077,0.5020975748697917,172.80608298054622,171.9359688306545,177.06565189400888,173.70422371350807,95.88458890952367,0.3660058816274007,85.67015180206327,0.5595015207926433,108.73396682351982,0.5791482289632162,79.94257000254619,0.6708653450012207,98.69252415902832,0.7041109085083008
0.9095687866210938,0.20460925102233887,0.8991597175598145,0.48281943003336586,0.9226912498474121,0.48596185048421225,0.8550869941711425,0.6511252721150717,0.9087267875671386,0.6036674499511718,0.8472821235656738,0.7352140426635743,0.9286480903625488,0.7173420588175455,0.9259134769439697,0.23456464608510336,0.9109254837036134,0.4843906402587891,178.3900836443016,171.13413154632548,174.4105402758882,171.06520726771737,93.43327240617293,0.3594776431719462,91.05604554284977,0.5440290451049805,108.51540783386473,0.5677579561869304,80.05994108463071,0.6605047543843587,95.30283139838255,0.6931696573893229
0.8988009452819824,0.24087533950805665,0.8956157684326171,0.4825428009033203,0.9131443977355957,0.4821853319803874,0.862261962890625,0.6183937708536784,0.9035414695739746,0.6059765497843425,0.9224172592163086,0.743083127339681,0.9264043807983399,0.748126220703125,0.9140203475952149,0.2571208715438843,0.9043800830841064,0.4823640664418538,178.66817558577404,170.9492965986179,175.60037834114084,158.20297353191089,92.45072700326143,0.36974246899286906,90.38870085232053,0.5441703081130982,107.20380235338979,0.5503789186477661,80.86297572044106,0.6770513852437336,64.24541858121434,0.6807384490966797
0.8634984970092774,0.7048343658447266,0.9012787818908692,0.4833205223083496,0.8999329566955566,0.46622708638509114,0.873647403717041,0.602341906229655,0.8929441452026368,0.6121370951334636,0.9168339729309082,0.7258963267008464,0.9216410636901855,0.7349350611368816,0.869944715499878,0.5616749763488769,0.9006058692932128,0.47477380434672034,152.30514973598497,162.86508507276156,171.46904583997986,164.43114391450843,109.4342607996534,0.5182243903477985,93.19248367222404,0.543455449740092,101.93252875333836,0.5385578552881877,76.84648304903969,0.6735360781351726,70.73370261241509,0.6641191164652507
0.8648371696472168,0.6553873062133789,0.8810738563537598,0.48019078572591145,0.8890438079833984,0.466740353902181,0.8489018440246582,0.6582606633504232,0.8917731285095215,0.6187849044799805,0.8346465110778809,0.7954423904418946,0.918368911743164,0.7342919031778972,0.8816072463989257,0.36225488980611165,0.8850588321685791,0.4734655698140462,179.62395667456937,175.23435508744222,174.31132880506587,177.03400954261608,88.22231250404205,0.4178602298100789,87.35460224554322,0.5461252371470133,101.0706285173879,0.5658631165822348,77.03349214737466,0.6765384038289388,95.93263677631028,0.7268515268961588
0.8788086891174316,0.21950869560241698,0.8778407096862793,0.46490484873453775,0.8886542320251465,0.4508995056152344,0.844046688079834,0.6707355499267578,0.8877318382263184,0.6263565063476563,0.8368261337280274,0.7613190333048503,0.9112084388732911,0.7260480880737304,0.8860650539398194,0.3001359462738037,0.8832474708557129,0.45790217717488607,178.76785128495266,176.0324603217973,172.70173543517322,175.85897172811661,91.0231496189193,0.37901906172434485,88.47510801354113,0.5421293417612711,100.4360785045144,0.564318863550822,76.74872079832996,0.6762022972106934,94.55750183656029,0.716027291615804
0.8587287902832031,0.5210420608520507,0.8870890617370606,0.4053956985473633,0.8889344215393067,0.4152622858683268,0.8518102645874024,0.5657069524129231,0.8767309188842773,0.6145534515380859,0.8564001083374023,0.7013211568196615,0.8957817077636718,0.7111572901407878,0.8765649318695068,0.41960258483886714,0.8880117416381836,0.410328992207845,176.7895612571344,176.50102574434018,170.32365524455278,171.86161741703776,140.98746010111878,0.4149657885233561,93.16165540959189,0.5124412218729655,103.11535318956643,0.4880179723103841,78.844115880192,0.6628553708394369,88.06157228284522,0.6335140546162923
0.8644808769226074,0.3764103253682454,0.8729730606079101,0.42834959030151365,0.8849027633666993,0.42936684290568033,0.8466316223144531,0.5937737147013347,0.8738858222961425,0.6215059916178386,0.859528636932373,0.7377023696899414,0.8836862564086914,0.727438227335612,0.8752614974975585,0.3364723046620687,0.8789379119873046,0.428858216603597,178.77431961026213,175.26551444194655,175.6253690544722,171.28355521253212,87.72116824165892,0.38266526063283285,91.50220830426247,0.5251821041107179,101.08365819520623,0.5113159656524658,84.71426598893177,0.6744721094767253,84.8795726878563,0.665738042195638
0.8512434959411621,0.6974049886067708,0.8770988464355469,0.40709079106648766,0.8658334732055664,0.39249788920084633,0.8625997543334961,0.5861436208089192,0.8595948219299316,0.5864883422851562,0.8732481002807617,0.6953884760538737,0.8697939872741699,0.6748530705769856,0.8528228282928467,0.5574405670166016,0.8714661598205566,0.399794340133667,163.2384899141029,158.4659159248453,173.06766962614105,174.77822974503303,96.74450564899968,0.4786174535751343,93.63837639048508,0.4931413412094116,92.72405016988313,0.4929689804712931,83.4159852352971,0.6306707064310709,84.4328357789064,0.6407660484313964
0.8419224739074707,0.654910659790039,0.8729151725769043,0.39729973475138347,0.8671707153320313,0.3785863240559896,0.8563838005065918,0.4903265953063965,0.8529770851135254,0.4811383883158366,0.8653080940246582,0.4929772694905599,0.866457176208496,0.47930212020874025,0.847236442565918,0.5608041445414225,0.8700429439544678,0.3879430294036865,6.2554286574012465,0.2039017223492847,79.99521388585909,103.96126237868882,97.51593270625094,0.4743735869725545,100.37698695921188,0.4345407088597616,97.59904280472159,0.4391348123550415,172.24287151613086,0.4802202542622884,16.542357629575946,0.4916519323984782
0.8416923522949219,0.6699265797932943,0.8686870574951172,0.4071260770161947,0.860834789276123,0.3865823745727539,0.8501212120056152,0.49220539728800455,0.8468907356262207,0.47869532903035483,0.8611401557922364,0.5184691111246745,0.8599601745605469,0.5163995107014974,0.8463290214538575,0.544314940770467,0.8647609233856202,0.39685422579447427,11.826887050686151,4.566454450996038,158.5824251624824,155.5341804384721,97.12475335352639,0.47058458328247066,102.31733593396746,0.43777477741241455,98.7287278067587,0.4445298115412394,70.88209699790336,0.4975474198659261,67.23950983162734,0.5053372542063396
0.8459580421447754,0.661779276529948,0.8599728584289551,0.3916302680969238,0.8560274124145508,0.3897066116333008,0.8434220314025879,0.49982941945393883,0.8519906044006348,0.5019952774047851,0.8515751838684082,0.5429035822550455,0.8552583694458008,0.5426904042561849,0.8510373115539551,0.5533063570658366,0.858000135421753,0.3906684398651123,2.0255247060137536,15.711267129988109,174.37583860852462,166.86507327639706,92.45143914072352,0.47198739846547444,93.08988301029862,0.44633185863494873,97.60666245988226,0.44524892965952556,85.4090747611449,0.522342840830485,79.28175755733096,0.5213665008544922
0.8343868255615234,0.686246109008789,0.8521644592285156,0.5156978289286296,0.849513053894043,0.5140107154846192,0.8130788803100586,0.6314920425415039,0.8545124053955078,0.7088233947753906,0.8201390266418457,0.6935565948486329,0.8553621292114257,0.6895755767822266,0.8441753387451172,0.5246294180552165,0.8508387565612793,0.5148542722066244,177.87291392102662,178.28606846446476,4.010770272388762,163.76238482014392,124.2810573050865,0.5197418451309204,88.9149849760684,0.6118388334910074,107.93864798578443,0.5731731573740642,92.52776690598951,0.6991994857788086,83.51022190218366,0.6625243186950684
0.8383390426635742,0.709698740641276,0.848367977142334,0.4273925463358561,0.8419337272644043,0.40457369486490885,0.8320303916931152,0.5845930735270183,0.8492388725280762,0.5847300847371419,0.8424225807189941,0.6936498641967773,0.8521227836608887,0.6706393559773763,0.8355512142181396,0.5631731669108073,0.8451508522033692,0.41598312060038245,148.97407879069823,175.11520425112283,179.64558630366164,173.99368030714612,93.73150829857835,0.4895781437555949,88.61223870265172,0.5003566026687623,94.44953071236979,0.5002880970637004,88.07734476073772,0.6276847203572591,84.55663361270466,0.6391214688618978
0.830389404296875,0.6638917287190755,0.85549898147583,0.42523396809895836,0.869015121459961,0.4125276883443197,0.8171687126159668,0.5625080744425456,0.8413005828857422,0.5212527275085449,0.8330655097961426,0.6311102549235026,0.8406434059143066,0.5955468495686849,0.842443084716797,0.5431135177612305,0.8622570514678956,0.418880828221639,14.560839920531553,144.92964466528198,173.53179382818942,159.12171064639705,99.06182596035802,0.48099717299143474,101.56913511300286,0.470066777865092,107.42843349082867,0.49069445133209233,90.50680301207109,0.5583997885386149,76.95343556255314,0.596809164683024
0.831395435333252,0.17850565910339355,0.8294134140014648,0.49092849095662433,0.8551480293273925,0.47606687545776366,0.8116535186767578,0.5570557276407878,0.8192670822143555,0.5542973836263021,0.8414958000183106,0.6713914235432943,0.8314093589782715,0.6305004119873047,0.8557215213775635,0.28244896729787194,0.8422807216644287,0.483497683207194,169.63081202885158,166.51163539581873,166.71701230432996,165.1324668273465,93.82472908537507,0.38297332525253297,108.00689673664559,0.518897533416748,112.60527393881229,0.520276705423991,80.9465349540964,0.5923988978068033,75.37181719571171,0.6142235755920411
0.8330058097839356,0.22426195144653321,0.8327189445495605,0.5152329762776693,0.8486276626586914,0.4838896115620931,0.8010494232177734,0.5562948226928711,0.8192096710205078,0.5311564763387044,0.8279071807861328,0.7354905446370442,0.8339401245117187,0.7187084197998047,0.8557139873504639,0.2522748867670695,0.840673303604126,0.4995612939198812,153.2678164326277,155.26194679289938,173.74934180672778,168.37873710175447,93.48060930401172,0.37591809034347534,124.18953976428341,0.5153588851292928,124.93125190190139,0.5279280583063761,85.50917059659483,0.6249324480692546,81.47598911469159,0.6458926836649577
0.8310870170593262,0.23474839528401692,0.8210597038269043,0.5231995264689128,0.8137775421142578,0.5017119725545247,0.759141492843628,0.6970454533894856,0.7569187164306641,0.6975748697916667,0.8289532661437988,0.7160022099812825,0.8276210784912109,0.6853679656982422,0.8459262371063232,0.25862685044606526,0.8174186229705811,0.5124557495117188,173.36448587502264,173.67540532623798,83.58108566323949,108.43522385429605,96.40805653147521,0.385541299978892,108.09822470568487,0.6050153096516928,107.52151651708142,0.6047506014506022,170.2043393450765,0.6914714177449545,15.191835120877249,0.7065238316853841
0.8271247863769531,0.2623055299123128,0.8202297210693359,0.5336326599121094,0.8035757064819335,0.4998994509379069,0.8439760208129883,0.7590584437052409,0.7532114028930664,0.7012211481730143,0.8275277137756347,0.7236136754353841,0.8272618293762207,0.7239072163899739,0.8440346717834473,0.2620884339014689,0.8119027137756347,0.5167660554250082,174.03497186253875,172.452585225295,111.2735656377013,20.5740286571316,97.19085266506013,0.3894272446632385,107.6504215445449,0.6089936017990112,82.45934710828537,0.6379122495651246,17.032954811629786,0.7125641822814941,65.1061267458491,0.7413360595703125
0.8217802047729492,0.2077042579650879,0.8181840896606445,0.5192673047383626,0.8020862579345703,0.4843679745992025,0.7559875965118408,0.6996459325154623,0.7530259132385254,0.7002601623535156,0.8324850082397461,0.7265929539998373,0.8338985443115234,0.7226404825846354,0.8401772975921631,0.24447327454884848,0.8101351737976075,0.5018176396687826,174.7697573157961,175.1716073991318,111.61077463660308,115.08371417090764,96.65851374442613,0.3731454571088155,106.05515255550334,0.6010389010111491,105.30751234707223,0.6007317860921224,15.468650683023867,0.7114503224690756,19.405350839451653,0.7131194432576498
0.8285318374633789,0.19904096921284994,0.8075606346130371,0.5243670145670573,0.7951513767242432,0.4929441134134928,0.7537116527557373,0.6963429768880208,0.7520333290100097,0.6974650700887044,0.8278707504272461,0.7233941396077473,0.8320761680603027,0.7240149815877278,0.8352322578430176,0.2388677994410197,0.8013560056686402,0.508655563990275,175.64258733993438,175.86022822994536,116.46873760973963,117.07949580746117,97.15696170668274,0.3737616817156474,104.64019913861894,0.6030603170394897,104.24363982519351,0.6024992704391479,18.35049049006215,0.7107400258382162,20.040553869524132,0.7098685582478841
0.8226524353027344,0.18196813265482584,0.7981698989868165,0.509224796295166,0.8006909370422364,0.4871901830037435,0.7528735160827636,0.6956504821777344,0.7527038097381592,0.6961406071980795,0.8186020851135254,0.6996985753377278,0.8307295799255371,0.7297005335489909,0.8284355163574219,0.2358982801437378,0.7994304180145264,0.49820748964945477,176.0613592645253,176.06539711883053,120.9732042869495,98.95955356409267,96.30990322192893,0.36705288489659627,103.28278265166524,0.5971740484237671,103.26793841467179,0.5969289859135946,23.27318620635484,0.7129205703735352,3.5242827855884027,0.6976745287577311
0.8270885467529296,0.17008961041768392,0.7849293708801269,0.500304381052653,0.8012506484985351,0.4964659372965495,0.751042366027832,0.6960452397664388,0.8113997459411622,0.6272157033284506,0.7536321163177491,0.7037240982055664,0.8254507064819336,0.7319093068440755,0.8265655040740967,0.23647960821787517,0.793090009689331,0.49838515917460124,169.68842176735848,177.3229951799887,179.7544678418337,150.48559458816734,97.28377504552276,0.3674323836962382,81.91114446257052,0.5628004312515259,102.00934507624561,0.59721519947052,82.35599316876778,0.679562505086263,71.3629510643014,0.6998846689860025
0.8349435806274415,0.15755105018615723,0.7779539585113525,0.488738218943278,0.7966356754302979,0.4819544474283854,0.7527569770812989,0.6970668792724609,0.8010778427124023,0.6188676198323567,0.713420057296753,0.6939096450805664,0.8223120689392089,0.7299709320068359,0.8237193584442138,0.21350607872009275,0.7872948169708252,0.4853463331858317,170.90945241246004,179.08353094219024,177.3264013303344,104.91574464137501,97.63174507140725,0.34942620595296225,84.1063929623842,0.5521069765090942,99.26501542111455,0.5912066062291463,79.18003004577162,0.6744192759195964,4.588799839392948,0.6954882621765137
0.8145262718200683,0.20766061147054035,0.7787429332733155,0.5225389162699382,0.7803856372833252,0.5096994717915853,0.7526079177856445,0.6914124170939128,0.7954269886016846,0.6275318781534831,0.7533379077911377,0.6939548492431641,0.812437915802002,0.7038656234741211,0.8103700160980225,0.2478691816329956,0.7795642852783203,0.5161191940307617,169.64288559366668,178.67741463578494,177.3685317336509,155.590780139817,96.55112735862629,0.38199418783187866,81.89680921109183,0.5718255360921224,98.74238789114335,0.6037658055623372,77.4369547777877,0.6656987508138021,73.98002550836347,0.6926836331685384
0.8088826179504395,0.13354854583740233,0.7876427173614502,0.41083269119262694,0.7916853427886963,0.39457457860310874,0.7573967456817627,0.49795440038045247,0.7861529350280761,0.5688580830891927,0.7516397476196289,0.6956338882446289,0.805793285369873,0.711729621887207,0.8124168872833253,0.18938705921173093,0.7896640300750732,0.40270363489786787,177.25132427419916,171.39566770525454,175.1604652914824,174.272131764195,96.08828625256136,0.2960453470547994,91.21056639885698,0.4857808589935303,108.71439725748127,0.45032901763916017,82.17268923219932,0.6402938524881998,91.66814720556863,0.5967941443125406
0.7932224750518799,0.2024287223815918,0.7945310115814209,0.29517876307169594,0.7974697589874268,0.2756228446960449,0.7526795864105225,0.5187177658081055,0.7659468650817871,0.5148349444071452,0.7987923145294189,0.7122002919514974,0.800565528869629,0.7199138641357422,0.7953917741775512,0.1906341791152954,0.7960003852844239,0.28540080388387046,177.72686970222244,176.898912382278,171.02037406047197,166.9695608461643,89.63203956591047,0.23801749149958293,97.46267098303332,0.4001178741455078,100.5185305676153,0.40205928484598796,80.4184270517596,0.6173744042714437,76.5947631127446,0.6154590288798014
0.788060998916626,0.20265550613403321,0.7994825363159179,0.2725277264912923,0.7922217369079589,0.2554891268412272,0.7639808654785156,0.4966777801513672,0.7619786739349366,0.4816931406656901,0.7985335350036621,0.7131737391153972,0.7687174320220947,0.6694364547729492,0.7951700448989868,0.19196797211964925,0.7958521366119384,0.2640084266662598,177.690659838011,178.04438289612284,174.11532621105297,171.27412941426158,89.45752967718875,0.2279881993929545,98.84474317364023,0.3728507836659749,97.79988741795773,0.3803431034088135,87.94433843384326,0.5755647977193197,80.93209279260503,0.6049257596333821
0.7813344478607178,0.22900058428446451,0.789816427230835,0.2747441291809082,0.7867789745330811,0.2665110111236572,0.7562071323394776,0.44371026357014975,0.7578936100006104,0.44564641316731773,0.7691622734069824,0.6421529134114583,0.7641273021697998,0.6344547907511393,0.7884112834930419,0.21957650184631347,0.788297700881958,0.27062757015228267,177.83299583750508,177.67274531132847,174.30822372608353,173.31638351571036,90.1274761472985,0.24510203599929808,99.85501272761401,0.3581369916598002,100.50370837722046,0.3571689168612162,88.10901102323506,0.5400506019592285,86.26479958804939,0.542931588490804
0.7792963504791259,0.2112535317738851,0.7964173316955566,0.2495444933573405,0.7867124557495118,0.23246227900187175,0.7656176567077637,0.4368751843770345,0.7621497631072998,0.4211534818013509,0.7670053005218506,0.613470458984375,0.7607236862182617,0.611285146077474,0.7939435243606567,0.19661504427591958,0.7915648937225341,0.24100338617960612,178.78579015472258,179.1778768921294,175.66849367089003,175.77730611225078,93.06736554913756,0.21880921522776287,99.27349089671378,0.33107843399047854,97.54606527080902,0.3389392852783203,90.42973723048813,0.5162193139394124,89.549792609694,0.5251728216807048
0.7682119846343994,0.3877613067626953,0.7861992835998535,0.2784007708231608,0.7781973838806152,0.25737778345743817,0.7589861392974854,0.485566520690918,0.7518895149230957,0.4651124318440755,0.7644981861114502,0.542610232035319,0.7567073822021484,0.5088946024576823,0.7807471990585327,0.3173934141794841,0.7821983337402343,0.2678892771402995,177.68292276116148,178.71385907396305,167.68265385343085,170.79428564283492,91.67905341863471,0.29264134565989175,98.73673860305136,0.3665008544921875,96.08678144932485,0.37672789891560876,83.72033723721889,0.48700351715087886,84.48073157766416,0.5140883763631185
0.7685863018035889,0.36984488169352214,0.769644021987915,0.38061307271321615,0.7653179168701172,0.35959498087565106,0.7460320949554443,0.4883293151855469,0.7398958206176758,0.4890172004699707,0.748860216140747,0.615008544921875,0.7391212463378907,0.6016113917032878,0.7770169019699096,0.3187525431315104,0.7674809694290161,0.3701040267944336,179.23884597392717,179.92819834575943,173.4101964679742,174.3730933112631,100.5199521310124,0.344428284962972,103.06031316431502,0.42956061363220216,100.28296852521706,0.4292166709899903,90.3941512131948,0.5453142960866293,88.72108083019695,0.551668930053711
0.7622870445251465,0.31414883931477866,0.755608606338501,0.38080558776855467,0.760961389541626,0.36343088150024416,0.7530996322631835,0.7100324630737305,0.7353994369506835,0.5781848271687825,0.7292013168334961,0.6431812286376953,0.7310345649719239,0.6335229237874349,0.7738733291625977,0.25681026776631677,0.7582849979400634,0.3721182346343994,179.51047576126115,178.254799101414,178.55858131962316,25.79532624257752,97.69906427717657,0.3144642512003581,96.33724549449175,0.47515153090159096,90.8791469163306,0.5410753488540649,94.50994962729861,0.6058538754781086,70.32879062301336,0.6766068458557128
0.7532386779785156,0.36864461898803713,0.7630696296691895,0.37261476516723635,0.7663284778594971,0.3591724077860514,0.7522174835205078,0.7041004180908204,0.7494011402130127,0.6949223200480144,0.728224515914917,0.6161292394002279,0.7213091850280762,0.6125912348429362,0.7703932523727417,0.30703399976094564,0.7646990537643432,0.3658935864766439,179.56423590921068,179.49265704751647,28.815323074858547,23.54869374903073,95.52571701721814,0.33646379311879476,92.66200190907071,0.5304079532623291,92.11354953037973,0.5349970022837321,71.1599917795873,0.6537567774454753,74.74437937755054,0.6601148287455241
0.7515074253082276,0.1404881954193115,0.7533222198486328,0.3704861958821615,0.7759039402008057,0.366194216410319,0.7116583824157715,0.5598411560058594,0.7529170513153076,0.6985844294230144,0.7161839962005615,0.6652645111083985,0.7521965026855468,0.6529876073201497,0.7766209840774536,0.18480962117513022,0.7646130800247193,0.36834020614624025,179.38678527604088,174.36978234714687,3.403057667838806,168.27840271208444,93.74337073235871,0.2765749136606852,92.0283567727382,0.5334623177846273,105.45742386284428,0.4640906810760498,89.0946527085754,0.675786018371582,87.54191596731698,0.6125528335571289
0.7540868759155274,0.16137228012084961,0.740611982345581,0.430882199605306,0.7695797443389892,0.42923720677693683,0.7034066200256348,0.6016508102416992,0.752869987487793,0.6989991505940755,0.7162203788757324,0.640514055887858,0.7340822219848633,0.635391108194987,0.7777931690216064,0.21434703667958577,0.7550958633422851,0.4300597031911214,177.53036141327672,174.1078428617398,22.298755727534168,151.28608581661268,96.00656524753036,0.3222033699353536,90.47419737605675,0.5645294268925984,106.76413867470738,0.5158552567164103,73.54455810801923,0.6671951293945313,71.7518850986588,0.6210824330647786
0.7468559265136718,0.16143697102864582,0.7391188621520997,0.45897013346354165,0.7573850154876709,0.4484781583150228,0.7522695064544678,0.6989898045857748,0.713647985458374,0.5899250666300456,0.7424173355102539,0.6522943496704101,0.7118346691131592,0.6519510269165039,0.7694975852966308,0.21589378515879315,0.7482519388198853,0.4537241458892822,174.23727936963124,177.01914620592134,171.26453524105364,13.597016163278285,95.1047447841965,0.3348089655240377,104.25526610068194,0.5218246062596639,89.06155192802085,0.5763569752375285,91.67455351474781,0.6209380467732748,78.08602580926824,0.6756420771280924
0.7380512714385986,0.15473812421162922,0.7413410186767578,0.4549289067586263,0.7545821189880371,0.44536552429199217,0.7506619453430176,0.6865951538085937,0.7021801471710205,0.5630313873291015,0.7193706512451172,0.6756568908691406,0.7207203865051269,0.6695995966593424,0.7659594774246216,0.21171141465504964,0.7479615688323975,0.45014721552530923,168.21397055366583,177.50063320779205,163.05465493655853,77.95790022693136,94.31668550787879,0.3309293150901794,112.07555745237164,0.5065893014272054,89.34567646440247,0.5683711846669515,80.13072913625241,0.616315491994222,19.267711768882833,0.6811260223388671
0.7312056541442871,0.14850600560506186,0.7376923084259033,0.46847588221232095,0.7422659873962403,0.45506108601888023,0.7497052192687989,0.6897758483886719,0.6999979972839355,0.5595701217651368,0.7438551425933838,0.6777129491170247,0.7153238773345947,0.6806243260701498,0.7630856513977051,0.2142320156097412,0.7399791479110718,0.46176848411560056,168.11818041628308,175.94571169590964,166.35697056977753,24.843440264593298,95.33287016743269,0.33800024986267085,112.23466415859701,0.5106693029403686,87.55742446780016,0.5757721662521362,82.78454398610128,0.6200972239176432,64.1282662225002,0.6837443987528483
0.7286508083343506,0.1474488894144694,0.7352954864501953,0.4563543955485026,0.7541945457458497,0.44666252136230467,0.6881340026855469,0.5725982030232747,0.7410854816436767,0.5439692179361979,0.7106365203857422,0.6809265772501628,0.7493836402893066,0.6684231440226237,0.7583747863769532,0.21353343327840169,0.7447450160980225,0.45150845845540366,179.27140446983586,166.01181534668436,177.41041937338133,159.8086716043793,93.27797462912258,0.3325209458669027,92.26654524391449,0.4977388381958008,115.05669373797194,0.5120533307393391,86.18536129748489,0.6061961809794107,78.26511705705039,0.6267623901367188
0.7255404472351075,0.14829535484313966,0.7305998802185059,0.4548580805460612,0.7506045818328857,0.4499074935913086,0.6816466331481934,0.5767505645751954,0.7480373859405518,0.6223323822021485,0.6417417526245117,0.5782125473022461,0.7516127109527588,0.6584422429402669,0.7546483516693114,0.21681957244873046,0.7406022310256958,0.4523827870686849,176.5609593313362,166.10235158080272,177.40404164088832,130.25379366486453,93.41238196300253,0.3346011797587077,87.4949541983532,0.5373575846354167,115.36293471102971,0.5145666758219402,84.34543575544073,0.6403873125712076,177.90181072928925,0.5774815559387207
0.7230422973632813,0.1541463057200114,0.7250773906707764,0.4712037722269694,0.7293561458587646,0.4694302241007487,0.6589102268218994,0.6867233912150065,0.7462994575500488,0.6216835657755534,0.6404495716094971,0.5688870112101237,0.7484298706054687,0.6581214269002279,0.7460014343261718,0.22109134197235109,0.7272167682647706,0.4703169981638591,172.85728886396828,173.07633250608606,176.90167934850942,50.25994023282766,94.31035438472597,0.34570417006810505,82.81466329921646,0.5460002819697063,107.51778706270193,0.5785201946894327,86.65389596589493,0.6399024963378906,81.09621727147706,0.6278052012125651
0.7162269592285156,0.14857029914855957,0.7113490104675293,0.45728991826375326,0.7377269268035889,0.4644706090291341,0.6577553749084473,0.6856861750284831,0.7428435802459716,0.5993619918823242,0.6408223628997802,0.5705228169759115,0.7481457710266113,0.6360876083374023,0.7412589073181153,0.22068618933359782,0.7245379686355591,0.4608802636464437,172.70961583345618,173.6355356088869,179.45872962427168,45.72742899596367,93.98218025576993,0.34078322649002074,82.4698473030724,0.5301211277643839,106.54498832636929,0.5732832193374634,81.78479546636008,0.6177248001098632,81.63546572398414,0.6281044960021973
0.7072779655456543,0.15082502365112305,0.7208773612976074,0.4606440544128418,0.7278454780578614,0.4515441258748372,0.6554679870605469,0.6898588180541992,0.7355238437652588,0.5441482543945313,0.6413794040679932,0.5698394139607748,0.7473119258880615,0.6325548807779948,0.7309955835342408,0.22671744028727214,0.7243614196777344,0.4560940901438395,173.59257039317774,172.84116471966203,179.81531566307092,42.80740568526923,91.65667976140924,0.3414057652155558,82.77528173998414,0.5001211722691854,106.42091446643603,0.5729764540990194,82.40501790753895,0.5883515675862631,83.3049239669338,0.629849116007487
0.7056430816650391,0.1709721883138021,0.7055340766906738,0.45800352096557617,0.734669828414917,0.46536855697631835,0.6549480438232422,0.6848129272460938,0.7476709842681885,0.6463085810343424,0.6506739139556885,0.6829050699869792,0.748055362701416,0.6663997014363606,0.7281021118164062,0.23155108292897542,0.7201019525527954,0.4616860389709473,174.2082759952799,172.89016951021833,173.32045261091716,83.36939209353629,91.99096591062009,0.34661856094996135,81.50697959709404,0.5539973100026448,106.27800725346846,0.5732494831085205,88.90396478175177,0.6563541412353515,24.05470666160909,0.6838589986165364
0.7023292541503906,0.18946456909179688,0.699064302444458,0.46131296157836915,0.7341978073120117,0.4681881268819173,0.6637024402618408,0.6147575378417969,0.7440571784973145,0.6137024561564127,0.6487670421600342,0.683393923441569,0.7479770660400391,0.6546702702840169,0.7224870443344116,0.2322312037150065,0.7166310548782349,0.4647505442301432,172.8034528549621,169.30163355557843,176.09343980007083,175.03263565220502,91.44268673786733,0.34849087397257483,79.5671329199326,0.539226500193278,109.43492973506227,0.53975404103597,84.53445663716238,0.6341863632202148,102.27628713867489,0.649075730641683
0.7001505374908448,0.19574395815531412,0.6940048217773438,0.45738973617553713,0.7269985198974609,0.46681302388509116,0.6521639823913574,0.6926432291666667,0.7449359893798828,0.620180320739746,0.6500764846801758,0.683999506632487,0.747190523147583,0.6625571568806966,0.7169946908950806,0.23934564590454105,0.7105016708374023,0.46210138003031415,171.9074245834846,173.9388762087005,172.673495640709,28.81010035029355,91.66961958928374,0.3507235129674276,77.71123324036617,0.5411408503850301,104.20038126137328,0.5773723045984904,86.95461924503849,0.6413687388102214,76.42278899083125,0.6883213678995768
0.7009423732757568,0.16242998441060383,0.6899574756622314,0.4625247001647949,0.7264830112457276,0.4620559056599935,0.6545091152191163,0.6630431493123372,0.7412591934204101,0.6148246765136719,0.6495743274688721,0.6794483184814453,0.7472739219665527,0.6432289123535156,0.7118069171905518,0.23963251113891604,0.7082202434539795,0.4622903029123942,172.26699130355254,172.72812339298764,179.7761912345924,178.371185509482,90.92286685352576,0.35096140702565515,77.77852415266047,0.5385574897130331,104.97857917749401,0.5626667261123657,78.04396810153231,0.6290267944335938,106.7416483934286,0.6712457338968912
0.6953945636749268,0.169316037495931,0.6896927833557129,0.4449812253316244,0.7242802619934082,0.4515491167704264,0.6620641708374023,0.5913023630777995,0.737870168685913,0.6124906539916992,0.6475805282592774,0.6785682678222656,0.7434488296508789,0.656147575378418,0.7067111492156982,0.23048319021860758,0.7069865226745606,0.44826517105102537,174.01264784086644,169.6183493373184,177.33361597803028,174.95957598103166,89.92755264455839,0.3393741806348165,79.34955354621123,0.5303779125213623,107.43545105692327,0.5197837670644124,82.71797405638071,0.6343191146850586,99.42355748928236,0.6349353154500326
0.691744041442871,0.1597259521484375,0.6860871315002441,0.45095224380493165,0.7227780818939209,0.45187171300252277,0.6570466041564942,0.6316394805908203,0.7368134498596192,0.6267180760701497,0.6483939170837403,0.6712937037150065,0.7380873680114746,0.6545288721720378,0.7032993316650391,0.23391451835632324,0.7044326066970825,0.4514119784037272,174.4115143259905,171.90232684129737,173.2147359623997,178.01126706466013,89.7014618527691,0.3426632483800252,79.53483158559543,0.5390650272369385,104.7309892654759,0.5415257294972737,87.37730818431028,0.6406234741210938,102.309197222194,0.6514665921529135
0.6755564689636231,0.16821759541829426,0.6852223396301269,0.4504808108011881,0.7212302684783936,0.4533610026041667,0.6550252437591553,0.6285953521728516,0.7298891544342041,0.5937529881795247,0.649600887298584,0.6728504816691081,0.7408856391906739,0.6662432352701823,0.6973123788833618,0.22425440947214764,0.7032263040542602,0.45192090670267737,174.39173348759653,170.71016617005023,178.65987178730745,173.3445561850788,88.51200429426613,0.3380876580874125,79.35328913898559,0.522836947441101,105.26028643232627,0.5402581294377644,81.37421949839106,0.6299981117248534,96.98789551681715,0.6507229169209798
0.6756707191467285,0.16856997807820637,0.6784943103790283,0.45164003372192385,0.7124519348144531,0.44688215255737307,0.6573666572570801,0.6334837595621745,0.7204213619232178,0.563090705871582,0.6533719539642334,0.6797519048055013,0.7396519660949707,0.6597795486450195,0.691295576095581,0.22883260250091553,0.6954731225967408,0.44926109313964846,172.6177768109585,173.1060736982214,179.39690812575438,174.58311060707098,88.91426406914306,0.339046847820282,77.63785188842881,0.5061758995056153,101.68681344636326,0.5413724263509114,78.75114144803061,0.6114351272583007,94.93457125028792,0.6566178321838378
0.6751629829406738,0.14889311790466309,0.6776879787445068,0.4540906270345052,0.7098665237426758,0.4478083928426107,0.6587434768676758,0.620829709370931,0.7115067958831787,0.5531582514444987,0.6592334270477295,0.660818608601888,0.7313847541809082,0.6471797307332356,0.685473656654358,0.22478692531585692,0.6937772512435914,0.450949509938558,174.69206794503128,172.20867627923167,178.91153448030363,169.9511329123441,87.89732097989611,0.3378682176272074,80.15916383532961,0.5020538806915283,101.65254111922125,0.5358896096547445,78.06235626241006,0.6001689910888672,89.29803836883823,0.6408241589864094
0.6599810600280762,0.1690242926279704,0.6793561935424804,0.44771747589111327,0.7136787414550781,0.437261168162028,0.6578277111053467,0.5851024627685547,0.7058628082275391,0.5387248992919922,0.6539639949798584,0.6700630187988281,0.7304541110992432,0.6559935887654622,0.6839401721954346,0.21879386107126872,0.6965174674987793,0.44248932202657065,178.37340679790285,168.89892503894015,177.18830231288854,172.01252792959028,86.78192838303852,0.3306415915489197,84.45345541593402,0.4906071106592814,105.17853109698605,0.5137958923975627,78.15665713275271,0.5973592440287272,92.60382248999713,0.6275827407836914
0.6558560371398926,0.17498879432678222,0.6784723281860352,0.4491559028625488,0.7120594501495361,0.4350567817687988,0.6553552627563477,0.5878288269042968,0.7003777027130127,0.5443517684936523,0.6538888931274414,0.6740462621053059,0.7239546298980712,0.646510124206543,0.6800364255905151,0.21676515738169352,0.6952658891677856,0.4421063423156738,179.30896725004237,168.4887718790052,174.9938213856119,170.85948885060247,86.13360035196565,0.3294357498486837,87.13785065355869,0.49322905540466305,105.31663037598751,0.5149675846099853,77.00435974619289,0.5954309463500976,90.9743817024704,0.6309375445048013
0.6479013442993165,0.18053396542867026,0.6872884273529053,0.44817800521850587,0.7186092376708985,0.4189529736836751,0.6590709686279297,0.5376227696736654,0.6947360515594483,0.5232266108194987,0.6555643081665039,0.6768807093302409,0.7137985706329346,0.6264344533284505,0.6753851413726806,0.21317082246144614,0.7029488325119019,0.4335654894510905,171.1951662497293,160.01482847330715,172.75513550487733,170.4223065564007,82.87130853094835,0.32336815595626833,95.23357550283905,0.4783960501352946,112.86370772305486,0.48559412956237796,79.53538625770001,0.5748305320739746,91.44246277912825,0.6072517395019532
0.6586647510528565,0.1630726973215739,0.66661057472229,0.45080553690592445,0.6961965560913086,0.4432974815368652,0.6592798233032227,0.6549343744913737,0.7010066509246826,0.6010719299316406,0.6653983116149902,0.6694929758707683,0.7045705318450928,0.6490833918253581,0.6754538536071777,0.2162026564280192,0.6814035654067994,0.4470515092213948,176.54511671357545,176.03649222001553,177.70374148136332,153.0891386942268,88.52363171372228,0.331627082824707,82.74662728685674,0.5240617195765177,96.07478481531851,0.5509929418563843,85.7547319030105,0.6250776608784994,67.20462962943506,0.662213675181071
0.6623469829559326,0.1671254316965739,0.6649177551269532,0.43532562255859375,0.6935108184814454,0.4308511734008789,0.660186767578125,0.6528905868530274,0.6953675746917725,0.6151828130086263,0.6640696048736572,0.6695215225219726,0.6929683685302734,0.6574241002400716,0.6718533754348754,0.225521723429362,0.6792142868041993,0.4330883979797363,178.38399844323501,176.61614659989465,173.24079866002148,163.19344629303527,87.96897797013072,0.3293050607045491,84.93065758119243,0.5241356054941813,94.94756446200392,0.5429894924163818,93.25077342222515,0.636303456624349,76.85851016734951,0.6612060546875
0.6593808650970459,0.16481757164001465,0.6609981060028076,0.44702402750651044,0.6901093006134034,0.45231641133626305,0.6573075771331787,0.5964098612467448,0.682880449295044,0.5989782333374023,0.6631054401397705,0.6102837244669597,0.6757563591003418,0.6352375666300456,0.6691734790802002,0.2217580000559489,0.6755537033081055,0.44967021942138674,179.27170098152504,174.72607505635906,168.82176883207686,152.88821710828694,88.39646828519176,0.33571410973866783,87.19067218688775,0.5243242263793946,97.0879794925708,0.5230400403340658,101.11565918450268,0.617107899983724,67.32003590589724,0.6033467928568522
0.6522407531738281,0.1631792704264323,0.6610758304595947,0.4483891805013021,0.6892647743225098,0.46387653350830077,0.6470814228057862,0.5982627232869466,0.6731158256530761,0.6032659530639648,0.6450401782989502,0.6314665476481119,0.6590160369873047,0.6411408106486003,0.6637781381607055,0.21745701630910239,0.6751703023910522,0.45613285700480144,177.81355648692005,171.3313594641085,164.57127367513075,173.7671731900974,87.26730647534778,0.3367949366569519,90.79999129929499,0.5296994050343831,101.17920950032044,0.527197790145874,110.41894252643286,0.6222033818562825,93.51789874139784,0.6148646354675293
0.6538388729095459,0.16490710576375325,0.6605329513549805,0.44900490442911783,0.6890223503112793,0.4483237584431966,0.6472522258758545,0.5883215586344401,0.676081371307373,0.5938907623291015,0.6473007202148438,0.6243257522583008,0.6631399631500244,0.641329574584961,0.6632585763931274,0.21864750385284423,0.6747776508331299,0.44866433143615725,178.5571922847621,171.32959958457164,168.19756568006213,171.03267002284696,87.1330643743438,0.33365591764450075,89.4856606069281,0.5212775468826294,101.14967600647861,0.5184929450352986,105.25910972301976,0.6176101684570312,89.92282789879533,0.6063236554463705
0.6492753505706788,0.18893036842346192,0.6606470584869385,0.4399470647176107,0.691810417175293,0.43473243713378906,0.6464952945709228,0.5416174570719401,0.673630952835083,0.5372349421183268,0.649552583694458,0.6306308746337891,0.6645123958587646,0.6448994318644206,0.6632058620452881,0.21778156757354736,0.6762287378311158,0.4373397509256999,176.6412169666716,167.03913756011335,178.3897405061743,170.1751037686355,86.60553471069277,0.32756065924962363,91.48964705830642,0.48728734652201333,105.91481708015012,0.48947860399882,94.84106665307792,0.5910671869913737,88.03287036991405,0.5861241658528646
0.6536371231079101,0.16828776995340983,0.6588543891906739,0.4232755978902181,0.690078592300415,0.42812423706054686,0.6450518131256103,0.577804692586263,0.6724621772766113,0.5718968709309896,0.6499807834625244,0.6093877156575521,0.6624323844909668,0.6154358545939128,0.6654879570007324,0.2141090393066406,0.6744664907455444,0.4256999174753825,178.09783927537646,172.27108022443994,170.65661139252344,163.5369439426776,87.57019931362846,0.31990447839101155,90.78545760249727,0.49879839420318606,100.94500112404147,0.5017523050308228,102.97254371626661,0.5936663627624512,81.12974874068799,0.5935962041219076
0.649585485458374,0.1607797940572103,0.6567740917205811,0.4245986302693685,0.6918591499328614,0.4138690312703451,0.6402570724487304,0.4687970161437988,0.6747844219207764,0.5281485239664714,0.6627360820770264,0.5482540130615234,0.676571273803711,0.5602183024088542,0.6653440952301025,0.21167292594909667,0.6743166208267213,0.41923383076985676,178.5374893960627,151.0759477623934,177.72712056556668,159.07438841900853,87.52473625564701,0.31545337835947673,89.75390957147026,0.4736911773681641,124.4966353711753,0.44401542345682776,86.8109126510968,0.5441834131876628,74.20337438096476,0.5085255146026612
0.6447030544281006,0.5039944966634115,0.6863885402679444,0.39630565643310545,0.658882999420166,0.3841276168823242,0.6618383884429931,0.4911263147989909,0.6500423908233642,0.46228548685709636,0.6686079502105713,0.5375048319498698,0.6674740314483643,0.5040900548299153,0.6607385396957397,0.4334880510965983,0.6726357698440553,0.39021663665771483,177.0296967254259,172.79938221788217,154.76950382228998,170.12911346567245,105.3732859285244,0.4118523438771566,107.40605928782345,0.42625106175740557,96.10743696082949,0.44067147572835286,67.3648726391655,0.48318777084350584,81.6955632648202,0.5143155733744303
0.6402390003204346,0.4501763025919596,0.6693618297576904,0.4110076904296875,0.6707208156585693,0.3879702568054199,0.6388579845428467,0.47315953572591146,0.6602535247802734,0.45894845326741535,0.6498034477233887,0.5356226603190104,0.6643290042877197,0.503573226928711,0.6528242826461792,0.38579363822937013,0.6700413227081299,0.3994889736175537,164.85341100931075,166.14043644281884,171.64044493765823,161.60516088933886,38.50057751560838,0.3926413059234619,99.34779289992645,0.4292187134424845,112.94200999491076,0.4363242546717326,84.78178205785416,0.48126084009806314,80.06092417740338,0.504391098022461
0.6498742580413819,0.16425806681315105,0.6562763214111328,0.40942726135253904,0.6792470932006835,0.41651153564453125,0.6398168563842773,0.5177500089009602,0.666551923751831,0.5227021217346192,0.6548430442810058,0.5896985371907552,0.6668976783752442,0.5850768407185872,0.6636418581008912,0.20933323701222736,0.6677617073059081,0.41296939849853515,178.83629426294715,169.484160364819,179.39476323281775,164.02273405196127,88.84098299656029,0.31115131775538124,90.63165008192733,0.4678357601165771,104.93312984229799,0.46535970369974766,89.68240213194896,0.5538894812266032,78.2035426784503,0.5537242730458577
0.652182674407959,0.5784446716308593,0.6768586158752441,0.31858533223470054,0.6585413455963135,0.31074336369832356,0.6600345134735107,0.4364236195882161,0.6512099266052246,0.40887975692749023,0.6609277725219727,0.47333892186482746,0.6565128326416015,0.4546707471211751,0.6565728664398194,0.45802890459696455,0.6676999807357789,0.31466434796651205,16.154864987954564,5.50033731573192,168.82570036941718,176.16996176444198,94.43806437214364,0.3863466262817383,99.9276366163226,0.36177205244700117,93.60235442334027,0.3755439837773641,83.39418739174488,0.43177525202433265,88.61385428619339,0.4548812707265218
0.6465203285217285,0.15268494288126627,0.6532893180847168,0.4252735773722331,0.6861964225769043,0.4290212949117025,0.6343536376953125,0.5154673258463541,0.6691588401794434,0.47214441299438475,0.6492526054382324,0.5902926762898763,0.6674697399139404,0.5906588236490885,0.666391396522522,0.2086660941441854,0.6697428703308106,0.4271474361419678,178.6545976091936,164.12584229908992,179.97993284152872,161.5801516473381,89.12115953325699,0.3179067651430766,90.74361848845918,0.4496459245681763,111.83567032057987,0.471307380994161,90.81654006356959,0.5314016183217366,78.73874534242992,0.5528800010681152
0.6447296142578125,0.5594053268432617,0.6568354606628418,0.30326337814331056,0.6873117446899414,0.31475677490234377,0.6396403312683105,0.44891084035237633,0.6794367790222168,0.42371158599853515,0.6435291767120361,0.4495607058207194,0.6755367279052734,0.41897974014282224,0.6540365457534789,0.46170722643534345,0.6720736026763916,0.3090100765228272,37.43590066920861,61.41935228856954,37.692064717013544,88.0069773711923,96.73673671200784,0.3853586514790853,86.32698076980856,0.3663608312606812,103.05233799399933,0.37896045843760173,50.5041932453299,0.42134566307067867,9.487042297779675,0.44923577308654783
0.6484591484069824,0.12543519337972006,0.6511410236358642,0.39776379267374673,0.6862602233886719,0.4083834330240885,0.6296566009521485,0.47392508188883464,0.666470718383789,0.5343804041544596,0.6540615558624268,0.5561577479044596,0.6665935039520263,0.5549488067626953,0.6662826299667358,0.20335181554158527,0.6687006235122681,0.40307361284891763,178.99451827569396,158.85117927374273,178.86309815065798,158.00775287178098,89.30636486028696,0.3032127141952514,90.97292661673114,0.46872700850168864,118.85778094424677,0.43849934736887614,89.65796997401942,0.5446646054585775,73.47020017494586,0.5150414148966471
0.6519033432006835,0.11324454148610433,0.6454535484313965,0.41264689763387047,0.6769264698028564,0.4220588684082031,0.6318897724151611,0.5578407287597656,0.6629633426666259,0.5717868804931641,0.6327402591705322,0.6007439295450846,0.6607364654541016,0.6047250111897786,0.6634817600250245,0.20552719434102376,0.6611900091171264,0.4173528830210368,179.26101487805772,173.34324265642095,176.2709266038262,170.04625520516066,90.61986122946774,0.31144003868103026,89.34211336623176,0.4945698817571004,101.78077098379588,0.4875968058904012,93.86776044220824,0.5882559458414713,88.86435232733099,0.5792923291524251
0.6455170154571533,0.1255355437596639,0.6421603679656982,0.4350402514139811,0.6724424362182617,0.442722225189209,0.6281745433807373,0.6342079162597656,0.6644370079040527,0.6267545700073243,0.6323290348052979,0.6300031661987304,0.6585177898406982,0.6271820068359375,0.659955096244812,0.20046443144480386,0.65730140209198,0.4388812383015951,178.42726971754598,175.70922034312966,93.76014189508257,37.21131557994206,90.63770335109736,0.3196728348731995,87.82489791094565,0.5328179041544596,98.4813751443953,0.5365445772806803,175.86974323286069,0.6269682884216309,134.65552220710873,0.632105541229248
0.648440933227539,0.11434497833251953,0.6389959335327149,0.43951524098714195,0.6698485851287842,0.44761279424031575,0.6273709774017334,0.6220202128092448,0.6638095855712891,0.6299295425415039,0.6257664203643799,0.6594202677408855,0.6565611839294434,0.6334321975708008,0.6594104051589966,0.20449878374735514,0.6544222593307496,0.4435640176137289,177.70886726810213,175.76855798567436,115.14586276569952,174.89458492836206,91.19531491386347,0.32403140068054204,87.11641953711174,0.5367467800776164,98.6195602233341,0.5327921152114868,154.20870960970208,0.6316808700561524,92.45662748323952,0.6407202402750651
0.6328781604766845,0.13624682426452636,0.6433938503265381,0.4355893770853678,0.6740457057952881,0.43243802388509117,0.6275923252105713,0.5856323877970377,0.6600419521331787,0.5823428471883138,0.6267514705657959,0.6587636311848958,0.6501189708709717,0.6338295618693034,0.6561406850814819,0.20374324321746826,0.6587197780609131,0.43401370048522947,179.9203271517734,172.67355926635284,171.5558973785834,172.5633350399488,89.35829821245191,0.3188784718513489,89.48929128551757,0.5081782738367716,101.60167020115348,0.5098230441411336,100.90880160382605,0.6080862045288086,90.65875126998932,0.6221980094909667
0.6395095825195313,0.13571693102518717,0.6403995990753174,0.4420694986979167,0.6722805976867676,0.4469212849934896,0.6277505874633789,0.5524082819620768,0.6615238189697266,0.5640776952107748,0.6279312610626221,0.6418912887573243,0.658695650100708,0.6257839202880859,0.6552550554275512,0.20795092582702637,0.6563400983810426,0.44449539184570314,178.5263160224941,169.72675339930694,176.6313864006801,171.6946506039946,89.73718283565407,0.32622315883636477,87.51786444124069,0.504286543528239,104.83855335105734,0.49845183690388994,92.62418934534165,0.5949308077494304,89.88431523470479,0.5971497853597005
0.6309176445007324,0.1500620683034261,0.6387204647064209,0.45202404657999673,0.6693746089935303,0.4576337496439616,0.6272271156311036,0.6420169194539388,0.6612625122070312,0.6387046813964844,0.6252702713012696,0.6657700856526693,0.6574369907379151,0.6375006993611654,0.6522522687911987,0.20548259417215983,0.6540475368499756,0.45482889811197913,178.9444408728502,175.1271167615847,71.46698433373076,176.94101754450224,89.58748333582736,0.3301557461420695,87.75296306621786,0.5467667897542318,98.15388076602935,0.548422908782959,17.470021164016146,0.6381026903788249,94.70953230830716,0.653893502553304
0.6280377388000489,0.15175615946451823,0.638068675994873,0.44935471216837564,0.6712242603302002,0.4534273147583008,0.6258970737457276,0.6541883468627929,0.6620389461517334,0.6454737345377605,0.6259232997894287,0.6710684458414714,0.6593816757202149,0.6396106084187826,0.6509416580200196,0.2009572903315226,0.6546464681625366,0.4513910134633382,179.24878116943196,175.0941040125578,22.93972113469307,172.46172755478378,89.15245239596364,0.3261741518974304,87.81869744651922,0.5484323740005493,98.06872236747509,0.5527896801630656,65.61914203045694,0.6425421714782715,89.9109815404378,0.6626283963521322
0.6306929588317871,0.15593870480855307,0.635547685623169,0.44840834935506185,0.6689166069030762,0.45511226654052733,0.6270322322845459,0.6258279800415039,0.6631067752838135,0.6135907491048177,0.6279746055603027,0.6493366877237956,0.6603446006774902,0.6311814626057942,0.6476995944976807,0.21221019426981608,0.6522321462631226,0.4517603079477946,178.35388257114175,174.62301173948066,168.48718071521202,170.70497347653193,88.91603014435249,0.33198525110880533,86.15563645164201,0.5326755285263062,98.23752433873435,0.5387941439946492,98.92397716937255,0.622386105855306,87.70446257425664,0.6375823338826497
0.6182710647583007,0.18973402976989745,0.635515546798706,0.44874184926350913,0.6691202163696289,0.45656951268513996,0.6239699840545654,0.6080645879109701,0.6621320724487305,0.6318821589152018,0.6255346775054932,0.6338045756022136,0.6600160598754883,0.6082414627075196,0.6442885160446167,0.21201914946238198,0.6523178815841675,0.4526556809743245,179.29921506079523,172.5993206870015,2.2821457497483166,168.11100228955442,88.08890971832766,0.33233741521835325,86.86569361861758,0.5422689199447632,100.33758059675108,0.5303601344426473,84.88524504419757,0.6200618108113607,86.52136007464996,0.6209345817565919
0.6113335132598877,0.19542582829793295,0.6412861824035645,0.4553176244099935,0.6721766948699951,0.44964189529418946,0.6244901180267334,0.5613199869791666,0.6624363899230957,0.6585774739583333,0.6214012622833252,0.6612882614135742,0.6578484535217285,0.6151426951090495,0.6414941072463989,0.20356156826019287,0.6567314386367797,0.4524797598520915,178.95038792125678,166.22051138673373,5.636242959690559,172.16635152968973,86.4970549299833,0.32802066405614216,88.41441140989757,0.5555286169052124,106.50066618453474,0.506899873415629,83.97031010981404,0.6368600845336914,91.76978256278738,0.6113041241963704
0.6079159736633301,0.18910390535990398,0.6426287174224854,0.44537626902262367,0.6726390361785889,0.44758389790852865,0.6240945816040039,0.5768015543619792,0.6624610900878907,0.6589407602945964,0.6212331771850585,0.6542450586954752,0.6583599090576172,0.6340118408203125,0.6361916542053223,0.20353942712148032,0.6576338768005372,0.44648008346557616,178.00016549744333,167.42390842732195,9.120510239522496,172.1785804330089,84.95607873877152,0.32500975529352827,88.69843504660183,0.5527104218800862,104.43234388900906,0.5116408189137777,80.6576693239056,0.6464763005574544,92.11601804364662,0.6155233065287272
0.6019896507263184,0.18556922276814777,0.6384908199310303,0.45441166559855145,0.6672792911529541,0.4507635434468587,0.6246250629425049,0.6016913096110026,0.6623600959777832,0.6629463831583658,0.6193313121795654,0.6616895039876302,0.6591163158416748,0.6301113764444987,0.6320883750915527,0.19988993803660077,0.6528850555419923,0.4525876045227051,178.8386740212023,170.3320152096959,3.6316471589410297,175.9259465238598,85.2952366503724,0.32623877127965295,87.42101021617813,0.5577669938405354,100.7321103744159,0.5271394570668538,84.35803955763753,0.6465288798014323,95.04225438501271,0.6316904067993163
0.6032322406768799,0.1997213363647461,0.6398490905761719,0.4337708155314128,0.6748241424560547,0.43233779271443684,0.6243774890899658,0.5619662602742513,0.6578493118286133,0.5007852872212728,0.6196907043457032,0.6685185750325521,0.658982229232788,0.6404579798380534,0.6295352697372436,0.19916637738545734,0.6573366165161133,0.4330543041229248,175.07085390078228,166.47281922915218,179.98986597009804,173.43502955696064,83.22128031943765,0.3161103407541911,89.5663031126386,0.4669197956720988,104.34167705325403,0.49751028219858806,89.53527091742157,0.5706216335296631,92.51857508257326,0.6152424176534017
0.6018728256225586,0.21312155723571777,0.6469511032104492,0.4080645243326823,0.6719050884246827,0.39891366958618163,0.624312448501587,0.5320814450581869,0.654596471786499,0.5138018290201823,0.6270524024963379,0.6735324223836263,0.6516805171966553,0.6445874532063802,0.6238888025283813,0.20730288028717042,0.659428095817566,0.40348909695943197,171.77079985877333,164.6514804965927,179.4366981274015,172.0536979601908,79.73217151258828,0.3053959886233012,92.507914005646,0.45864546298980713,105.27378208185777,0.4677852710088094,91.27723682840134,0.5791946411132813,88.89029985602357,0.6028069337209065
0.6046889781951904,0.20165247917175294,0.6446216106414795,0.43968979517618817,0.6748576164245605,0.42526114781697594,0.623822546005249,0.5189673741658528,0.6604691505432129,0.46051454544067383,0.6192425727844239,0.6635133107503255,0.6551461219787598,0.6324500401814779,0.6271583318710328,0.20653817653656006,0.65973961353302,0.43247547149658205,174.0183179536035,158.06031428448463,179.54259486437576,171.87283746523906,81.79423145322457,0.31950682401657104,88.50958118911247,0.44649500846862794,112.55140571738158,0.47572142283121743,91.7732794808868,0.5464822928110759,91.81482356357718,0.5912403424580892
0.5970658302307129,0.2199183464050293,0.651336669921875,0.41236673990885414,0.6749115943908691,0.3974718729654948,0.6243715763092041,0.5246534983317057,0.6551279067993164,0.47092167536417645,0.6269685745239257,0.6654621124267578,0.6544738292694092,0.6423091252644857,0.6191304683685304,0.20847867329915365,0.6631241321563721,0.40491930643717444,165.28212923758096,161.1158896684363,178.13176979314437,171.0429006296837,77.37667331633642,0.306698989868164,96.90775216630652,0.4379204909006754,107.93442730669537,0.4647864023844401,90.2186607013537,0.5566154003143311,88.94338730735542,0.5950578053792317
0.5998993396759034,0.22108872731526694,0.6492422103881836,0.41225115458170575,0.6718506813049316,0.39836950302124025,0.6261496543884277,0.5441444396972657,0.655606460571289,0.5146899541219075,0.627037239074707,0.6546099344889323,0.6539961338043213,0.6302178700764974,0.6185221910476685,0.20900019804636638,0.6605464458465576,0.405310328801473,170.49712264611438,164.7811486807664,179.13034839100894,171.88420432067778,77.91701985424443,0.3071552634239197,92.58593039602853,0.46000014146169027,103.91509617845023,0.47472738424936933,90.79858579533132,0.5724539120992025,89.5396412045319,0.5993771870930991
0.595081377029419,0.20533676147460939,0.6419640064239502,0.416066837310791,0.6673546314239502,0.4147202809651693,0.6255125522613525,0.5919715881347656,0.6614502429962158,0.6539719899495443,0.6266365051269531,0.6647701899210612,0.6605810642242431,0.6396185557047526,0.618128490447998,0.21102480888366698,0.6546593189239502,0.41539355913798015,176.04447548484904,169.51656582521252,1.9525200312956643,172.70395538056852,79.86543669988352,0.31320918401082354,88.36956653326237,0.5346827745437622,99.37298351122071,0.5036825736363728,86.53465950526622,0.6467952728271484,89.11546873279728,0.6283708890279134
0.5950630664825439,0.24609478314717612,0.648792314529419,0.4117781639099121,0.6608500003814697,0.40382973353068036,0.6287706851959228,0.5704270680745442,0.6601226329803467,0.6526353200276692,0.6328830242156982,0.6414590835571289,0.6432211875915528,0.633521842956543,0.6145252704620361,0.2163218339284261,0.6548211574554443,0.40780394872029624,175.27437071116128,168.59542362616756,44.42724115910296,171.32276955018045,78.11596571851554,0.31206289132436116,88.75953514326199,0.5302196343739827,99.1008480563909,0.48911550839742024,48.514683893255494,0.6430785814921061,86.68660741958422,0.6059430758158366
0.5931441307067871,0.2297622521718343,0.6461580753326416,0.4165421803792318,0.6710463523864746,0.4025161107381185,0.6231812000274658,0.49716434478759763,0.6619494438171387,0.6501029332478842,0.6199681282043457,0.6705545425415039,0.6614777565002441,0.6419394175211589,0.6168248414993286,0.21125210126241048,0.6586022138595581,0.40952914555867515,174.9263593440204,156.71849684964502,2.5980016933923937,172.6424566460518,78.1017028288513,0.3103906234105428,89.20286504424887,0.5298160394032796,112.00792168815104,0.4533467451731364,86.69313096900905,0.6460211753845215,91.061619336514,0.5838594436645508
0.5953073024749755,0.23959635098775228,0.6452782630920411,0.4112836519877116,0.6611117839813232,0.4115012486775716,0.6247694015502929,0.561957041422526,0.6612761974334717,0.6521657307942709,0.6242482185363769,0.6668664296468099,0.6353911876678466,0.656622314453125,0.6165781736373901,0.21371786594390868,0.6531950235366821,0.4113924503326416,176.10135281223708,167.9613103253804,103.9211814384035,173.82023792605276,79.5055958157218,0.31255515813827517,88.077679504406,0.5317790905634563,100.69123569757082,0.4866747458775838,170.23124130145246,0.654394022623698,90.28463936255176,0.6144117355346679
0.599140214920044,0.25146695772806804,0.6482074737548829,0.39179083506266277,0.6663829803466796,0.38673887252807615,0.6256195068359375,0.5169110616048177,0.6563793659210205,0.497903569539388,0.6364437580108643,0.6298220952351888,0.6603977680206299,0.6378491083780925,0.616147804260254,0.2112092653910319,0.6572952270507812,0.38926485379536946,171.5288839460535,164.28877491541402,179.07032098305947,169.57004837617248,76.98776486567215,0.3002370595932007,90.48301136391595,0.4435842116673787,103.93657072154393,0.4530879577000936,88.3552585009521,0.5678763389587402,84.52405638347109,0.5733665784200033
0.5941919326782227,0.23001968065897624,0.6464483737945557,0.4025017738342285,0.6688840389251709,0.38776464462280275,0.626465129852295,0.5268502235412598,0.657951545715332,0.48655675252278646,0.6199397563934326,0.6753253936767578,0.659773874282837,0.6399007797241211,0.6137788534164428,0.2106824000676473,0.6576662063598633,0.39513320922851564,171.08190551129633,164.37566516819228,179.81248920096158,174.84802203552152,76.6161763843302,0.3029078046480815,89.82117639369748,0.44084498087565105,103.32656660043106,0.4609917163848877,89.31913343576193,0.5632287661234537,92.51648756143906,0.6010878086090088
0.5982508182525634,0.21622077624003092,0.6449442863464355,0.41344769795735675,0.6677848815917968,0.40087658564249673,0.6236412525177002,0.5293899218241374,0.6529370307922363,0.49159456888834635,0.6210409164428711,0.6759176890055338,0.6594937324523926,0.6431887308756511,0.6187355756759643,0.21339646180470784,0.6563645839691161,0.4071621417999267,170.66661260687601,164.12260616596055,178.282965639957,173.52898079837917,79.01003687139016,0.3102793018023173,92.32465849639166,0.4493783553441365,104.98797035991088,0.46827603181203203,87.52340503582828,0.5673916498819987,91.01668542248368,0.6026538054148356
0.595204210281372,0.22098736763000487,0.6458020687103272,0.4100069046020508,0.6647418975830078,0.4005298614501953,0.6242923259735107,0.5337666193644206,0.6629136085510254,0.6373156229654948,0.6195382118225098,0.6762898127237956,0.6601460933685303,0.6421625137329101,0.6112863063812256,0.21068070729573568,0.6552719831466676,0.40526838302612306,174.98630311810402,164.1399912465563,149.09546538674806,174.3994550820784,77.2626106740869,0.30797454516092937,88.11385511550286,0.5212920029958089,103.55477703723328,0.4695175011952718,119.7258369972576,0.6397390683492025,91.9104940730499,0.6050282160441081
