0,1,2,3,4,5,6,7,8,9,10,11,12,13,14,15,16,17,18,19,20,21,22,23,24,25,26,27,28,29,30,31
0.6772398948669434,0.25612516403198243,0.6407285690307617,0.42571544647216797,0.6346182346343994,0.4268907229105631,0.6527624130249023,0.5477638244628906,0.6509955883026123,0.5578873952229818,0.6379480838775635,0.6098689397176107,0.6352733135223388,0.6220944086710612,0.6549916982650756,0.2664785941441854,0.6376734018325805,0.4263030846913656,173.43316560326252,172.46437315493858,166.94312691865912,166.49784973878013,96.18433921249235,0.3463908394177755,84.21881752669744,0.4920952399571737,82.918453027116,0.4870334545771281,103.75919247125874,0.5899909019470215,103.41641476244307,0.5788163820902507
0.6796948909759521,0.2631932894388835,0.6402312278747558,0.4318818728129069,0.6371519088745117,0.43860365549723307,0.6548965454101563,0.5484374364217123,0.6503523349761963,0.5615779240926106,0.6465167999267578,0.6249061584472656,0.6436953067779541,0.6279253005981446,0.6583853960037231,0.2652828852335612,0.6386915683746337,0.43524276415507,173.17352163987906,171.14695272038466,172.78277904119437,171.38365558173223,96.60957999025287,0.3502628246943156,84.72652696304645,0.49841034412384033,81.85287921394995,0.49184010028839115,95.72965142091775,0.5947516123453775,96.25374515299966,0.5866717974344889
0.6884296417236329,0.269967778523763,0.6481568336486816,0.42486209869384767,0.6386103630065918,0.4234928131103516,0.6725242614746094,0.5259702364603679,0.6503117084503174,0.5317349433898926,0.6463440418243408,0.6171765645345052,0.645915412902832,0.6255484898885091,0.6647324562072754,0.2739055792490641,0.6433835983276367,0.42417745590209965,173.1131976828131,165.79549982529147,176.59662971273028,163.10539737821603,98.08579950170028,0.3490415175755819,86.31449328231386,0.4779561996459961,74.02494045537594,0.47507384618123377,92.68303507404792,0.5786417166392008,106.0158026233014,0.5715734004974365
0.6919065952301026,0.2670611381530762,0.6512539386749268,0.44611444473266604,0.6451557636260986,0.4553467114766439,0.6665214538574219,0.563911501566569,0.6641314029693604,0.5703596750895182,0.6589214324951171,0.6360748291015625,0.6538289070129395,0.6417002995808919,0.6701611995697021,0.2797367254892985,0.6482048511505127,0.450730578104655,171.22805545107977,170.07344360905407,170.09569704276478,170.67879551069956,97.31698723256763,0.36523365179697675,82.41664821810147,0.5105451265970866,80.80725492115052,0.507321039835612,98.2174305442109,0.6060299873352051,96.01205407147259,0.5999931653340658
0.6950853347778321,0.263086191813151,0.6627049922943116,0.5052858352661133,0.6506390571594238,0.5197484970092774,0.6956730365753174,0.5831059773763021,0.6654342174530029,0.6293439865112305,0.6875352382659912,0.6098588307698568,0.6696995258331299,0.6270014444986979,0.6718122005462647,0.2878949801127116,0.6566720247268677,0.5125171661376953,174.640645301766,155.69988341779018,67.71598140037499,145.48928793189006,93.8560664131276,0.4002060731252034,85.71075830264674,0.5709305763244629,61.07891831484835,0.5478115717569987,151.22405181522748,0.6281727155049641,106.91893824746008,0.5964824040730794
0.7031136512756347,0.2562660376230876,0.6612065315246582,0.38940327962239585,0.655667781829834,0.3871724764506022,0.6810097694396973,0.5500360488891601,0.6636546611785888,0.5464042663574219,0.6787061214447021,0.6521277109781901,0.640149736404419,0.6686674753824869,0.681583023071289,0.27104363441467283,0.6584371566772461,0.388287878036499,174.38485338681673,171.9377237665703,172.8495028068824,174.31436388417518,101.16749310148928,0.3296657562255859,88.11004690955029,0.46734607219696045,82.05545086506461,0.46916196346282957,100.88225931772398,0.6075358708699544,91.29263164734397,0.6010818799336751
0.701719856262207,0.2657212257385254,0.675099515914917,0.44124046961466473,0.6578083515167237,0.43860610326131183,0.6904096126556396,0.5919817606608073,0.6563314437866211,0.5404380162556967,0.6878824234008789,0.6413354237874349,0.6410111904144287,0.6649315516153972,0.6824439525604248,0.28646457990010576,0.6664539337158204,0.4399232864379883,179.88038059928613,172.5405804826229,179.43571894087128,170.99576406547249,95.94861265153536,0.363193933169047,95.75067086605605,0.49018065134684247,81.04706274431477,0.5159525235493978,97.01558236588717,0.6026847839355469,92.93131074541341,0.6166585922241211
0.7076252937316895,0.25961321194966636,0.6829409599304199,0.4317785263061523,0.6624982833862305,0.42580636342366535,0.7090541362762451,0.5728600184122722,0.6533154487609864,0.5495055516560873,0.7088599681854248,0.6320157368977865,0.641340684890747,0.6588024139404297,0.6878572225570678,0.2760012308756511,0.6727196216583252,0.42879244486490886,178.06600865393335,169.9291484137991,178.4839166547089,169.72812521874638,95.65804444197026,0.35239683787028,99.13195884334502,0.48914899826049807,75.84493062883472,0.5008262316385905,96.25249196621233,0.6041539827982585,90.18806249764044,0.6024378776550293
0.7117448806762695,0.2662300745646159,0.6855055332183838,0.4361760457356771,0.6641733646392822,0.434239927927653,0.7125916481018066,0.5621879577636719,0.6571495056152343,0.5309987703959147,0.714871883392334,0.617425282796224,0.6405970573425293,0.6515909830729166,0.6899292707443238,0.28411752382914224,0.674839448928833,0.43520798683166506,177.10014910610303,168.1015833007907,178.8231328486452,169.9730569027936,95.70337501273522,0.35966275533040365,100.46308514540503,0.4831033786137899,73.44234946119823,0.4986979722976685,97.8155621295653,0.5912948767344157,87.63613241606379,0.5898066202799479
0.7171202182769776,0.272884464263916,0.6921310901641846,0.4064485549926758,0.6672510147094727,0.41185674667358396,0.7144256114959717,0.5600671132405599,0.6589478015899658,0.5346142450968424,0.7166265964508056,0.625807507832845,0.6419267177581787,0.6477523803710937,0.6945533275604248,0.2784849007924398,0.6796910524368287,0.4091526508331299,178.52609144711965,171.07537687545508,179.56183391675307,172.24271318779157,96.48899006254479,0.34381877581278486,99.38809532061693,0.47188344796498616,77.0384979036605,0.4846098820368449,98.5557080057196,0.5911833127339681,88.08245656257866,0.5929373105367024
0.7178096294403076,0.28705883026123047,0.7022773742675781,0.42426894505818685,0.6732738494873047,0.4223399798075358,0.7240715026855469,0.5819759368896484,0.6599624633789063,0.5393056233723958,0.7249163627624512,0.6400888442993165,0.6400413513183594,0.6510536193847656,0.7012305974960327,0.27827911376953124,0.6877756118774414,0.42330446243286135,175.50100506267847,171.41644015877424,178.27047887142356,171.11106533390938,95.30054477641815,0.35079178810119627,103.48306219814455,0.4813050429026286,77.11534713366949,0.5026401996612548,100.107832928804,0.5951796213785807,89.16707821317608,0.6110323905944824
0.7228157997131348,0.303316338857015,0.7101838111877441,0.4304519017537435,0.6795921802520752,0.4255732218424479,0.7246930599212646,0.5752173105875651,0.6608975410461426,0.5419444402058919,0.7250822067260743,0.6311243057250977,0.641442346572876,0.653918711344401,0.7066401243209839,0.2786485354105631,0.6948879957199097,0.42801256179809566,173.24371116815018,172.03731013392058,176.54607673862301,171.94324826072423,94.49882761316778,0.3533305486043294,106.61195496866333,0.4849785010019938,78.55386096552984,0.5016149361928304,99.85657278215946,0.5979315757751464,89.60119284906085,0.6031708081563314
0.7326682090759278,0.2853549003601074,0.713773250579834,0.4295456568400065,0.6857389450073242,0.4272823651631673,0.7255249500274659,0.554948361714681,0.6679136276245117,0.5399825414021809,0.7247322559356689,0.6503013610839844,0.6442213535308838,0.6566710789998372,0.7127239942550658,0.27367757161458334,0.6997560977935791,0.42841401100158694,173.6223873703271,171.0948644187196,177.8029056915633,173.10138279272454,94.79055568168248,0.3510457913080851,105.92913171047697,0.48419827620188394,78.48906598370317,0.49168118635813396,101.47723555968376,0.5983268102010091,90.47630362930218,0.6026248613993327
0.737346076965332,0.2745203971862793,0.7197279453277587,0.4329284032185872,0.6911863803863525,0.4245620091756185,0.7289484024047852,0.5676628748575846,0.6722623348236084,0.546983019510905,0.7245546340942383,0.648217519124349,0.6432905673980713,0.6542299906412761,0.7209339380264282,0.2720125754674276,0.7054571628570556,0.4287452061971029,174.35587506155807,171.95476403156064,179.70345064370784,171.90486670690086,95.63946665345968,0.35037889083226526,105.68188969819755,0.48786411285400394,80.40197495513767,0.49820404052734374,105.11708641414738,0.6006065050760905,93.12204438705783,0.6079401969909668
0.7400322914123535,0.2861964225769043,0.7218163967132568,0.44251009623209636,0.6916861534118652,0.43391710917154946,0.7314797878265381,0.5786409378051758,0.6766014575958252,0.5408900578816732,0.7259733200073242,0.6431638717651367,0.6446617126464844,0.6539985656738281,0.7229481935501099,0.27484257221221925,0.7067512750625611,0.4382136027018229,173.51772998378195,171.62152585081304,179.71615072737367,169.76409555387104,95.66191172271971,0.3565280874570211,106.36429908655903,0.4895518302917481,80.01290659750893,0.5084272702534993,105.76869559905609,0.5974443117777506,94.87787427642412,0.6109024047851562
0.7444317817687989,0.2791407267252604,0.721444034576416,0.4434206962585449,0.6910879135131835,0.4367275873819987,0.7326985359191894,0.5761267979939778,0.6775207042694091,0.5553307851155599,0.725600004196167,0.6428169886271159,0.6500249862670898,0.651784070332845,0.7243875503540039,0.2752761522928874,0.7062659740447998,0.4400741418202718,175.49634618604406,170.58782683771403,178.9659415878868,168.4769033894431,96.27516780795081,0.3576751470565796,104.00400669513847,0.49770246346791586,79.0054359496643,0.5081004699071248,105.91114039812621,0.6035574277242024,96.07571054901932,0.6094718933105469
0.7471179008483887,0.28214934666951497,0.7290926456451416,0.4371128718058268,0.6993465900421143,0.42696027755737304,0.7338828563690185,0.568330955505371,0.6795058727264405,0.5551112492879232,0.7258978366851807,0.6405463536580404,0.6563628196716309,0.6595177968343099,0.7294896364212036,0.27102744579315186,0.714219617843628,0.43203657468159995,174.22756212921203,172.63715336054642,178.22840644963316,170.4846337899291,95.41769627610365,0.3515320102373759,105.7513355286615,0.4935739119847616,81.79056179798776,0.5001837650934855,102.49826273332017,0.6073145230611166,96.3096924856598,0.6044386545817058
0.7502323627471924,0.2954867680867513,0.7357089519500732,0.4159234364827474,0.7040022850036621,0.40510419209798176,0.7360991954803466,0.5696264266967773,0.6848918437957764,0.5408646901448567,0.7270077705383301,0.644907824198405,0.6673584461212159,0.6415216445922851,0.7361623525619507,0.27309397856394446,0.7198556184768676,0.4105138142903646,175.82441680527944,174.15874766704576,177.07800876758756,171.36622595013986,96.7672790835541,0.34180389642715453,105.01491155092816,0.47568925221761066,84.17095083128744,0.49007012049357096,99.88118823724204,0.5911931673685709,96.88602879480939,0.6072671254475912
0.7545376300811768,0.3148614247639974,0.7377696514129639,0.4150299072265625,0.7051910400390625,0.40437520345052086,0.7373476505279541,0.5663215637207031,0.6906011581420899,0.5365289052327474,0.7313066959381104,0.6009917577107747,0.6790542125701904,0.6243796666463216,0.7372728824615478,0.2671619097391764,0.7214803457260133,0.4097025553385417,176.14582836017473,174.22933757928638,176.3087549144488,167.17533205289462,96.3221992720354,0.33843223253885907,103.683903953216,0.4731157302856446,84.2150178189135,0.4880120595296224,97.4879302637607,0.5804542859395345,99.8840212617724,0.583656660715739
0.7571680545806885,0.2715089162190755,0.7421453475952149,0.4237934748331706,0.7130564689636231,0.4158597628275553,0.7391839504241944,0.5686963399251302,0.7059561252593994,0.5498022715250651,0.7362106800079345,0.5863990783691406,0.7053593635559082,0.5851577123006185,0.7420764207839966,0.2617228905359904,0.727600908279419,0.419826618830363,177.69195307269857,175.0111195499141,173.3051522763632,167.5069874875131,95.23124832321125,0.3407747546831767,99.45467647423573,0.48481444517771405,85.550975488405,0.4942614793777466,90.96699912996957,0.5674799919128418,99.53415017682451,0.5775477091471355
0.7588740825653076,0.2756659507751465,0.7422915458679199,0.42359822591145835,0.7102436065673828,0.4044378598531087,0.7352720737457276,0.5603039423624675,0.690951919555664,0.5356134414672852,0.7326680660247803,0.6104263305664063,0.6844118595123291,0.6249361673990885,0.7445567131042481,0.26312980651855467,0.7262675762176514,0.4140180428822835,174.93429523146472,174.68813844575314,172.96337141169099,175.15951116302278,96.91109752148476,0.3385739247004191,106.19518871182909,0.47481574217478434,86.47765373564408,0.4871609926223755,94.1876282756103,0.5802748044331869,92.97401300858176,0.5853651364644369
0.7598220825195312,0.28837916056315105,0.7418196201324463,0.42153361638387044,0.7087228775024415,0.4144124984741211,0.7341118812561035,0.5741442362467448,0.692008638381958,0.5597556432088217,0.728684949874878,0.6117657979329427,0.6913357734680176,0.6119353612263997,0.7445262670516968,0.26533972422281904,0.7252712488174439,0.41797305742899576,176.9109991846827,174.82846433218378,170.81482307874776,170.78249953008648,97.19000303333627,0.3416563908259074,103.20298963993686,0.48886435031890874,86.7600238178967,0.49605864683787027,90.73879630902455,0.5858455022176107,98.20832728807106,0.5929550170898438
0.760211181640625,0.2722857157389323,0.7438901424407959,0.4234063784281413,0.7124553203582764,0.41379788716634114,0.735258674621582,0.5744967142740885,0.6909976959228515,0.551475461324056,0.7316350936889648,0.6129130045572917,0.6917426586151123,0.6241345723470052,0.7434980392456054,0.25914226373036703,0.7281727313995361,0.41860213279724123,174.5508092734678,175.90085735241087,169.36144267242673,173.59074451595492,95.48970001182653,0.3388721982638041,105.63045138480246,0.4850387970606486,87.39750165890314,0.4965494235356649,89.41257576616991,0.5878050168355307,95.38842863526938,0.5937048594156902
0.7572279930114746,0.2779356002807617,0.7445280075073242,0.4270360310872396,0.712129020690918,0.418294620513916,0.7345328807830811,0.5674668629964192,0.6927372455596924,0.550494384765625,0.7307052135467529,0.6139019012451172,0.6969411373138428,0.6189224878946941,0.7421438932418823,0.26587913036346433,0.7283285140991211,0.4226653258005778,174.28917166767084,176.1008897083095,167.39808541313008,174.5756905769328,95.03567119798012,0.34427222808202107,105.55872447861971,0.4865798552831014,87.54652659361011,0.4950660943984985,86.48444283111996,0.5847084363301596,94.7122707515079,0.5906843821207682
0.757512903213501,0.28773600260416665,0.743851900100708,0.41861848831176757,0.7100207805633545,0.4086031913757324,0.7358286857604981,0.5766519546508789,0.6922602653503418,0.5573984146118164,0.7339711666107178,0.6058027267456054,0.7007829189300537,0.6056873957316081,0.7446182489395141,0.26340138117472334,0.7269363403320312,0.41361083984375,176.53928855978492,175.2708995329121,162.23699800930046,174.2577100291873,96.71367719717225,0.3385061105092367,103.5586592544558,0.4855046272277832,86.8781520426416,0.4951313972473145,79.99079049432156,0.5815429051717123,93.64602046328329,0.5912273406982422
0.757887315750122,0.27423445383707684,0.74322509765625,0.41702585220336913,0.7105189323425293,0.40549116134643554,0.7373640537261963,0.5656435648600261,0.6944623470306397,0.5535831451416016,0.7337396144866943,0.6123284022013347,0.7019171237945556,0.6262874603271484,0.7452738285064697,0.2630468924840291,0.7268720149993897,0.41125850677490233,177.09161187151588,174.61479439303227,167.5258354630495,173.60447790880556,97.07756994408972,0.3371526996294657,102.82844100537835,0.482420825958252,86.11214573590013,0.4884510358174642,84.14560547187203,0.589935302734375,94.43932889100407,0.5889859835306803
0.7551828861236572,0.27585544586181643,0.7425576210021972,0.421936829884847,0.7116119384765625,0.41196088790893554,0.7366593837738037,0.5666406631469727,0.6996170997619628,0.5430763880411784,0.734103012084961,0.6085880279541016,0.70514817237854,0.6124650955200195,0.7457366943359376,0.26060148080190026,0.7270847797393798,0.41694885889689126,176.98697149946995,174.64129636513556,169.04078694026813,174.41521721380585,96.80311406905483,0.33877516984939576,102.28587573122577,0.48001262346903484,86.34022636418548,0.491794761021932,85.44250821175379,0.577770741780599,93.48742727150216,0.5876143455505372
0.7559831142425537,0.277527650197347,0.7442103385925293,0.4186450958251953,0.7123077869415283,0.4091668446858724,0.7370306491851807,0.5755923589070638,0.7000060081481934,0.5624544143676757,0.7342132091522217,0.6040191014607748,0.7039151191711426,0.6053834915161133,0.7459203481674195,0.26113550662994384,0.7282590627670288,0.4139059702555339,177.89525741700507,175.27539153596672,167.5514485761876,172.5459106545465,96.59450027482877,0.3375207384427389,100.76870665540176,0.4881801923116048,86.89471261764628,0.49474916458129886,84.7970098468638,0.5839189529418944,95.66023123255263,0.5898057301839192
0.7556028366088867,0.22999231020609537,0.7442483901977539,0.41767896016438805,0.7127580165863037,0.4065093040466309,0.7370218276977539,0.5694617589314779,0.7009082317352295,0.5539230346679688,0.7340133190155029,0.615016492207845,0.7047771453857422,0.6223351796468098,0.744586443901062,0.2562052011489868,0.7285032033920288,0.4120941321055095,177.33611899067873,175.51816167477327,170.32451359025137,174.66616372309787,95.89043073139499,0.33414966662724815,101.01020853957235,0.48300858338673913,86.90148902218749,0.4907779455184937,86.76319818463645,0.5881291071573893,93.7784196594504,0.5922391255696615
0.7583775997161866,0.23102010091145833,0.7433902263641358,0.41566540400187174,0.7119571685791015,0.40306940078735354,0.7377792358398437,0.5783763249715169,0.6990887641906738,0.5623640696207682,0.7280670166015625,0.6527468999226888,0.7059134483337403,0.646023686726888,0.7468343734741211,0.25465129216512045,0.7276736974716187,0.40936740239461267,178.23707654889736,174.97594932749297,170.08281733427256,172.46712793617058,97.05979728297238,0.33200934727986653,100.58277114900152,0.48586573600769045,86.5781915670614,0.4938718636830648,85.33632040587526,0.6041938781738281,97.44027795973344,0.6155616124471028
0.7587226390838623,0.2227389653523763,0.735911226272583,0.41111828486124674,0.7201917171478271,0.3983633041381836,0.7365071773529053,0.5829368591308594,0.7000478267669678,0.564750607808431,0.7272303581237793,0.6638814290364583,0.7055283546447754,0.6535994847615559,0.7574934005737305,0.2572350025177002,0.7280514717102051,0.4047407944997152,179.34571114691815,173.59656485590628,171.29875429889213,173.6435714255502,101.28780906531307,0.3309878985087077,99.926915228662,0.4847457011540731,87.28325588014329,0.49383882681528724,86.47025627961462,0.6091750462849934,96.53797550026889,0.6234091440836589
0.7555586338043213,0.21792481740315756,0.7105528354644776,0.39992507298787433,0.7366653442382812,0.40728991826375327,0.6994178295135498,0.5645725886027019,0.7371510028839111,0.5818635940551757,0.7060580253601074,0.6552771886189779,0.7273077487945556,0.6620382944742839,0.7395011186599731,0.25135340690612795,0.7236090898513794,0.4036074956258138,175.24825067394926,178.74566741010364,172.1807161491212,171.82376451937625,95.95886051054215,0.32748045126597086,85.65564945105328,0.49273554484049475,98.54695119654922,0.4840900421142578,96.99932322395163,0.6219509442647297,85.8130268581645,0.6099248886108399
0.7573941230773926,0.22810476620992023,0.7424978733062744,0.4171794255574544,0.7139395713806153,0.4036295255025228,0.7374016284942627,0.5788454055786133,0.7003312587738038,0.5561272939046223,0.7307635307312011,0.6545786539713542,0.7033311367034912,0.6538456598917644,0.7465534448623657,0.2543372631072998,0.7282187223434449,0.4104044755299886,177.8738648948131,175.26405692741287,172.40440857038908,174.3936465953828,96.70037612325538,0.33237086931864424,100.8338933132707,0.48326588471730547,86.87949097091946,0.49462494055430095,88.24161632838849,0.6049864768981934,95.00923251995144,0.6167120297749837
0.7575181007385254,0.2163089911142985,0.7302470684051514,0.41043821970621747,0.7232219219207764,0.40913867950439453,0.7337075710296631,0.5806761423746745,0.7337299346923828,0.5671792984008789,0.7283004283905029,0.6574248631795248,0.7051083087921143,0.655998420715332,0.7591444969177246,0.26067246596018473,0.726734495162964,0.409788449605306,172.7151507921987,173.11848536718642,167.1584299264425,175.60771939496544,102.26238284697021,0.3352304577827454,87.45509000600059,0.48848387400309246,87.66334083151001,0.49523229598999025,107.8613393927504,0.6115888595581054,94.02997456216042,0.6190505027770996
0.7490477561950684,0.19332186381022134,0.7090522766113281,0.4058258056640625,0.7397210121154785,0.41237236658732096,0.7018288135528564,0.5453108469645183,0.7361711502075196,0.5603742599487305,0.7032877445220947,0.6459945678710938,0.7289766311645508,0.6352665583292644,0.7414682626724243,0.25110864639282227,0.7243866443634033,0.40909908612569174,174.56432237532525,178.27023329982492,173.35008918164593,174.08025674366345,96.1707381589864,0.33010386625925703,85.54559058080032,0.48473667303721113,99.4033244456774,0.477204966545105,95.48727336030043,0.5978204091389974,89.16982868032737,0.595652707417806
0.7544116020202637,0.2128910223642985,0.7366250514984131,0.41786823272705076,0.7196965694427491,0.40795745849609377,0.7336571693420411,0.564450454711914,0.7032478809356689,0.5456965764363607,0.7300737857818603,0.6528186162312826,0.7041629791259766,0.6528542200724284,0.7531584978103638,0.25730942090352377,0.728160810470581,0.41291284561157227,179.19249350349313,174.2897502979181,173.7992544824369,177.2210340530563,99.12658486758791,0.33511113325754804,100.62631627419928,0.4793047110239665,87.92275871769704,0.48868165016174314,89.51072095402952,0.5992753982543946,92.32210703746212,0.6086345354715983
0.7458377361297608,0.1891518274943034,0.714288330078125,0.40348974863688153,0.7321476459503173,0.41003904342651365,0.7098830699920654,0.5257407824198405,0.7193087577819824,0.5398106892903646,0.7143051147460937,0.6542318344116211,0.7042617797851562,0.6523139317830403,0.7429406404495239,0.25085893472035725,0.7232179880142211,0.40676439603169756,177.00748584197453,179.53752756921145,176.7964952495877,175.96623932324363,97.20984334424108,0.3288116653760274,91.6830079547014,0.47328754266103107,96.39504338048818,0.466252589225769,97.6179328758975,0.5960623105367024,88.02893244678079,0.5899863084157309
0.745379638671875,0.19899682998657225,0.7171288013458252,0.40307321548461916,0.729134464263916,0.4088940938313802,0.7095176219940186,0.5255631764729818,0.7156305313110352,0.5380373001098633,0.714448356628418,0.6530515034993489,0.7048698902130127,0.6531270980834961,0.7418638944625855,0.2502324024836222,0.7231316328048707,0.4059836546579997,178.04299571882265,179.79462178505858,178.88447812916317,175.7722846377448,96.85804441663234,0.32810802857081095,93.25110374618885,0.4720104773839315,96.49510212015974,0.46577341556549073,95.34149971152007,0.5955821990966796,87.78513409960766,0.5893073399861654
0.7452914714813232,0.20269603729248048,0.7166256427764892,0.4005809148152669,0.7292392253875732,0.4046325365702311,0.7080376625061036,0.5208944320678711,0.7188853740692138,0.5369823455810547,0.7130449771881103,0.6533860524495443,0.705460786819458,0.6516864776611329,0.7408211946487426,0.25214327971140543,0.7229324340820312,0.402606725692749,177.32135598777384,179.7779445694184,177.33709042255737,175.5777984608357,96.78013033555055,0.3273750027020772,91.7250851500799,0.4697945356369019,97.17690379512366,0.46175057888031007,96.67533792338847,0.5943344116210938,87.83562524403325,0.5871402422587078
0.7455777645111084,0.22622601191202799,0.7411465644836426,0.41607735951741537,0.7119243144989014,0.402143923441569,0.7329634666442871,0.5568124135335286,0.7056018352508545,0.5323746045430501,0.724970817565918,0.6386404037475586,0.7041268348693848,0.6467084248860677,0.7412504911422729,0.2560405333836874,0.726535439491272,0.40911064147949217,177.71244345566708,175.92979823474516,175.35131113552688,174.81181999158372,95.49112735841467,0.33257558743158977,99.63843621867399,0.4707426230112711,87.50804229529507,0.4829615275065104,90.73912170881009,0.5895415147145588,95.57873870324973,0.5977264086405436
0.7429397583007813,0.2239924907684326,0.7410003662109375,0.4177282969156901,0.7112136840820312,0.40213054021199546,0.7332497596740722,0.5593189875284831,0.7044506549835206,0.5391864140828451,0.7271769523620606,0.6371509552001953,0.7042561054229737,0.646190071105957,0.7402373313903808,0.25656174818674726,0.7261070251464843,0.4099294185638428,177.7052542820939,175.9404731724906,174.82011877624245,175.26877023697077,95.26400185509952,0.33324558337529503,99.51128283935877,0.47455791632334393,87.26261266885761,0.48462420304616294,90.1041726680458,0.5926882425944011,94.46144080867921,0.5982349713643391
0.7419971942901611,0.2130703608194987,0.7361881732940674,0.4134434064229329,0.7152177333831787,0.4012672742207845,0.7315047264099122,0.5535597483317057,0.7056149959564209,0.5346140543619792,0.7244903564453125,0.6447896321614583,0.7040410041809082,0.6474033991495768,0.7412414789199829,0.25460798740386964,0.725702953338623,0.4073553403218587,178.28084941466838,175.86210228805035,175.64311138739998,175.8959751731526,95.80854477369923,0.3309816638628642,98.97020011645675,0.47098469734191895,87.72754602243339,0.4804575443267822,90.79951907080296,0.591008726755778,94.39663664661082,0.599174690246582
0.7412279605865478,0.20020186106363932,0.7238982200622559,0.39935989379882814,0.7262529373168946,0.4005552927652995,0.7326583385467529,0.5352512995402018,0.709726095199585,0.5236447970072429,0.7242692947387696,0.6349143346150716,0.704985523223877,0.6402011235555013,0.7416239023208617,0.2504157543182373,0.7250755786895753,0.3999575932820638,179.58459430003902,174.98925638559834,177.54888290998224,175.385139887423,96.31466790763895,0.32518667380015054,97.07419292939836,0.46180119514465334,86.79211922257197,0.4676044464111328,92.32904685834275,0.581922960281372,94.81147709777682,0.5850828170776368
0.7403326988220215,0.19836422602335613,0.7319635868072509,0.4111666997273763,0.7189993858337402,0.4018406867980957,0.7332655906677246,0.5272360483805338,0.7070871829986572,0.5159558931986491,0.7248165607452393,0.6289216995239257,0.7051631450653076,0.6335232416788737,0.7396905422210693,0.25084362824757894,0.7254814863204956,0.406503693262736,177.47113965526705,174.97937071468021,175.82321672319443,175.42150867401432,95.2156534368225,0.32867366075515747,99.53986028546552,0.4612297932306926,86.31101476627958,0.4668698708216349,90.9375852610409,0.5747395674387614,94.74977833775922,0.5780788739522298
0.7413382530212402,0.1855005741119385,0.7175900936126709,0.3996567726135254,0.7333914279937744,0.40367552439371746,0.7162125587463379,0.5202470143636068,0.7240515232086182,0.5307451883951823,0.725456714630127,0.6228915532430013,0.704609727859497,0.6370365778605144,0.7439186096191406,0.24988669554392495,0.7254907608032226,0.4016661485036214,176.59263256505147,178.622771551671,174.7043487752349,174.84501387320057,96.92251393333126,0.3257764220237732,90.6388242651766,0.4662056684494018,94.47391700310934,0.46095658143361407,100.36540903222118,0.5838908831278483,84.85383158567723,0.571569283803304
0.7414859294891357,0.20899442036946614,0.7409518241882325,0.4069400151570638,0.7124988555908203,0.39576533635457356,0.7342599391937256,0.5390198389689128,0.703376579284668,0.5252185503641764,0.7277059078216552,0.612184206644694,0.7046255111694336,0.6352561314900717,0.7393899440765381,0.25530805587768557,0.7267253398895264,0.4013526757558187,176.92490542778134,175.83140107667546,173.95228130112451,174.61465443837304,94.95614044614392,0.3283303658167521,100.67501443568874,0.46328561305999755,86.86729602109187,0.47018625736236574,89.34971804548299,0.580237340927124,95.11886739916116,0.5756020228068034
0.7413790225982666,0.2082983652750651,0.740834379196167,0.41090141932169594,0.7099769592285157,0.39397834142049154,0.7325190544128418,0.5618407567342122,0.7007966041564941,0.5393309275309245,0.7246987819671631,0.6408732096354167,0.7051764965057373,0.6491200764973958,0.7394490480422974,0.2547161022822062,0.7254056692123414,0.40243988037109374,177.5425309922739,176.15221881764245,173.02738429906677,174.51883514012727,95.4305102585141,0.32857799132665,100.19127423223539,0.4708854039510091,87.44482758646814,0.48214031855265294,87.71547237026317,0.5942255020141601,95.65103010984522,0.6013569831848145
0.7413010120391845,0.20010331471761067,0.7342423439025879,0.40138673782348633,0.7163445949554443,0.39509433110555015,0.7321357727050781,0.5434155146280925,0.702456283569336,0.5319549560546875,0.7244367599487305,0.6400270462036133,0.7044799327850342,0.6438462575276692,0.7419733524322509,0.24796614646911622,0.7252934694290161,0.39824053446451824,178.229771358561,175.39449191667975,174.11998734332693,175.64671674094993,96.33368689592324,0.3231033404668172,99.69207340475313,0.46509774525960285,87.30156532080602,0.47082802454630535,88.96387012870196,0.5879006067911783,94.55629554339941,0.5917212804158529
0.7415346622467041,0.20817367235819498,0.7408509254455566,0.4145896275838216,0.7093412399291992,0.39456806182861326,0.7313100814819335,0.5704395929972331,0.7019218444824219,0.5434778849283854,0.726890754699707,0.6245550155639649,0.7041272640228271,0.6449887593587239,0.7379657745361328,0.2533851941426595,0.7250960826873779,0.4045788447062174,177.610570688696,176.6518160741068,173.77060474070228,174.8638739224437,94.86532225025123,0.32898201942443844,99.47211415393474,0.47402836481730143,87.85440818991101,0.48750921885172527,88.75539092216019,0.5942333221435547,94.66868976304008,0.597497304280599
0.740887975692749,0.21029208501180013,0.7411801815032959,0.41522413889567056,0.7100372791290284,0.39418017069498695,0.7309506893157959,0.5605356216430664,0.7019362449645996,0.5376853307088216,0.7259606838226318,0.6347414016723633,0.7044241428375244,0.6437949498494466,0.7380822420120239,0.25181837876637775,0.7256087303161621,0.4047021547953288,177.11287383675113,176.71334261468343,173.59344656934556,176.06524708479344,94.6643281011708,0.3282602667808533,100.09355792174482,0.4711937427520752,88.0366739825227,0.4826188882191976,88.656861302848,0.5907401402791341,93.84709207017762,0.5976385116577148
0.7415589809417724,0.21179003715515138,0.7406665325164795,0.41501827239990235,0.7096632480621338,0.39788084030151366,0.7310978412628174,0.557267697652181,0.7022946357727051,0.5424757639567057,0.7256928443908691,0.6347633361816406,0.7039915084838867,0.6443789800008138,0.7381131172180175,0.253647526105245,0.7251648902893066,0.406449556350708,177.5253850875083,176.42362641329282,173.96064412944045,175.8778288770228,94.84359171988153,0.3300485412279765,99.54394851444242,0.47446266015370686,87.74723478055876,0.4818586270014445,89.04600989207377,0.5934273719787597,93.98968026805927,0.5960155169169108
0.7404962539672851,0.20941662788391113,0.7398011207580566,0.4171264330546061,0.7088269710540771,0.39961446126302086,0.7312085151672363,0.5638994852701823,0.7026299953460693,0.5390777587890625,0.7261791229248047,0.6355915705362956,0.7040670871734619,0.6435640335083008,0.7367672443389892,0.25233177344004315,0.7243140459060669,0.4083704471588135,177.36968396909253,176.43967412108674,174.29175598817855,175.51683682309812,94.56301359795128,0.3303511102994283,99.41945258956689,0.47372410297393797,87.4617888096357,0.4861349662144979,89.21201033081392,0.5913208961486817,94.01287837132197,0.5997455279032389
0.7406526565551758,0.20982316335042317,0.7400243282318115,0.41673803329467773,0.7086711883544922,0.39832623799641925,0.7304800033569336,0.5678391138712565,0.701751708984375,0.5457394282023112,0.7234574317932129,0.6386328379313151,0.7042365550994873,0.6443804423014323,0.7368733167648316,0.25109090805053713,0.7243477582931519,0.40753213564554847,177.51212939719602,176.65301149181676,173.7035360715309,174.55565981086636,94.57765511158652,0.3293115218480428,99.2853587380225,0.47663578192392986,87.80932472617594,0.4876856247584025,88.5569786283999,0.5950599352518717,95.66507382584535,0.6032359759012857
0.7405946254730225,0.22061586380004883,0.7396574974060058,0.4156797726949056,0.7085778713226318,0.39834216435750325,0.7304336547851562,0.5633538564046224,0.7013622760772705,0.5427984873453776,0.7242776393890381,0.6393278121948243,0.7031310081481934,0.6366747538248698,0.7367567777633667,0.25439380009969076,0.7241176843643189,0.40701096852620444,177.4833589625833,176.51417007027402,173.69942463539937,175.32811042193518,94.73418518599213,0.33070238431294763,99.51328624174404,0.474904727935791,87.68661189187016,0.48518241246541344,88.9206122320314,0.5897366205851238,94.6324402370899,0.6013408342997233
0.7375813484191894,0.2104555606842041,0.7379011631011962,0.41479469935099283,0.7093900203704834,0.3999942143758138,0.7301942348480225,0.5631326039632162,0.7027963161468506,0.5391625086466472,0.7243247985839844,0.6473366419474283,0.7045370578765869,0.644023323059082,0.73627769947052,0.250885804494222,0.7236455917358398,0.4073944568634033,177.63362946289712,176.4760394457864,174.4321504934158,175.85046411500448,94.61444735826778,0.32914013067881265,98.9912049869553,0.47327848275502526,87.59218461145046,0.4852635304133097,89.04894888839169,0.5915929158528646,93.98734855699749,0.6052346229553223
0.7379980087280273,0.20890161196390789,0.7399702548980713,0.4129530906677246,0.7073387622833252,0.39568475087483723,0.730387020111084,0.5570812225341797,0.7023970127105713,0.5373114903767904,0.7264109134674073,0.6282095591227214,0.704080057144165,0.636097272237142,0.736014437675476,0.24948058128356934,0.7236545085906982,0.40431892077128095,177.58039828425348,176.4284201138097,174.19656446756488,176.09511453731756,94.56394291361269,0.32689975102742513,99.08132288831213,0.47081520557403567,87.47650411895962,0.4807000716527303,89.02392821913543,0.5867043813069661,93.19953043413788,0.5926453908284506
0.7350562572479248,0.21090707778930665,0.7380696296691894,0.4125463167826335,0.7099595069885254,0.39905837376912434,0.7298575878143311,0.5525564193725586,0.7023043155670166,0.5363941828409831,0.725314998626709,0.6415264129638671,0.704790735244751,0.6418346405029297,0.7338499784469604,0.24729708830515545,0.7240145683288575,0.4058023452758789,176.78853708351016,176.97065974348962,173.9929214948053,176.76107321783022,93.55070810621993,0.32654971679051714,99.4388192800989,0.47109826405843097,87.71997047349812,0.47917938232421875,88.64914323076812,0.5891144116719564,92.92284360712922,0.5970414161682129
0.735205888748169,0.20969001452128092,0.7392164707183838,0.41229588190714517,0.7068474769592286,0.39845317204793296,0.7299934387207031,0.554672114054362,0.6994954586029053,0.5332508087158203,0.7276919841766357,0.6267980575561524,0.7037100315093994,0.6346063613891602,0.7346864223480225,0.2514418363571167,0.7230319738388062,0.40537452697753906,176.6890148641463,176.4436645819587,172.80082498319416,176.96672769772806,94.32967932318333,0.3284081816673279,100.4289632655684,0.4693126678466797,87.33033952653767,0.48002332051595054,87.61889505816019,0.5839285850524902,91.82762123702811,0.5907350858052571
0.7351900577545166,0.2207830270131429,0.7384967803955078,0.4142051060994466,0.7074404239654541,0.3998501141866048,0.7302464485168457,0.557364018758138,0.6996289730072022,0.538218371073405,0.7261573314666748,0.6309679667154948,0.703455114364624,0.6349911371866862,0.7335968732833862,0.25160743395487467,0.722968602180481,0.4070276101430257,176.67120100619056,176.6006403437157,172.84330980786706,176.00437266879487,93.91203066813841,0.32931752204895015,100.08772174296416,0.47262299060821533,87.2284518953404,0.48219581445058185,87.73585443543993,0.5866047541300456,93.17983697252922,0.5941659927368164
0.7373008251190185,0.19921043713887532,0.7334835529327393,0.4124935150146484,0.7104968070983887,0.40069586435953775,0.7295520305633545,0.5622690836588542,0.7034448623657227,0.5407175064086914,0.7249126434326172,0.6490016301472982,0.704377555847168,0.6497632980346679,0.7304687738418578,0.24661941528320314,0.7219901800155639,0.4065946896870931,177.3775815794986,177.05265153666497,175.36726734556444,176.24739932095517,93.03380357007313,0.3266070524851481,97.8724364289607,0.47365609804789227,87.21905555458184,0.48443188667297366,89.509948103832,0.5952404022216797,93.06187496221213,0.6056353569030761
0.7409484386444092,0.18481841087341308,0.727022361755371,0.41013479232788086,0.7193276405334472,0.40780309041341145,0.7294599056243897,0.5365780512491862,0.7049103736877441,0.5180267969767253,0.7227097511291504,0.6392916361490886,0.7044768810272217,0.6487958272298177,0.7395204067230224,0.24555321534474692,0.7231750011444091,0.40896894137064616,177.73157356330793,175.2005093594183,175.73188062422693,176.35576666571205,95.7119237221368,0.3272610783576965,99.50746199352015,0.46349786917368574,87.18039124998755,0.47277349630991616,90.18993188885985,0.5834113121032715,93.75997019670122,0.5879348436991374
0.7408976554870605,0.1851707935333252,0.7341369152069092,0.4177767117818197,0.7126545429229736,0.4059830983479818,0.730593490600586,0.5515697479248047,0.7020002365112304,0.5233639399210612,0.7237007141113281,0.6257795969645182,0.7045142650604248,0.6485022862752279,0.7386420965194702,0.24482150077819825,0.7233957290649413,0.41187990506490074,176.6303017202047,175.54733518094065,174.28678928999636,174.6117710210887,95.21457911259299,0.3283507029215495,100.86384513014235,0.46762192249298096,87.05034414819283,0.4817248264948527,88.84908299222067,0.5859331130981446,95.30653487278343,0.5886746724446614
0.7410477638244629,0.18615716298421223,0.734808874130249,0.41745986938476565,0.7125624179840088,0.40517339706420896,0.7307253837585449,0.551074727376302,0.7021358966827392,0.5229668617248535,0.723047924041748,0.6349701563517253,0.7045727729797363,0.6494850794474284,0.7436096906661988,0.24903128147125242,0.7236856460571288,0.4113166332244873,177.68479278022886,174.6738057355144,174.3084391629307,174.93466939946586,96.99927270737028,0.33017395734786986,100.92439485157257,0.4671417474746704,87.11639850001373,0.48119568030039467,88.89655839916794,0.586225970586141,95.22870241086213,0.5930224418640136
0.7409066677093505,0.18581649462382,0.7333481788635254,0.4099704424540202,0.7156947135925293,0.4034247080485026,0.7297849178314209,0.5471476236979167,0.7044199466705322,0.5304477055867513,0.7233278751373291,0.6357409795125325,0.7047975063323975,0.650839360555013,0.7458576679229736,0.24848324457804363,0.7245214462280274,0.4066975752512614,179.13406413539818,174.77337655783325,175.20148544188922,176.12999440278824,97.68036956641438,0.3275904099146525,99.22632416579347,0.4685726404190063,87.85380175919228,0.47692259947458904,89.82031558395028,0.5906435330708821,94.16857768335389,0.5914443016052247
0.7386024475097657,0.18685805002848307,0.7150787353515625,0.40688352584838866,0.7275569915771485,0.4112563451131185,0.7209809303283692,0.5450016021728515,0.7288097381591797,0.5408477783203125,0.7217686653137207,0.6444800059000652,0.705715560913086,0.6554787953694662,0.7344565629959107,0.2483937422434489,0.7213178634643556,0.40906993548075354,175.63995190567238,177.540717531829,172.23242219744665,179.65602330254856,94.67474898933591,0.3287318388621012,86.74610532849552,0.474958856900533,90.14201846857462,0.47703576882680254,101.39063853209649,0.5981632868448894,89.54630407198603,0.5947408040364583
0.740798807144165,0.18577907880147299,0.7155026435852051,0.40710357030232747,0.7271950721740723,0.410909112294515,0.7246217250823974,0.5469596862792969,0.728519344329834,0.5425472259521484,0.7195707321166992,0.6480374018351237,0.7053534507751464,0.6549841562906901,0.7373130083084106,0.24639440377553304,0.7213488578796388,0.4090063412984212,175.2256674746205,176.22308244542222,172.07858264251152,177.565439612918,95.60694853026607,0.32770037253697715,86.92645098519763,0.47577678362528486,88.6409441003183,0.4779830137888591,101.6419999881943,0.5987656911214192,92.86076952602272,0.5974985440572103
0.7400047302246093,0.18624272346496581,0.7174919128417969,0.40901479721069334,0.7248389244079589,0.41168622970581054,0.7232357501983643,0.5455140431722005,0.715101671218872,0.5377638498942058,0.7208855152130127,0.6458612442016601,0.7049051284790039,0.6529478073120117,0.7363778352737427,0.2466502030690511,0.7211654186248779,0.4103505134582519,178.54466197899694,176.60458257451918,178.7756994961746,178.72641475104112,95.30916043857899,0.32850035826365154,92.72471628187928,0.47405718167622884,89.12245569475802,0.4779322783152262,95.058863551994,0.5953558286031088,91.34168098527452,0.5956876436869303
0.7379936218261719,0.18414352734883627,0.7083535671234131,0.4063557624816895,0.7322347164154053,0.4129614512125651,0.7054634094238281,0.5351925532023112,0.7282754421234131,0.5384800593058269,0.7129212379455566,0.6544855117797852,0.7106646537780762,0.6558787027994791,0.7347108840942382,0.24254395961761477,0.7202941417694092,0.4096586068471273,175.2089365773248,178.96946171036618,173.7084156372838,174.69777246062023,94.93061772272823,0.32610128323237103,86.45469726381782,0.4740693330764771,96.7377614707997,0.47242558002471924,98.53123901089768,0.597179381052653,86.42269987044918,0.5948390324910482
0.7412558555603027,0.18688281377156576,0.72234206199646,0.4087959289550781,0.7238231658935547,0.4093827247619629,0.7243068218231201,0.5575372060139974,0.7279142379760742,0.5520090103149414,0.7216207981109619,0.6469149271647135,0.705668830871582,0.6555470784505208,0.7370804071426391,0.24857348601023355,0.7230826139450073,0.4090893268585205,176.33350109726499,177.1600591680123,171.915789642391,178.630805921723,94.98387363132937,0.328831406434377,88.06376372675986,0.48054916858673097,89.52750854342452,0.48331326643625894,102.12579918732636,0.6037780443827312,91.72136315869386,0.6022260665893555
0.740537166595459,0.18902503649393718,0.7172032356262207,0.4062192916870117,0.7256458282470704,0.4097326596577962,0.7222866535186767,0.5450321197509765,0.727367639541626,0.5395712534586589,0.7208549499511718,0.6474801381429036,0.7051953315734864,0.6553495407104493,0.7382145881652832,0.24623176256815593,0.7214245319366455,0.40797597567240396,175.29647693107904,176.58826152901136,172.91231107260867,179.33560672524874,95.92643220831201,0.32710386912027994,87.41416435336498,0.4737736145655314,89.63959823230219,0.47650404771169025,100.84125906765446,0.597460397084554,90.80065221068769,0.5962561289469401
0.7383673667907715,0.18573284149169922,0.7075966835021973,0.4052093505859375,0.7360034942626953,0.4148314158121745,0.7009929656982422,0.5341002146402994,0.7297375202178955,0.5499080657958985,0.7069879531860351,0.6546670277913411,0.723121976852417,0.6475041071573894,0.734975028038025,0.24384094874064127,0.7218000888824463,0.410020383199056,175.7720700762611,177.15805764661414,175.8032222419036,173.68866095600018,94.53300833474837,0.32693066596984866,86.75243611414379,0.4799642244974772,99.5194398979307,0.4720602989196777,93.87785982039128,0.5987060864766439,87.15340556367285,0.5943836212158202
0.7405535697937011,0.18529257774353028,0.7055107593536377,0.4067300160725911,0.738505220413208,0.41769498189290366,0.6992401599884033,0.530868117014567,0.7312018394470214,0.5501690546671549,0.7055637836456299,0.6547098159790039,0.7240507125854492,0.6427781422932942,0.7352765560150146,0.24650427500406902,0.7220079898834229,0.41221249898274737,175.41849516445097,176.3604046566739,175.07686776575187,173.1974958403922,94.57801247265958,0.3293583869934082,86.18727069278728,0.48119077682495115,100.8619825911183,0.4715403079986572,94.41552699976103,0.5964735984802245,87.07689294779502,0.5927889664967855
0.7403286933898926,0.19560583432515463,0.7336715221405029,0.4141668955485026,0.7126867294311523,0.40161857604980467,0.7282726764678955,0.5562726974487304,0.7024298191070557,0.5309949556986491,0.7223753452301025,0.6414616902669271,0.7051434993743897,0.6416520436604818,0.7366738796234131,0.24779171943664552,0.7231791257858275,0.40789273579915364,177.32708298300003,176.47392302259186,174.1833008839102,176.23710579032104,94.81801515572191,0.3278422276178996,99.56747416280471,0.46944384574890136,88.03393665332142,0.48208271662394203,88.59519826832765,0.5863234996795654,93.9600653269117,0.5988671938578287
0.7400854587554931,0.20380234718322754,0.7366615295410156,0.414729372660319,0.7071815967559815,0.40101264317830404,0.7293880462646485,0.5607241312662761,0.7006348609924317,0.5389091491699218,0.7226310253143311,0.6424979527791341,0.7046242237091065,0.6427757263183593,0.7363615036010742,0.2478378613789876,0.7219215631484985,0.4078710079193115,177.77068590827065,175.92670176905654,173.58902858284353,175.10309612745377,95.15588957636436,0.32785443464914954,99.22690603625404,0.4733900785446167,87.20347092003824,0.4842975695927938,87.8004344244343,0.5908424377441406,94.72365410380294,0.6016110420227051
0.7385603427886963,0.19845701853434244,0.7356228828430176,0.4188837687174479,0.713804292678833,0.4073897361755371,0.7290563106536865,0.5580327987670899,0.7022721767425537,0.5309263229370117,0.7237075328826904,0.6391396204630534,0.7049074649810791,0.642353375752767,0.7425360202789306,0.25077935854593914,0.7247135877609253,0.4131367524464925,177.39198384881382,175.7712364290534,173.70664723018092,176.48201136954313,96.26443856819876,0.3319580554962158,100.78678674361474,0.4720315376917521,88.28328490223807,0.4855847756067912,88.6451876110169,0.5866398493448893,93.77303989703162,0.5985862096150716
0.7407179832458496,0.18896795908610026,0.7359192371368408,0.41778815587361656,0.7131863594055176,0.40185572306315104,0.7286792755126953,0.5512825012207031,0.7024501323699951,0.5284966786702474,0.7235213279724121,0.6360312143961588,0.7051406860351562,0.6406745910644531,0.7410332202911376,0.24897811412811277,0.7245527982711792,0.4098219394683838,177.3088900864511,175.9889842797624,173.81941828260787,176.77843547853493,95.85023917933539,0.3294000267982483,100.55021698454887,0.4691593090693156,88.32912650249794,0.4805522203445435,88.62604129471384,0.5845856348673503,93.48282032207312,0.5936568578084309
0.7382635593414306,0.19505200386047364,0.7343610763549805,0.41537675857543943,0.7105593681335449,0.40326881408691406,0.7293130874633789,0.5533133824666341,0.7024978637695313,0.5287991205851237,0.7232108116149902,0.6351496378580729,0.7052802085876465,0.640056864420573,0.732921552658081,0.2476244767506917,0.7224602222442627,0.40932278633117675,176.69001788253453,176.59890028741106,174.30916464805065,175.5450880035103,93.70168307479548,0.32847363154093423,99.48548067898402,0.46906095345815024,87.27520950261182,0.48131808439890544,88.56743999223606,0.5844279925028484,94.26447651711254,0.5942315101623534
0.7378491878509521,0.1943352699279785,0.7337398529052734,0.41746209462483724,0.7130172729492188,0.40208479563395183,0.7287911415100098,0.5505110422770182,0.7039869785308838,0.5271031379699707,0.7233489036560059,0.6347063700358073,0.7054564476013183,0.6409193674723307,0.7370847702026366,0.24725782871246338,0.7233785629272461,0.4097734451293945,177.36045236643008,176.23098328692745,174.82669009488154,176.3092015146618,94.82079091562022,0.32851563692092894,99.38468485351368,0.4684382915496826,87.79756684970813,0.48014224370320635,89.26030146539955,0.5840112527211507,93.69835340890636,0.5926087061564127
0.7355909824371338,0.18734105428059897,0.7349035739898682,0.4127264340718587,0.7124304294586181,0.40102125803629557,0.7303587913513183,0.5527456919352214,0.7022370338439942,0.5289168039957682,0.7237826347351074,0.6414385477701823,0.7051097869873046,0.6354099909464518,0.7405034303665161,0.24848940372467043,0.7236670017242431,0.40687384605407717,177.81119581339632,175.46375740542092,173.81251532234782,175.7313026829418,96.06781333986943,0.3276816248893738,99.95924484578205,0.4678953250249227,87.37342952428921,0.4798097689946493,88.45476760420823,0.58216339747111,94.24045230444645,0.5970921198527018
0.7347381114959717,0.19213534990946451,0.7284260749816894,0.4118763605753581,0.7169666290283203,0.40818831125895183,0.7290355205535889,0.5597108205159506,0.7054807662963867,0.5361325581868489,0.7226552486419677,0.6472514470418295,0.7061054706573486,0.6544440587361654,0.7369075059890746,0.24442040920257568,0.7226963520050049,0.41003233591715493,178.3747427724608,176.1446338650694,175.81414124068422,175.841378444873,94.90453456630905,0.3272263725598653,97.77413226035978,0.4730824470520019,87.5748640294159,0.48487157821655275,89.6974715853613,0.5952883084615072,94.16854929320455,0.60348113377889
0.734720516204834,0.1848133087158203,0.7339678287506104,0.41099487940470375,0.7133951187133789,0.4015896479288737,0.7301124095916748,0.5716746012369792,0.7035231590270996,0.544907824198405,0.7224603176116944,0.6442394892374674,0.7056177139282227,0.656997807820638,0.7409144163131713,0.24627203146616616,0.7236814737319947,0.4062922636667887,178.86239282034407,175.87187792170621,174.80833804393103,174.27435104712998,96.14662371223424,0.32628214756647744,98.27429449142006,0.47560004393259686,87.77316040901945,0.48898343245188397,88.92947445830306,0.6009528160095214,96.01969095062684,0.6079570452372234
0.7360523223876954,0.21996920903523762,0.7400428295135498,0.41379931767781575,0.7079391002655029,0.3986290613810221,0.729793930053711,0.5682079950968425,0.7006250858306885,0.540385882059733,0.7231103420257569,0.6385544459025065,0.7035996913909912,0.6494309743245442,0.7345840454101562,0.24930137793223064,0.7239909648895264,0.4062141895294189,176.77531620726597,177.0878769936069,173.64496954477477,174.7898055890861,93.8621401873146,0.32775778373082476,99.8789342140149,0.47330003579457597,87.9484196766592,0.4872110923131307,88.43743459459483,0.5949084281921386,95.42735751735238,0.6033812204996745
0.7388826847076416,0.2087227980295817,0.7401674747467041,0.4130668640136719,0.7102542400360108,0.39859952926635744,0.7307154655456543,0.5508816401163737,0.7018022537231445,0.5345296223958333,0.7215071201324463,0.6337223688761393,0.7034318447113037,0.6473868052164714,0.7360052585601806,0.24928538799285888,0.7252108573913574,0.40583319664001466,176.52873065865967,176.82183438122814,174.0207553228528,174.58830819268562,93.94445791115184,0.32755929231643677,100.30883426980367,0.470181409517924,87.82666033294059,0.47835741837819423,89.17274031287305,0.5909582138061524,96.34280156579679,0.5923020044962566
0.7341116905212403,0.19677832921346028,0.7402580261230469,0.41018473307291664,0.7099814891815186,0.39718853632609047,0.7307817459106445,0.5445606231689453,0.6995643615722656,0.5341902414957682,0.7239367961883545,0.6243282318115234,0.7052216053009033,0.6444581985473633,0.736015009880066,0.25100615819295247,0.7251197576522828,0.40368663469950355,176.25508047723613,176.67709752566861,172.33866790586532,175.40258469854228,94.08169792846233,0.327346396446228,101.07953951675691,0.4689384380976359,87.69841457534595,0.47412362893422444,87.06304302471047,0.5893242200215658,94.90460148334292,0.5844444274902343
0.7380764484405518,0.1842629273732503,0.7088697910308838,0.39220237731933594,0.742133617401123,0.4046018918355306,0.6973425865173339,0.5289827028910319,0.7322724819183349,0.5476171493530273,0.705880880355835,0.6390378316243489,0.7229049682617188,0.6350344975789388,0.7341687440872193,0.24801925818125406,0.7255017042160035,0.39840213457743323,177.03928930249614,175.2980191470234,174.5123314860987,170.9023263901058,93.29848780014784,0.32321069637934363,87.40192993357327,0.47300964196523027,102.16922824571601,0.46369241873423256,96.11639079434303,0.5913258234659831,85.56376674427443,0.5840102672576903
0.7373059272766114,0.1997202237447103,0.7437155723571778,0.4150486628214518,0.7106089115142822,0.396007506052653,0.7317850112915039,0.5467766443888347,0.6988473415374756,0.5452336629231771,0.7227478504180909,0.638380750020345,0.7039834976196289,0.6445611317952474,0.7365647077560424,0.2562770366668701,0.72716224193573,0.4055280844370524,175.97948826491242,177.18287489297518,171.50132468501945,175.4518189996854,93.60473600152498,0.3309025605519612,101.45725620639314,0.4753808736801147,88.12549828838132,0.4761523644129435,87.03991048553674,0.5948973973592122,95.63425707489696,0.5925786972045899
0.7380528450012207,0.18630579312642415,0.7433832168579102,0.4116158167521159,0.7120303153991699,0.3884427070617676,0.7315157413482666,0.5493340810139974,0.6988502502441406,0.5430413564046224,0.723531436920166,0.6619570414225261,0.7029143333435058,0.6251861572265625,0.7374595403671265,0.25515218575795495,0.7277067661285401,0.40002926190694177,176.23066998676077,177.3811460633552,170.88399440164693,176.85811258596843,93.85120282104944,0.32759072383244836,101.40778392043737,0.47153530915578207,88.5386213338343,0.4746816714604696,87.1676223427678,0.5841137568155924,94.05514862648133,0.6056455612182617
0.7324728012084961,0.1844660758972168,0.7422316074371338,0.4116681416829427,0.7118076801300048,0.39381643931070964,0.7302463054656982,0.5697036743164062,0.6991458892822265,0.548526382446289,0.7248002529144287,0.6740354537963867,0.705166244506836,0.6463056564331054,0.7379045724868774,0.2505751371383667,0.7270196437835693,0.4027422904968262,176.58739400607294,177.51816323556739,171.34963772426914,177.48062268946416,94.09155309285669,0.3266587138175965,100.82424968556933,0.4756343364715576,88.89285126151236,0.4862229824066162,86.47669661389928,0.5974160194396972,92.9880912717828,0.6218695640563965
0.7265233039855957,0.18009743690490723,0.7412033081054688,0.4106870651245117,0.7121631622314453,0.39451897939046227,0.7302042961120605,0.5604241053263347,0.6964030265808105,0.5441206614176433,0.7262821197509766,0.6785168329874675,0.7041697978973389,0.6478561401367188,0.7347088098526,0.2494054635365804,0.726683235168457,0.402603022257487,175.32820019727248,177.89215441335017,170.47333412531222,178.18104752904136,92.9988179816029,0.3260042428970337,102.07733687572993,0.47336184183756513,88.72191683928529,0.48151356379191085,85.71820078976208,0.595988400777181,91.90224733854059,0.6194704691569011
0.7215521812438965,0.191009521484375,0.741905927658081,0.411986255645752,0.7141367435455322,0.39539893468221027,0.7298892498016357,0.5831107457478841,0.6972346305847168,0.5568156560262044,0.7281290531158447,0.6748556137084961,0.714910888671875,0.6788975397745768,0.7339077234268188,0.2517394463221232,0.7280213356018066,0.40369259516398115,175.4863726072047,178.70873736855697,169.03394430459147,178.87811040574334,92.21842474480918,0.32771602074305217,101.36823991531634,0.4802541255950928,89.40351779708158,0.49340167045593264,81.76138729308254,0.6178565979003906,91.0991292685953,0.6289831797281902
0.7187117576599121,0.19009963671366373,0.7416625022888184,0.415210755666097,0.7156011581420898,0.40110975901285806,0.7294122695922851,0.5708180745442708,0.6983315944671631,0.5484642664591471,0.72889723777771,0.6727914810180664,0.7094015121459961,0.6680360794067383,0.7344323873519898,0.25009637673695884,0.7286318302154541,0.40816025733947753,174.71240878248133,178.82834165560035,170.4785877769047,179.65315778106006,92.10167161544884,0.3291283170382182,102.18651450127024,0.4783122618993123,89.72509443386592,0.4894891659418742,84.71065353173601,0.6082501729329427,90.28937837224031,0.6218047777811686
0.7175203323364258,0.2039676825205485,0.7415976524353027,0.4210069020589193,0.715623426437378,0.4060633341471354,0.729807710647583,0.568205451965332,0.6976686954498291,0.5513912836710612,0.7299131393432617,0.6676892598470052,0.7116576671600342,0.6667866388956706,0.7332261800765991,0.2512182076772054,0.7286105394363404,0.41353511810302734,174.1051863993696,178.9386630552032,169.25824795872515,179.76706779083807,91.62882278844165,0.33237666289011636,102.65039667067259,0.48246320088704425,89.5565310664401,0.4908702850341797,83.0879625919999,0.6090889612833659,89.93928039980365,0.6179473559061686
0.7188362121582031,0.2226728598276774,0.7464561939239502,0.4085029284159342,0.7192845344543457,0.3965847333272298,0.7302582740783692,0.5621230443318684,0.6994622707366943,0.5450064977010091,0.7307371616363525,0.6669474919637044,0.706965970993042,0.6643190383911133,0.7338204860687256,0.2525037050247192,0.732870364189148,0.402543830871582,173.50179943189352,179.72139794296058,170.74994497354226,179.27599667497398,90.36281791807224,0.32752376794815063,103.19762756187184,0.4737751642862955,90.9377685952788,0.4823334376017252,86.4013433902527,0.6046627680460612,89.7382476543516,0.6145352681477865
0.7177754878997803,0.2186827341715495,0.7459001541137695,0.4116167386372884,0.7188414096832275,0.39884764353434243,0.7295027256011963,0.5653020858764648,0.6996316909790039,0.5464469909667968,0.734117841720581,0.6586316426595052,0.7100976467132568,0.6649869918823242,0.73620924949646,0.2554380655288696,0.7323707818984986,0.40523219108581543,174.11126967362588,179.78660441699373,170.05347032936896,177.56406726595745,91.46788048988748,0.3303351283073425,103.05279457731186,0.47583959102630613,91.02648870815685,0.4852671384811401,84.95441042150057,0.6057169914245606,87.16904838273314,0.611966864267985
0.717353343963623,0.21976985931396484,0.7453817367553711,0.4194783210754395,0.719050407409668,0.40989449818929036,0.7304141998291016,0.5691898981730144,0.6974890232086182,0.5495632807413737,0.7335410594940186,0.662493896484375,0.7111839771270752,0.6642321268717448,0.7349788904190064,0.2546846389770508,0.7322160720825195,0.4146864096323649,172.80704616774665,179.83664708248133,168.37180686576673,178.38693629432248,90.9892521783198,0.3346855243047079,104.43847298446391,0.4821248451868693,90.66817258400214,0.49193815390268963,83.18939732384835,0.6068977038065593,88.08058774886534,0.6158418973286947
0.7162809848785401,0.22284701665242512,0.7439276218414307,0.4310674031575521,0.7186188697814941,0.41462663014729817,0.7278830528259277,0.5885584513346355,0.6969944953918457,0.549705441792806,0.7309453010559082,0.6568290710449218,0.7074672698974609,0.6302799224853516,0.7352786302566527,0.2537680943806966,0.7312732458114624,0.42284701665242513,172.25023886673148,179.90654927026063,166.0475315686119,177.3514401863403,91.35705093207075,0.3383075555165609,105.12093026121133,0.4862762292226156,91.17201722957343,0.5057027339935303,82.59442207786816,0.5899926821390789,87.43174479838282,0.6226937611897787
0.7173985004425049,0.2099853515625,0.7448776245117188,0.417807133992513,0.7187864780426025,0.40593010584513345,0.73140549659729,0.5649589538574219,0.701231050491333,0.5403955459594727,0.73415207862854,0.6578464508056641,0.7076956748962402,0.6519252777099609,0.7342401266098022,0.2572881857554118,0.7318320512771607,0.41186861991882323,173.25818432232262,179.6317803630995,170.94118281383652,178.84670923520656,90.89248936772644,0.3345784028371175,103.39222426555483,0.476132082939148,90.15964247391798,0.48841378688812254,86.68266288980593,0.5961604118347168,88.30631974736936,0.6114027023315429
0.7189668178558349,0.21343847910563152,0.7428000926971435,0.4193211555480957,0.7192729949951172,0.40873635609944664,0.7306665420532227,0.5664407730102539,0.7016977787017822,0.5398757934570313,0.7330147743225097,0.6585219701131185,0.7060260772705078,0.6430419286092123,0.7334159851074218,0.2568421443303426,0.7310365438461304,0.4140287558237712,173.27118872908648,179.63028186193614,171.36502802411246,179.00275204774817,90.86725916757891,0.3354354500770569,103.12299274700905,0.47695227464040124,90.13909335950842,0.4902347644170125,87.59758482457549,0.5914588610331217,88.53917360364224,0.6124813715616861
0.7161330699920654,0.21495070457458496,0.7441147327423095,0.4173075040181478,0.720077657699585,0.4066449165344238,0.7316791534423828,0.555070432027181,0.7016543388366699,0.5415311177571615,0.7319384574890136,0.65235595703125,0.7072118282318115,0.648739242553711,0.7345348596572876,0.2602017323176066,0.7320961952209473,0.41197621027628584,173.44316634342283,179.6121121400036,171.0326420726396,179.80968704287378,90.92053129937513,0.33608897129694626,103.22306466772713,0.47675366401672364,90.16698554173588,0.4835233211517334,87.0325390416516,0.5951351801554362,89.84728465720727,0.6037131945292156
0.7176232814788819,0.21535374323527018,0.7434187412261963,0.4245857874552409,0.7195911407470703,0.41278800964355467,0.7325061798095703,0.5389389673868815,0.7018309593200683,0.5380866368611653,0.731988525390625,0.6446557362874349,0.7066435813903809,0.6332057317097982,0.7353941202163696,0.26058576901753744,0.7315049409866333,0.4186868985493978,172.93956091350552,178.92852905650315,170.49282444360864,179.59683122001957,91.40915264255344,0.3396363337834676,103.95674896268302,0.47838676770528155,89.5229567873773,0.47881293296813965,87.10354687463878,0.5856461842854818,90.28055318675848,0.5917973518371582
