0,1,2,3,4,5,6,7,8,9,10,11,12,13,14,15,16,17,18,19,20,21,22,23,24,25,26,27,28,29,30,31
0.3075685739517212,0.2003566265106201,0.33540279865264894,0.3906728744506836,0.2943796396255493,0.3882571856180827,0.3488154411315918,0.5514568328857422,0.28421435356140134,0.5243761380513509,0.3519111633300781,0.6406639099121094,0.2882131576538086,0.6379784901936849,0.3138589024543762,0.2243483622868856,0.3148912191390991,0.38946503003438315,172.83242775953914,174.2718665437482,171.85675097701832,173.60401008287346,89.64178892822652,0.3069066961606344,102.81042442613602,0.456920584042867,78.17208687364983,0.4704609314600627,87.98402025911626,0.5811773141225178,88.01248205407096,0.5960603713989259
0.3096785306930542,0.2342178185780843,0.3353086233139038,0.38745199839274086,0.294046425819397,0.3919830004374186,0.3466103315353394,0.5550750096638998,0.2875109434127808,0.5354255040486654,0.34464035034179685,0.6505362192789713,0.29076228141784666,0.6523393630981446,0.31007032394409184,0.23036261399586994,0.31467752456665044,0.3897174994150797,173.66805098146247,175.49044893748612,173.20383449269184,172.26438156361536,88.34395012533935,0.31004005670547485,100.56126985475012,0.46257150173187256,79.06994361540791,0.47239625453948975,88.40703278864889,0.593882433573405,91.18221411639283,0.6028056144714355
0.30538389682769773,0.20255287488301596,0.33377799987792967,0.38646189371744794,0.29143943786621096,0.391085147857666,0.34150381088256837,0.5425013224283854,0.2874671220779419,0.5345541000366211,0.3391427755355835,0.6556797027587891,0.29056644439697266,0.6512974421183269,0.30574153661727904,0.22767785390218098,0.3126087188720703,0.388773520787557,173.6228426076389,175.83545310441303,173.6797954154555,173.12759990569847,87.55907466304893,0.308225687344869,99.78508418696693,0.46166381041208904,79.35473671427536,0.4656374216079712,88.47925900213981,0.592925771077474,91.19508462345769,0.5990905125935873
0.3029574632644653,0.18183611234029134,0.3320485591888428,0.38941882451375326,0.28900632858276365,0.395375124613444,0.3372234582901001,0.551747449239095,0.28863561153411865,0.5462477366129558,0.33243980407714846,0.6591899871826172,0.2913180351257324,0.6643852233886719,0.30620497465133667,0.22641454537709554,0.3105274438858032,0.3923969745635986,175.04585929752588,175.93588122938615,174.65941186816585,172.75540573563168,88.50825606638578,0.3094057599703471,98.09840355118766,0.4693223555882772,80.48954580944248,0.47207221190134685,88.69926853347994,0.6053164800008138,92.54929112180044,0.6054687182108561
0.3067610263824463,0.18401139577229816,0.3307953357696533,0.3933908780415853,0.2876856803894043,0.3977383613586426,0.33148257732391356,0.5533425649007161,0.287128210067749,0.5455899556477865,0.3307338714599609,0.6563814798990886,0.28997323513031004,0.6629439036051432,0.30787085294723515,0.22995595137278238,0.3092405080795288,0.3955646197001139,175.3754401327518,176.1518275825758,174.4896509250018,174.87270369095538,89.52614998904652,0.31276028553644813,98.38448240704696,0.4705772876739502,81.9758483527779,0.474453592300415,88.61124395060546,0.6042669296264649,90.41631776839702,0.6048620223999024
0.3040052652359009,0.18928701082865398,0.32894651889801024,0.40145158767700195,0.2867697477340698,0.4037531534830729,0.32973783016204833,0.54820556640625,0.2871206760406494,0.552844492594401,0.3291954517364502,0.6504549662272135,0.2920078754425049,0.6611937204996745,0.3059850215911865,0.23284950256347656,0.30785813331604006,0.40260237058003745,175.51509174014646,175.76156153383633,173.90983293769835,174.77568923673928,89.36780425414645,0.317725936571757,97.85870446862488,0.47772343158721925,81.45414224972859,0.4754039684931437,87.41736757986705,0.6070191065470378,90.3039206418778,0.5993302663167317
0.3081843614578247,0.18436307907104493,0.3260229825973511,0.40035874048868814,0.2857151746749878,0.4014210065205892,0.3277122020721436,0.5503268559773763,0.28765437602996824,0.545779291788737,0.3288432598114014,0.6573809941609701,0.28754434585571287,0.6667116165161133,0.30631970167160033,0.22900575002034507,0.3058690786361694,0.40088987350463867,176.20683279267362,175.49294136870157,176.1086178086701,175.486939296889,90.1502101439409,0.31494781176249187,97.16532153248522,0.4733345826466878,81.6839981960562,0.4756083647410075,90.05213050256434,0.6062454541524251,89.39467614405442,0.6038539250691732
0.3055674314498901,0.18788631757100424,0.32672882080078125,0.40408865610758465,0.28625805377960206,0.4050371487935384,0.3271124839782715,0.5499965031941731,0.2877875566482544,0.5507740656534831,0.32941670417785646,0.6543363571166992,0.28981809616088866,0.6681676864624023,0.3057032942771912,0.2332631508509318,0.30649343729019163,0.40456290245056153,175.93885393509794,175.79754609018062,175.38941921112183,176.02140134601615,89.73571742886895,0.31891302665074667,97.29066914470366,0.47766848405202234,81.93059255816208,0.4772797028223673,89.00906247614618,0.6094708760579427,88.73489724502849,0.6021664301554361
0.30513696670532225,0.18698275883992513,0.32812297344207764,0.403138001759847,0.286069917678833,0.4011016527811686,0.3253275632858276,0.5613232930501302,0.2854920387268066,0.5470902760823567,0.327424955368042,0.6658469518025716,0.2865692377090454,0.6633371353149414,0.3070970058441162,0.23450910250345866,0.30709644556045534,0.40211982727050777,175.47768254418006,176.6600554577835,174.97585164756853,176.7418192354008,90.00019152646195,0.31831446488698323,98.47619549191101,0.47460505167643224,83.46725471147354,0.481721560160319,89.46908510627046,0.6052137056986491,88.85044600915279,0.6135851224263509
0.3066673994064331,0.19575767517089843,0.32511749267578127,0.40888875325520835,0.28580408096313475,0.40638103485107424,0.324605393409729,0.5593938827514648,0.28657562732696534,0.5432778676350911,0.32743015289306643,0.6565680185953776,0.2860360383987427,0.6597979227701823,0.30660855770111084,0.2419752597808838,0.305460786819458,0.4076348940531413,175.8777029478252,176.05509034937765,175.860389378647,176.62154518869562,90.39696680123923,0.32480507691701255,97.92616555873661,0.47545638084411623,82.81003830407518,0.4835143884023031,90.26532726257089,0.6015378952026367,88.33493520811764,0.6079809506734213
0.3071714162826538,0.19600229263305663,0.3255504608154297,0.4115419387817383,0.2863108396530151,0.40718139012654625,0.32614548206329347,0.5655740737915039,0.28698410987854006,0.5418081919352213,0.327587366104126,0.6582667668660481,0.2882709503173828,0.6608608881632487,0.3072062611579895,0.23859673341115317,0.3059306502342224,0.40936166445414224,175.6746316656979,175.94154444536588,175.364128236497,175.91853072240488,90.42799046851127,0.3239791989326477,98.14095834905446,0.4755849281946818,82.62655532218841,0.4874678691228231,89.38071411091255,0.601334540049235,89.10880561530934,0.611920420328776
0.3058892250061035,0.19859142303466798,0.3266816377639771,0.4114568074544271,0.28683040142059324,0.4046976089477539,0.32578263282775877,0.5595054626464844,0.2877295255661011,0.5418905893961589,0.328108024597168,0.6567998250325521,0.2894885540008545,0.6692921956380208,0.3072076678276062,0.23460577328999838,0.30675601959228516,0.4080772082010905,175.53454896250213,176.11056360671213,175.4269680296723,176.4625204146506,90.1491742963338,0.3213414907455444,98.09245814126491,0.4749838987986247,82.83844652001982,0.48379133542378744,89.20896992759776,0.6055913925170898,88.63085825447821,0.6081526438395182
0.3079474210739136,0.2078014850616455,0.32648396492004395,0.40534985860188805,0.2853165864944458,0.40329062143961586,0.3265979290008545,0.5526283264160157,0.28666913509368896,0.5478137334187826,0.3267359256744385,0.6445305506388347,0.2890876531600952,0.6421387990315756,0.30609850883483886,0.23415151437123616,0.3059002757072449,0.40432024002075195,175.91122745428942,175.73808223452056,174.4874369301973,175.12865069272266,90.06674502844012,0.31923587719599406,97.63335171734829,0.47606698671976727,82.05520121870993,0.4784742832183838,88.5312438170626,0.5949762662251791,89.91396703281373,0.5985794385274252
0.3108370304107666,0.2003694534301758,0.3267598390579224,0.4051339149475098,0.28540782928466796,0.40386575063069663,0.3263256311416626,0.5542908350626627,0.2869135856628418,0.5491706212361653,0.32642664909362795,0.6528345743815104,0.28971908092498777,0.6503604888916016,0.30660423040390017,0.2332885185877482,0.30608383417129514,0.4044998327891032,176.01868283204973,175.8196934641078,174.6038253904773,175.37569736492443,90.17414979916504,0.3188941756884257,97.54825861616476,0.47683522701263426,82.30403481304084,0.47939533392588296,88.41187784831008,0.5997655550638834,89.94126567232702,0.6035627047220866
0.3118274450302124,0.20645554860432944,0.3268211126327515,0.4025940259297689,0.2854632377624512,0.40017464955647786,0.326839280128479,0.5488691965738932,0.2867867469787598,0.5407782236735026,0.3261983633041382,0.6514334360758464,0.2899363040924072,0.6498622258504232,0.306358802318573,0.2313471555709839,0.30614217519760134,0.4013843377431234,175.7140231725581,175.70215568471434,174.6145929754466,175.0561475814184,90.07299469966571,0.31636574665705364,97.90521346766027,0.471081280708313,82.01163497653202,0.4751267671585083,88.34617169883178,0.5953202247619629,90.35803269500124,0.6001513163248697
0.312729811668396,0.20062185923258463,0.3263395309448242,0.40332822799682616,0.28527011871337893,0.40264752705891926,0.32689533233642576,0.5466384887695312,0.2868208646774292,0.5392918904622396,0.3259766101837158,0.6512499491373698,0.2898273229598999,0.649585469563802,0.30627367496490476,0.23412141005198162,0.30580482482910154,0.4029878775278727,175.71837615755652,175.42284477466234,174.73146384446738,174.85163684984437,90.159078740622,0.31855464378992715,97.9289556294818,0.47113988399505613,81.64761571809885,0.47481318314870197,88.4385788656006,0.5944386800130208,90.50317191318084,0.5989442189534505
0.31187393665313723,0.1951882521311442,0.32659101486206055,0.4046924591064453,0.2858368158340454,0.4059031804402669,0.32685060501098634,0.5421093622843425,0.2864553928375244,0.5415779749552408,0.32689270973205564,0.6425046920776367,0.2893277406692505,0.64957701365153,0.3059622645378113,0.2350281318028768,0.306213915348053,0.4052978197733561,175.3915053339548,175.31354626287103,174.52214953296303,175.041796408509,89.91531952039493,0.3201629757881165,98.24952251590445,0.4734378973642985,81.42215582373184,0.4737035910288493,88.47651772795284,0.5955774943033854,89.97597076797919,0.5923070271809896
0.31231892108917236,0.20596655209859213,0.32705113887786863,0.40269724527994794,0.28476223945617674,0.40545956293741864,0.32603180408477783,0.5503855387369792,0.28626954555511475,0.5487335840861003,0.3264793634414673,0.6526490529378255,0.291802716255188,0.6508857091267903,0.3058066964149475,0.23513443470001222,0.3059066891670227,0.4040784041086833,175.83418062682694,175.83870479631335,173.62889785190245,175.51951652816317,89.9660883899741,0.31960641940434775,97.73072517989682,0.4764059940973918,82.16789336036469,0.47723197142283125,86.89954736538554,0.5998096466064453,89.74924489248832,0.6015172958374023
0.31370770931243896,0.2086052417755127,0.32639875411987307,0.4019191741943359,0.2838150978088379,0.4028545061747233,0.3291157245635986,0.5412006378173828,0.2855241775512695,0.5377544403076172,0.3272986888885498,0.6489435195922851,0.2923898220062256,0.6602169036865234,0.306287145614624,0.23619443575541177,0.3051069259643555,0.40238684018452964,175.70720277039175,174.46777337905695,173.9674260493702,173.89067618376112,90.40688061749076,0.3192906379699707,98.23150231470382,0.4700706402460734,80.18737851454578,0.4717937390009562,86.79117110079979,0.5989856719970703,90.96617619125155,0.595072078704834
0.31463987827301027,0.2086332639058431,0.32711014747619627,0.40295979181925456,0.2840090036392212,0.40288028717041013,0.32886648178100586,0.5429256439208985,0.2854931354522705,0.5382184346516927,0.3274085998535156,0.6492514292399089,0.29227049350738527,0.6607419967651367,0.3071144104003906,0.23562148412068684,0.30555957555770874,0.40292003949483235,175.6507925466277,174.59741698825292,173.8833039150317,174.14570189664096,90.53247865388367,0.3192707618077596,98.43618193677398,0.47056923707326254,80.54857277571313,0.4729228417078654,86.83392575600253,0.5994802157084147,90.78555965629745,0.5960885365804036
0.31324357986450196,0.20679101943969727,0.32663140296936033,0.3998107592264811,0.2837803363800049,0.3999552408854167,0.3287492752075195,0.542756462097168,0.28589696884155275,0.5382453918457031,0.32732419967651366,0.6490255991617838,0.292710018157959,0.661482302347819,0.30627011060714726,0.23450090885162356,0.3052058696746826,0.3998830000559489,175.8927732690714,174.81344936502273,174.10089494798635,174.15841384438636,90.36869573795707,0.31719195445378623,97.94449564593131,0.469064195950826,80.64260660883562,0.47131973107655845,86.83567197663102,0.599863847096761,90.76829380366748,0.5958910306294759
0.31330623626708987,0.20080132484436036,0.3270160675048828,0.3973088582356771,0.2835336208343506,0.3991756757100423,0.32932636737823484,0.5383054097493489,0.2857369422912598,0.5375830968221028,0.32730560302734374,0.6484635670979818,0.29279274940490724,0.6613939921061198,0.3056666016578674,0.23279477755228678,0.3052748441696167,0.3982422669728597,175.75937720050752,174.6845869273085,174.0226434141517,173.9174344383048,90.13566847582922,0.31551852226257326,97.98178353755411,0.46791268189748125,80.25624885674719,0.4682738383611043,86.73832281249865,0.5994885444641114,91.05092792870092,0.5933844884236654
0.3156790256500244,0.2023917516072591,0.327053165435791,0.4012598037719727,0.2834979772567749,0.40231634775797526,0.3291713953018188,0.5391190846761068,0.2859062194824219,0.5374621073404948,0.3271814823150635,0.6488838195800781,0.29269886016845703,0.6613348642985026,0.30684099197387693,0.2329041639963786,0.3052755713462829,0.401788075764974,175.80735891910672,174.30011661150394,174.0871141897657,173.89517632898784,90.5310714655403,0.3173461198806763,98.12486587913743,0.4696250915527344,80.12926466148937,0.4704535802205404,86.86129328112473,0.5993984858194987,91.03859520869644,0.5940014521280925
0.3134389162063599,0.20943121910095214,0.32713918685913085,0.3998942057291667,0.2834122657775879,0.4006150881449381,0.32914779186248777,0.5431548436482747,0.28572840690612794,0.5372337977091471,0.32721400260925293,0.6494050979614258,0.2934569358825684,0.6613848368326823,0.3067555069923401,0.23375065326690675,0.30527572631835936,0.40025464693705237,175.84201463355947,174.65548897782907,173.84642898475062,173.92526477496742,90.50919472382888,0.3170026501019796,98.12144036851723,0.46874422232309976,80.5160801096709,0.47170474529266354,86.43787576821973,0.5993093172709147,91.04268673816118,0.5962799708048503
0.30982246398925783,0.19683739344278972,0.32688179016113283,0.40262613296508787,0.2844910383224487,0.39932324091593424,0.32640130519866944,0.5445539474487304,0.2860224485397339,0.5387999216715494,0.32759895324707033,0.6544606526692708,0.288443398475647,0.6642812093098959,0.3077218055725098,0.23348019123077393,0.30568641424179077,0.4009746869405111,175.94545582681053,175.22670056850725,175.14796289458178,175.68368567600476,90.69622343407153,0.3172274390856425,98.11977307907114,0.46988730430603026,81.79030369028604,0.47276431719462075,88.89471163867651,0.6015405654907227,89.37567537391566,0.5995073000590005
0.30979199409484864,0.19962072372436523,0.3267937660217285,0.4030636787414551,0.2842897415161133,0.40022395451863607,0.32643542289733884,0.5453343709309896,0.2860968828201294,0.5395558675130209,0.3275594711303711,0.6544777552286783,0.2883985757827759,0.6642139434814454,0.3077107787132263,0.23369099299112955,0.3055417537689209,0.40164381663004556,176.0165782238429,175.1651536714733,175.20667408205387,175.61308484082102,90.73990459870426,0.31766740481058753,98.02550038611484,0.4705998420715332,81.72675276364798,0.47348909378051757,88.94220805231366,0.6018849054972331,89.40994185502124,0.599906063079834
0.31009862422943113,0.19882068634033204,0.32679932117462157,0.40506035486857095,0.28461008071899413,0.4004553476969401,0.3264946699142456,0.5457593917846679,0.2860116481781006,0.5393576939900716,0.32764012813568116,0.6539742151896158,0.28832714557647704,0.663989766438802,0.3077910423278809,0.23338714440663655,0.30570470094680785,0.40275785128275554,175.8679422640773,175.15468698570606,175.1298456835909,175.61622374697785,90.70574488550312,0.31807249784469604,98.20358093640026,0.4710577726364136,81.72813095042747,0.47425862153371173,88.9356434123743,0.6016737302144368,89.39354453788602,0.5998668034871419
0.31011085510253905,0.19743167559305827,0.32688305377960203,0.40574493408203127,0.2847245454788208,0.4008299191792806,0.3264655113220215,0.5459027608235677,0.28597025871276854,0.5393779754638672,0.3276665210723877,0.6541184107462565,0.2882845878601074,0.6640127817789714,0.308080005645752,0.23312177658081054,0.30580379962921145,0.403287426630656,175.8374397957574,175.12052229135648,175.0920425049351,175.654481774494,90.76636630489641,0.3182046016057333,98.29178676316474,0.4713327010472616,81.75650337884359,0.47459509372711184,88.93620362433961,0.6016953786214193,89.36414035463181,0.6000105857849121
0.31029400825500486,0.19719669024149578,0.32668988704681395,0.40563602447509767,0.2847988843917847,0.40124162038167316,0.32625393867492675,0.5458723704020182,0.28623483180999754,0.5402334213256836,0.32758455276489257,0.6539890925089519,0.2885504484176636,0.6642750422159831,0.30809261798858645,0.23304301102956138,0.3057443857192993,0.4034388224283854,175.95320837787753,175.1286619341417,175.15912640034466,175.72330297255655,90.78954571018645,0.31824091672897337,98.11674869562155,0.4718361218770345,81.80608265919065,0.47465559641520183,88.9305230889925,0.6022542317708334,89.29488499867166,0.599930731455485
0.3101207971572876,0.19958874384562175,0.3268568515777588,0.40676997502644857,0.2851125240325928,0.40187546412150066,0.3263150930404663,0.5461355845133463,0.2860344409942627,0.5406705856323242,0.32749760150909424,0.653873062133789,0.28835132122039797,0.6639602661132813,0.30813870429992674,0.23342756430308026,0.3059846878051758,0.4043227195739746,175.7906171708635,175.16823675680067,175.03812008202465,175.70174433877483,90.72213585531803,0.3188751419385274,98.32437519424951,0.4724966526031494,81.84161957295657,0.47522915204366045,88.92341487951958,0.6023154258728027,89.37115639344323,0.6000043233235677
0.3108154296875,0.1975475788116455,0.32757666110992434,0.40855925877889,0.2847797632217407,0.4047935167948405,0.3260289192199707,0.5490711212158204,0.28610184192657473,0.5406590143839518,0.32726263999938965,0.6537982940673828,0.28820252418518066,0.6637883504231771,0.3079344630241394,0.23356351852416993,0.3061782121658325,0.4066763877868652,175.5445665286859,175.34609597944535,175.02332313030593,175.79826951938443,90.58125262632596,0.32011995315551756,98.52197273266604,0.4736677010854085,82.06376118422395,0.4778737545013428,89.02258425432781,0.6022236824035645,89.32506796263976,0.6014347076416016
0.3098131656646729,0.1987353801727295,0.3275554895401001,0.40823713938395184,0.2848235607147217,0.40443617502848306,0.32597956657409666,0.5487702687581381,0.2861297369003296,0.5408583958943685,0.32731103897094727,0.6542174021402994,0.2882239580154419,0.6637313206990559,0.3079769730567932,0.23375442028045654,0.30618952512741093,0.4063366572062175,175.58773080713217,175.3606337146245,175.03091600845534,175.85311500789092,90.5933957201413,0.320045538743337,98.48140952741333,0.47359752655029297,82.0898397935423,0.47755346298217777,89.02355694060424,0.6022948582967123,89.27656928735185,0.6014938354492188
0.3098409175872803,0.20088895161946616,0.3270756006240845,0.4066652297973633,0.2850640296936035,0.4023544947306315,0.32596287727355955,0.5452184677124023,0.2862680673599243,0.5389116923014323,0.3259434700012207,0.6535590489705404,0.2882381439208984,0.6633124669392904,0.3076250076293945,0.2340464433034261,0.306069815158844,0.40450986226399743,175.6260050111157,175.3256161351357,175.15122155974979,175.42730919513653,90.5227132795724,0.31927815278371174,98.38122999346743,0.4717107772827149,81.95298407195963,0.4748641649881999,89.0927095297492,0.6011120796203613,90.01026351134608,0.5993887583414714
0.31173038482666016,0.18954858779907227,0.32639179229736326,0.4036918004353841,0.28445260524749755,0.40428279240926107,0.32561745643615725,0.5394912083943685,0.28582584857940674,0.535167121887207,0.3274847507476807,0.6530012130737305,0.28861949443817136,0.6613452911376954,0.3064059138298035,0.23425591786702474,0.3054221987724304,0.40398729642232256,175.41618489733023,175.1245890260256,174.996155491703,175.8792916081275,90.3320664124835,0.31912160714467364,98.49632318636714,0.4695772091547648,81.52313704284026,0.4717392524083455,88.73165087694736,0.5982562065124513,89.05754180833688,0.5962462107340495
0.3105783224105835,0.1880736509958903,0.32626755237579347,0.40496880213419595,0.28356404304504396,0.4022036552429199,0.3267352104187012,0.545276387532552,0.2864608526229858,0.5455521901448568,0.3273113489151001,0.6544969558715821,0.2894192457199097,0.6654362996419271,0.30666340589523317,0.23648825486501057,0.3049157977104187,0.4035862286885579,176.3332650753871,174.96467174036047,175.19952096135881,175.20169656462892,90.59921087224542,0.3200372417767843,97.40666213235008,0.4745692094167073,81.24557135826964,0.474431308110555,88.58639276753982,0.605494244893392,89.69776756715027,0.599886671702067
0.31290810108184813,0.19644522666931152,0.3275908470153809,0.40529670715332033,0.28381803035736086,0.4020429929097494,0.3260907411575317,0.5459228515625,0.28662497997283937,0.549014663696289,0.3273427724838257,0.65506591796875,0.2897509574890137,0.6640804290771485,0.30600892305374144,0.23532288869222007,0.30570443868637087,0.4036698500315349,176.0575055232128,175.54376711861642,174.93811690619557,175.73776128560726,90.10362913601762,0.3194963693618775,97.47847426142373,0.47634225686391196,81.84446159623177,0.47479635079701743,88.44383535633906,0.6065475463867187,89.34276205781904,0.600494384765625
0.3112473011016846,0.18488750457763672,0.3258645057678223,0.4032928784688314,0.28493375778198243,0.4039568583170573,0.3264807462692261,0.5472977320353191,0.28777174949645995,0.5460922241210937,0.3274981498718262,0.6525054295857747,0.2910453319549561,0.6630687713623047,0.3056062817573547,0.23318285147349038,0.30539913177490235,0.4036248683929443,176.20877379366516,175.45435628356196,175.2303237911325,175.4798626462849,90.06963549300431,0.31840385993321735,97.05331796257008,0.474858546257019,81.65236280493802,0.4754613002141317,88.3969990349013,0.6045804977416992,89.44594248501903,0.5999015808105469
0.3104169130325317,0.181486972173055,0.326312255859375,0.39832998911539713,0.28581693172454836,0.4002427419026693,0.326861834526062,0.5373381932576498,0.2878992557525635,0.5402247746785481,0.32716348171234133,0.6506320317586263,0.2891267776489258,0.6612472534179688,0.3062505960464478,0.23190119266510012,0.3060645937919617,0.3992863655090332,176.0619350424164,175.2934555117888,175.7194034174121,175.3541800377462,90.06366836198431,0.31559377908706665,97.34427652781069,0.46975557009379065,81.43292352409314,0.46831227938334147,89.41887314724129,0.6007360140482585,89.84744916347995,0.593985112508138
0.3078099966049194,0.17943345705668132,0.32573585510253905,0.39773260752360023,0.28540256023406985,0.3998483022054036,0.3265166997909546,0.5430947621663411,0.28729422092437745,0.5445449829101563,0.32675120830535886,0.6524589538574219,0.29031479358673096,0.6603765487670898,0.30563973188400273,0.22894297440846761,0.3055692076683044,0.39879045486450193,176.1802185851626,175.54252867338153,175.16879194536074,175.3495808197059,90.02379040106993,0.31386671463648474,97.14656270031425,0.4716677188873291,81.74052598280296,0.4709426085154215,88.50622021512075,0.6024607658386231,89.87714143602038,0.5977768580118815
0.3065780162811279,0.18279334704081218,0.3243125915527344,0.3938836415608724,0.28578886985778806,0.39531609217325847,0.32681448459625245,0.5365819931030273,0.28619675636291503,0.5396297454833985,0.3270465135574341,0.6505835215250652,0.28871357440948486,0.6592799504597981,0.30411615371704104,0.22366952101389567,0.30505073070526123,0.39459986686706544,175.83905372961206,175.434146169859,175.26291952895528,175.2054514853106,89.68673331112376,0.30913469394048054,97.40694714064377,0.46711480617523193,81.28523940447748,0.46559092998504636,88.79497248347747,0.5994548479715983,89.88338523151958,0.5935827573140462
0.30904877185821533,0.19287064870198567,0.32430078983306887,0.3917369842529297,0.28488662242889407,0.3943524996439616,0.32692909240722656,0.5347440719604493,0.28676228523254393,0.5414990743001302,0.32818624973297117,0.6500333786010742,0.289104962348938,0.659988530476888,0.3019640326499939,0.22475814819335938,0.30459370613098147,0.39304474194844563,175.8985565918968,175.64688260487307,175.5466213236236,175.37947973813223,89.10475976083677,0.3089014450709025,96.84920365709151,0.4672719081242879,81.0424412739042,0.46389440695444745,88.86734203711505,0.6007438023885091,89.37525034764359,0.5923887252807618
0.303984260559082,0.19177835782368977,0.32465419769287107,0.3902195930480957,0.28528456687927245,0.3903593381245931,0.32599055767059326,0.5403172175089518,0.2859485626220703,0.5424126307169597,0.3259931802749634,0.6505515416463216,0.2895623445510864,0.6623355229695638,0.30147829055786135,0.21795044740041097,0.30496938228607173,0.3902894655863444,175.61322785527577,176.37222781756122,175.03253644250248,175.3830758622463,88.83951138492368,0.3041199564933777,97.12702781856603,0.46635104815165207,82.02391352544693,0.4653033415476481,88.27395912919641,0.6023740768432617,89.99863686594092,0.5954343795776367
0.30234196186065676,0.17566836675008138,0.3259714126586914,0.3915584564208984,0.28535804748535154,0.39151811599731445,0.32736763954162595,0.5455990473429362,0.28569233417510986,0.5418905258178711,0.3267899751663208,0.6490344365437826,0.28961279392242434,0.6598480224609375,0.3032399654388428,0.21162792841593425,0.30566473007202144,0.39153828620910647,175.47467889573235,176.1135140987434,174.672701738627,174.9899187022634,89.22783562634967,0.30158310731252036,97.56672124097146,0.4667144060134888,81.98137141071463,0.4685686667760213,88.09640635128976,0.6008692741394044,90.31998126403464,0.5973167419433594
0.30292792320251466,0.17761969566345215,0.3251753091812134,0.38858232498168943,0.28389391899108884,0.38907171885172526,0.32767958641052247,0.5474844614664713,0.2854377031326294,0.5434041976928711,0.32669479846954347,0.6491371154785156,0.28872625827789306,0.6592927932739258,0.3032654881477356,0.21248532931009928,0.3045346140861511,0.38882702191670737,176.04094804906302,175.86846622923798,175.02950700895212,174.57909397278638,89.58765109125177,0.3006561756134033,97.0427997859757,0.4661156098047892,81.70022806987612,0.46815574169158936,88.37456154285377,0.6013484954833984,90.5550512004692,0.5983107884724934
0.30103752613067625,0.19001096089680988,0.32599103450775146,0.3992290496826172,0.2858391284942627,0.3981903076171875,0.3280358791351318,0.6282637278238933,0.28731369972229004,0.5881594340006511,0.32738466262817384,0.6575833638509114,0.28871755599975585,0.6609231313069661,0.30266801118850706,0.20705605347951253,0.3059150815010071,0.39870967864990237,176.699457816873,177.94229405214185,175.14228350987904,173.98666462167182,89.02936546767081,0.30288286606470743,95.60768967246636,0.4934345563252767,84.49573238728603,0.5134867032368978,88.89470897254344,0.6245412826538086,91.27238358385978,0.6429235458374023
0.3023169994354248,0.2085228125254313,0.3258723974227905,0.399495538075765,0.285312819480896,0.39754870732625325,0.3272669792175293,0.6207660675048828,0.286719012260437,0.6017247517903646,0.32691230773925783,0.6583734512329101,0.2877875566482544,0.6598361968994141,0.30362117290496826,0.20642075538635254,0.3055926084518432,0.3985221227010091,177.14187972555393,177.6960420499813,175.04865791248065,174.76929516454726,89.4120241160362,0.30247143904368085,95.30644604525082,0.5001234372456869,84.4298363456968,0.509644095102946,88.94657266183202,0.6307804743448893,90.54033475260604,0.6395697593688965
0.3027620315551758,0.20607851346333822,0.3264028787612915,0.39418236414591473,0.28510072231292727,0.3956171989440918,0.3270395278930664,0.5739054997762044,0.2869428634643555,0.5666259765625,0.32680788040161135,0.6557905197143554,0.2890364170074463,0.6626059214274088,0.30566242933273313,0.1954684336980184,0.3057518005371094,0.39489978154500327,176.6366891891432,176.4511993329625,175.17756938722417,175.22366386430537,89.97432403414375,0.2951841076215108,96.2506132212416,0.48076287905375165,83.21811944685705,0.48440264066060384,88.75043933182232,0.6146159489949544,90.16208566841033,0.61484800974528
0.303073787689209,0.22585541407267254,0.32779028415679934,0.3956463813781738,0.28571643829345705,0.39589691162109375,0.3266800880432129,0.5843391418457031,0.2861838102340698,0.5770434697469076,0.32718119621276853,0.6550998687744141,0.2869138479232788,0.6565724054972331,0.30618289709091184,0.19885514577229818,0.3067533612251282,0.3957716464996338,176.55319329902758,177.0113997724999,175.12386756891112,175.90173652973263,89.83401545478989,0.29731339613596597,96.47386194787552,0.4864075581232707,83.9676998714469,0.49005539417266847,89.47406685026189,0.6168079376220703,89.5942536985019,0.6197195053100586
0.3025179386138916,0.16613000233968098,0.3269315242767334,0.387850284576416,0.28413584232330324,0.39000171025594077,0.3281916379928589,0.5506003697713217,0.286250901222229,0.5528185526529948,0.32597877979278567,0.6513867696126302,0.29234700202941893,0.662029520670573,0.3045278310775757,0.1906344652175903,0.3055336833000183,0.3889259974161784,176.1785850136154,175.78336361203873,174.04074005060212,174.28800468350917,89.70936432724685,0.28978023131688435,96.7102867955976,0.4708722750345866,82.02220690473555,0.46976318359375,86.80509416013429,0.6074240366617839,91.25777950657346,0.6009935696919759
0.30288052558898926,0.18651057879130045,0.32766332626342776,0.39129161834716797,0.2849068880081177,0.39368743896484376,0.32697334289550783,0.5638788223266602,0.2862627267837524,0.5554410298665364,0.32682983875274657,0.6513074239095052,0.2911663055419922,0.6570216496785481,0.3055677056312561,0.19570271968841552,0.3062851071357727,0.39248952865600584,176.06676549854356,176.44459407343706,173.9652523075215,175.36738474665646,89.79112473774045,0.29409612417221065,97.00500591870802,0.47396527926127113,83.11718209216146,0.478184175491333,87.23631889484035,0.6062313397725423,90.09404444529692,0.6075931231180827
0.30281543731689453,0.2138137976328532,0.32753212451934816,0.38683058420817057,0.2850210428237915,0.38975807825724285,0.32814731597900393,0.5584069569905599,0.28607313632965087,0.5575061162312825,0.3267496585845947,0.6521642049153645,0.29017343521118166,0.6612453460693359,0.3050767302513122,0.19261509577433267,0.30627658367156985,0.38829433123270674,176.17254691511198,176.28276781067453,174.3602236795973,174.7093805389976,89.64868180677534,0.2904547135035197,96.80873473101202,0.47290022373199464,82.67388855978245,0.4733506441116333,87.73655928020533,0.6093757311503092,90.85405598572449,0.6052855809529623
0.3040191173553467,0.14002704620361328,0.32695441246032714,0.38895187377929685,0.2850904703140259,0.391302490234375,0.327329158782959,0.5637931823730469,0.28561556339263916,0.5583662033081055,0.32721843719482424,0.6543010711669922,0.2891512155532837,0.6599889119466146,0.3047996759414673,0.19041199684143068,0.3060224413871765,0.39012718200683594,176.06852452320422,176.4584448966144,174.43000803511504,175.34260731225734,89.64920832669316,0.2902695894241333,96.91601630111585,0.4742466926574707,83.00545590494946,0.4769601821899414,88.00737187756424,0.60917755762736,90.07009197342902,0.6090471267700195
0.3037452697753906,0.18753541310628255,0.3275197744369507,0.3907710075378418,0.28529336452484133,0.39245033264160156,0.32859838008880615,0.5601127624511719,0.2862105369567871,0.557821782430013,0.3280128717422485,0.6537542343139648,0.28872289657592776,0.6561517079671224,0.3061738610267639,0.19037823677062987,0.306406569480896,0.39161067008972167,176.18188880829564,175.96805239449588,174.71205440458726,174.929991789829,89.93374225955839,0.29099445343017577,96.92795156372506,0.4747162262598673,82.49729627385435,0.4758617162704468,88.53639377426194,0.6069867451985678,90.35824639752478,0.6069334983825684
0.3058255672454834,0.19145882924397786,0.32730627059936523,0.39668451944986977,0.28518128395080566,0.39377562204996747,0.3290120840072632,0.5640466690063477,0.28578386306762693,0.5563283920288086,0.3290963888168335,0.6492605845133463,0.2893748998641968,0.6592320124308269,0.3067638874053955,0.191900372505188,0.30624377727508545,0.3952300707499186,176.05689935204086,175.7401318434,174.34530881082713,174.91618743258857,90.14656024481626,0.2935652216275533,97.23796664555411,0.4757792313893636,82.31886344740217,0.47963836987813313,88.00135514249445,0.6077802022298178,89.9433154998645,0.606653626759847
0.3060686349868774,0.17997288703918457,0.32792665958404543,0.39911441802978515,0.284816575050354,0.3955183664957682,0.3276363372802734,0.5703104654947917,0.28644404411315916,0.565934689839681,0.32852826118469236,0.6540276845296223,0.288425087928772,0.6615942637125651,0.30704604387283324,0.18710894584655763,0.30637161731719975,0.3973163922627767,176.37285675950943,176.0679366306098,174.92874736395783,175.6774567515234,90.18382632632405,0.29221266905466714,96.740041425825,0.48162554105122884,82.99226116742226,0.4838134288787842,88.81361349759109,0.613764476776123,89.38959341289919,0.6121690750122071
0.30500116348266604,0.1788267135620117,0.32780141830444337,0.3957713445027669,0.28479177951812745,0.3922345479329427,0.32816553115844727,0.5685396830240885,0.2861846208572388,0.5676588694254557,0.327746844291687,0.6557427088419596,0.2886484384536743,0.6622920354207357,0.30629696846008303,0.18717110951741536,0.3062965989112854,0.3940029462178548,176.41951908109408,176.1401078955728,174.7450986361046,175.03984229166534,90.00010237102163,0.2905870278676351,96.60628432833423,0.4808309078216553,82.85822833100953,0.48127131462097167,88.50861518846483,0.6149754524230957,90.27509144145087,0.6121411959330241
0.3062424898147583,0.1893828550974528,0.32764980792999265,0.3925823211669922,0.2846536159515381,0.39238370259602867,0.32706756591796876,0.5691229502360026,0.28623223304748535,0.570171864827474,0.3275817155838013,0.6553334554036458,0.28895399570465086,0.6617162068684895,0.3069784760475159,0.1884125789006551,0.3061517119407654,0.39248301188151047,176.7142778703522,176.26762336379997,174.64210739887804,175.68072759876338,90.23212492917048,0.2904477953910828,96.39633169487344,0.4813274383544922,83.24707642627725,0.4808029810587565,88.29700466909269,0.6159440358479817,89.6582985266149,0.6122282028198243
0.30715279579162597,0.1784978707631429,0.3278264045715332,0.3959810256958008,0.28478877544403075,0.3925170580546061,0.3276134252548218,0.5722850799560547,0.2868208885192871,0.5769593556722005,0.3277803659439087,0.6570620854695638,0.28799147605895997,0.5760658264160157,0.3072619795799255,0.19093591372172036,0.30630759000778196,0.3942490418752035,176.94336674059224,176.23058691842948,46.89235885615009,175.4419279255433,90.26895505148748,0.2925924777984619,96.08778442707457,0.485604198773702,83.17578320957496,0.4832670609156291,142.6448940157965,0.576512591044108,89.88717477702178,0.6146735827128093
0.3055645704269409,0.20505051612854003,0.32674081325531007,0.3901137034098307,0.2855323553085327,0.3900406837463379,0.3276986598968506,0.567262331644694,0.286478590965271,0.5651204427083333,0.3291691064834595,0.6544444402058919,0.2881412744522095,0.594968605041504,0.30658388137817383,0.19121150970458983,0.30613658428192136,0.3900771935780843,176.67018550089531,176.27536902858415,171.79232586034385,175.98706152982712,90.12887187012936,0.29064435164133706,96.40767626741673,0.4775988181432088,83.06165783476744,0.47866976261138916,86.81164982774773,0.5800445238749186,89.0337192214171,0.6108533859252929
0.30415403842926025,0.1932113806406657,0.32759110927581786,0.3898897171020508,0.2847297668457031,0.3912724812825521,0.327754545211792,0.5679599126180013,0.28624963760375977,0.5672571818033855,0.3280372381210327,0.657328987121582,0.28920798301696776,0.667054812113444,0.30632220506668095,0.19188028971354165,0.3061604380607605,0.39058109919230144,176.63095580806313,176.32065600034582,174.79325802731668,175.49273092733984,90.04664583239645,0.29123069445292155,96.42991218282286,0.47891914049784345,83.05896416470956,0.47927050590515136,88.30205302982374,0.6171559969584147,89.81876217622322,0.6126444498697916
0.30435905456542967,0.1891268253326416,0.32954118251800535,0.3959043820699056,0.28666958808898924,0.39591493606567385,0.3276306390762329,0.5623881022135416,0.2872202396392822,0.5516673405965169,0.3295488119125366,0.6538143157958984,0.2898238658905029,0.65852476755778,0.30685809850692747,0.19694291750590007,0.3081053853034973,0.39590965906778974,175.5316201967674,176.56397425474813,174.6221129645921,176.4490081371261,89.64082774533071,0.2964262882868449,97.63709046228371,0.4737884998321533,83.31068315341236,0.4791488806406657,88.60424034535204,0.6050960540771484,88.79807899747692,0.60810120900472
0.3043475389480591,0.1868464152018229,0.3288564682006836,0.39497715632120767,0.28667614459991453,0.39320831298828124,0.32667925357818606,0.5692764282226562,0.2862770318984985,0.5551982879638672,0.3279352426528931,0.6575568517049154,0.2895127534866333,0.6623385747273763,0.30639880895614624,0.19617066383361814,0.30776630640029906,0.3940927346547445,175.61017252735675,176.94946906652208,174.37729441206065,176.4374886480622,89.60413416771623,0.2951316992441813,97.59762539760656,0.4746455113093058,83.83817559507654,0.48168458143870035,88.27014783940491,0.6087684313456218,89.1848926932036,0.6134166399637858
0.30452234745025636,0.1799530824025472,0.3300005435943604,0.3943317731221517,0.28745336532592775,0.3962051073710124,0.3270765542984009,0.5663946151733399,0.28791654109954834,0.5584347407023112,0.3301598310470581,0.651600456237793,0.29223816394805907,0.6605647404988607,0.3063684940338135,0.1948435624440511,0.3087269544601441,0.39526844024658203,175.63689425806442,177.0696741406535,174.0204861169161,177.2928168478795,89.32581427285956,0.29505600134531657,97.26832697642502,0.47685159047444664,83.87964625673241,0.48083152770996096,87.57697912224529,0.609499740600586,87.92758694758065,0.6089975357055664
0.30356764793395996,0.19325559933980305,0.32977914810180664,0.396604061126709,0.28759572505950926,0.3971530596415202,0.3271357536315918,0.5663722356160482,0.2879102468490601,0.5580703735351562,0.3303009033203125,0.6516677220662435,0.2922684192657471,0.6602049509684245,0.306638503074646,0.19339163303375245,0.30868743658065795,0.3968785603841146,175.5950968331405,176.933710439045,173.9887137840357,177.27643403240663,89.42310163747158,0.29513509670893356,97.34477341707584,0.4774744669596354,83.78816932852315,0.4816253980000814,87.55662085325356,0.6091376622517903,87.87484010061036,0.6090199788411459
0.30267987251281736,0.19049116770426433,0.3297359704971313,0.39865970611572266,0.28779923915863037,0.39843409856160483,0.3270536184310913,0.5660724004109701,0.28766419887542727,0.5554105122884114,0.33030071258544924,0.6514476776123047,0.291400146484375,0.6527777989705403,0.30667947530746464,0.19355857372283936,0.30876760482788085,0.39854690233866374,175.34592503239622,176.90121699713282,173.8946434140001,177.31140931074276,89.4163722811707,0.29605273803075155,97.66219445407049,0.4769787073135376,83.7706204691029,0.4823096513748169,87.80265954892023,0.6040941556294759,87.8219085367393,0.6087600390116374
0.3041826725006104,0.18924285570780436,0.3289827346801758,0.3962833404541016,0.2869274139404297,0.39665994644165037,0.32665932178497314,0.5723471323649089,0.28652153015136717,0.5567641576131185,0.3284884452819824,0.6567991256713868,0.2891704082489014,0.6613410313924154,0.30638636350631715,0.19694242477416993,0.3079550743103028,0.396471643447876,175.54380605493049,177.0205856996785,174.4923853728941,176.73088358041488,89.54954639168552,0.29670703411102295,97.6161389659483,0.47661790053049724,83.92944767868012,0.48440938790639243,88.54903780472827,0.6090525945027669,88.75923978022881,0.6145731290181478
0.30393109321594236,0.18741377194722494,0.3292649507522583,0.39770463307698567,0.2868573904037476,0.39744033813476565,0.32665908336639404,0.5745049794514974,0.2872308254241943,0.5624385197957357,0.3283331632614136,0.6574332555135091,0.28893084526062013,0.660244369506836,0.30629966259002683,0.19623823165893556,0.308061170578003,0.39757248560587566,175.77982295978347,177.08035433346677,174.83872694298216,176.69581188116638,89.49872216884883,0.29690535863240564,97.20099936530302,0.48000550270080566,83.99950088282564,0.4860387325286865,89.0042093128476,0.6113414446512858,88.84352248853381,0.6159691174825033
0.3047763824462891,0.1880640188852946,0.3293177604675293,0.39599587122599283,0.2870689630508423,0.39326066970825196,0.32649571895599366,0.5751574834187826,0.28763813972473146,0.5630192438761393,0.3283277988433838,0.6566895167032878,0.29169092178344724,0.6672988891601562,0.30668326616287234,0.19706811904907226,0.30819336175918577,0.3946282704671224,176.01957120300716,177.21067794104027,174.31094205805022,176.89379546504537,89.56205530970875,0.2958481947580973,96.95957472404636,0.47882375717163084,84.211036283875,0.48489287694295247,87.77434513067277,0.6151590665181478,88.71274174357285,0.6159235000610352
0.3046458959579468,0.19174338976542155,0.3288545608520508,0.39739100138346356,0.2865912437438965,0.3955974260965983,0.32689456939697265,0.5763192494710286,0.28780720233917234,0.5699082056681315,0.3284432411193848,0.6570574442545573,0.289554762840271,0.6581859588623047,0.3067721128463745,0.19435874621073407,0.3077229022979736,0.3964942137400309,176.33950809426184,176.93018868961377,174.89448311491063,176.5522088131264,89.73049845387908,0.2954264799753825,96.55142155207925,0.4832012097040812,83.9145182677606,0.4864067316055298,88.86591172772616,0.6140470822652181,88.90112141016995,0.616688346862793
0.30537574291229247,0.19154345194498698,0.3292902946472168,0.39515968958536785,0.28670811653137207,0.3954036076863607,0.32696692943572997,0.5761140823364258,0.2876915693283081,0.5667868932088216,0.3287618160247803,0.6568209966023763,0.2883529901504517,0.6086395899454753,0.30755220651626586,0.1958158493041992,0.30799920558929444,0.39528164863586424,176.31166166445692,176.93456261179662,173.83358147950753,176.7350490787826,89.87160145978062,0.2955487489700317,96.75285076915064,0.4810342709223429,84.01207515580255,0.485697865486145,89.09459915130343,0.5877132415771484,88.72597685724843,0.616467539469401
0.3086965560913086,0.1475208600362142,0.3298306941986084,0.3904562950134277,0.287158727645874,0.3922568321228027,0.32645905017852783,0.5538166681925456,0.2883343458175659,0.5545298258463541,0.3282557487487793,0.6527371724446615,0.2918658971786499,0.6616295496622722,0.30916414260864256,0.18643914063771566,0.30849471092224123,0.3913565635681152,176.1955352631,176.38534730569924,174.59064750667784,176.71707033493576,90.18717526947684,0.2888978521029154,97.04330777362973,0.47294319470723467,83.69004322488597,0.4725866158803304,88.11138916103648,0.6080796877543131,88.95944801390648,0.6032769203186035
0.3063969612121582,0.15601571400960287,0.32965247631072997,0.3903630256652832,0.2875162839889526,0.3918384234110514,0.3272597312927246,0.5511374155680339,0.2878537893295288,0.5518885930379231,0.3279024362564087,0.6511315663655599,0.29261934757232666,0.6644885381062825,0.30889043807983396,0.18784231344858804,0.3085843801498413,0.3911007245381673,175.9605054718787,176.23860134424166,174.23441481687647,176.11948059895334,90.08627349947328,0.28947151899337764,97.34669021596522,0.4714946587880452,83.3440194775187,0.4711190700531006,87.57652173278436,0.6081885655721029,89.63174071165538,0.6011344909667968
0.3053598165512085,0.16309316953023276,0.3299011468887329,0.39303325017293295,0.2861610412597656,0.39338388442993166,0.32566945552825927,0.557923698425293,0.28653745651245116,0.5517911911010742,0.3252884387969971,0.6541788101196289,0.28934242725372317,0.6657189687093099,0.309075665473938,0.1916754166285197,0.3080310940742492,0.3932085673014323,175.86264263320382,176.48198207631708,174.66644670792914,175.98987517395904,90.29696849606573,0.292441991964976,97.71860047098605,0.47249987920125325,83.88782826276343,0.47556613286336263,88.5896282104462,0.6087550799051921,90.22679872497898,0.606051254272461
0.3081254482269287,0.19764787356058758,0.328993034362793,0.3921033541361491,0.28765344619750977,0.3929276466369629,0.32674493789672854,0.5448112487792969,0.286027193069458,0.5452271779378255,0.32713868618011477,0.6504318237304687,0.2897059917449951,0.6592250188191732,0.30929125547409053,0.19668033917744954,0.30832324028015134,0.392515500386556,175.51204536011141,175.9731518617133,174.15869516380923,176.04115910350473,90.28321131437437,0.2945979197820028,98.30654745547436,0.46887133916219076,83.10300818276268,0.46866337458292645,88.15166223325727,0.6022260983784993,89.78640515515796,0.5976215362548828
0.3112079620361328,0.1877113183339437,0.3280727624893188,0.3986740430196126,0.2862310171127319,0.39733428955078126,0.3269899845123291,0.5432291030883789,0.2861429452896118,0.5414195378621419,0.3282106876373291,0.6473425547281901,0.2891994953155518,0.6598201751708984,0.30843114852905273,0.21867677370707195,0.30715188980102537,0.39800416628519697,175.61650853959432,175.49416976442592,174.59866000451456,175.84407715772286,90.4087210642192,0.30834046999613446,98.33399268830581,0.46971185207366944,82.2213963312333,0.47061663468678794,88.5212197124816,0.6006198565165202,89.32825267687495,0.5952858289082845
0.31086180210113523,0.1848408857981364,0.3289509296417236,0.3989704132080078,0.2868068695068359,0.3961118380228678,0.3252467393875122,0.5499215443929036,0.28679134845733645,0.5428686777750651,0.3260888338088989,0.6532944997151693,0.28811628818511964,0.6597738901774088,0.30749050378799436,0.2240034023920695,0.3078788995742798,0.3975411256154378,175.4579463531713,176.6160964642651,175.0408418963646,176.39407885411978,89.87176619719973,0.3107722640037537,98.2562008010279,0.4702049016952514,83.4976674360574,0.47373133500417075,89.35066877761375,0.601321283976237,89.53326874587354,0.6016080220540365
0.31452629566192625,0.19601750373840332,0.3289706945419312,0.3995734532674154,0.28607151508331297,0.39753472010294594,0.3267023801803589,0.543623415629069,0.2869333982467651,0.5362840016682943,0.3258082628250122,0.6489201227823893,0.28809423446655275,0.6567169825236002,0.30831334590911863,0.22754170894622805,0.30752110481262207,0.39855408668518066,175.45976454528062,175.79756643371047,175.14432960666133,175.33592802540073,90.2654295967544,0.31304789781570436,98.5015596300455,0.46741904417673746,82.46795981786398,0.47108875115712484,89.44775130574472,0.5965004920959472,90.48651017693801,0.5962717692057291
0.31632242202758787,0.19679447809855144,0.3283743143081665,0.39272502263387044,0.2875026226043701,0.3954034169514974,0.3270469427108765,0.5460763295491536,0.28714470863342284,0.5411251068115235,0.32607030868530273,0.6519556045532227,0.28904588222503663,0.6588611602783203,0.30878003835678103,0.2256865660349528,0.30793846845626827,0.3940642197926839,175.87564432460852,176.09845720437966,174.99388949876692,175.44978034050126,90.28636817818973,0.3098753929138184,98.04801921462544,0.4675946633021037,82.83529220228107,0.4700702746709188,89.0748818783722,0.5999931335449219,90.52848322658143,0.5990159670511881
0.316448712348938,0.19992260932922362,0.3275056123733521,0.39227520624796547,0.28600010871887205,0.39603490829467775,0.3273444652557373,0.5418446858723959,0.28728790283203126,0.5423370361328125,0.32820744514465333,0.6496463775634765,0.289302134513855,0.6589295705159505,0.3086573243141174,0.22558418909708658,0.30675286054611206,0.3941550572713216,176.37611571780482,175.44426271752124,175.23947727774666,175.658573052236,90.64728321774807,0.3098696231842041,97.48343972838069,0.46824604670206704,82.06271219624915,0.46799987157185874,89.01026685994188,0.6006333033243815,89.54134254769347,0.5957455317179362
0.31729469299316404,0.19677402178446451,0.3281733989715576,0.39816487630208336,0.28569278717041013,0.3992871920267741,0.3266195774078369,0.5450565973917644,0.28845987319946287,0.5394949595133464,0.32746028900146484,0.6503366470336914,0.28948709964752195,0.6597333908081054,0.3083161592483521,0.22961179415384927,0.3069330930709839,0.39872603416442876,176.19006204359866,175.6585728827306,175.68650075389147,175.79348151995404,90.46857135204918,0.314168914159139,97.47624932795914,0.46911049683888756,82.33775719443759,0.47189131577809657,89.5105199926117,0.5996141751607259,89.54247549822959,0.5976966222127279
0.3163021087646484,0.19327414830525716,0.32913870811462403,0.4056858062744141,0.2860662221908569,0.4050004323323568,0.3260610580444336,0.5505495071411133,0.2869854927062988,0.5405915578206381,0.32599616050720215,0.6498698552449544,0.28817646503448485,0.6614903767903646,0.30839264392852783,0.2296522378921509,0.3076024651527405,0.4053431193033854,175.27109381362342,175.90692317094496,175.098635119895,175.660782455492,90.2576889778631,0.3174976785977681,98.66731780321045,0.47296733856201173,82.75543344157407,0.47794631322224934,89.435598450611,0.6010409673055013,90.0374379925761,0.6002096811930339
0.315119194984436,0.20578640302022297,0.32816224098205565,0.40683437983194987,0.28649535179138186,0.4074207623799642,0.3262728929519653,0.5583584467569987,0.2867118835449219,0.5497809727986653,0.3271836519241333,0.6480236053466797,0.2856239557266235,0.6619784673055013,0.3064847946166992,0.23144160906473796,0.30732879638671873,0.40712757110595704,175.33052559286662,176.32383050005836,175.6876012098536,175.87023554642258,89.72475110273653,0.3192845900853475,98.22370280558927,0.47845427195231116,82.85997432063161,0.4827430089314779,90.55555357264515,0.6058797200520833,89.418047638519,0.6031910260518392
0.31712381839752196,0.203512175877889,0.3267901182174683,0.4072189013163249,0.2865970373153687,0.40987173716227215,0.3257169723510742,0.5703950881958008,0.2878159999847412,0.549783452351888,0.32816901206970217,0.6479179382324218,0.28839659690856934,0.6450963338216146,0.30587289333343504,0.22998449802398682,0.3066935777664185,0.4085453192392985,175.61876714855768,176.6326181607112,175.22802422554915,176.68506107917133,89.73666438747654,0.31926490863164264,97.61290829008482,0.47916438579559323,83.29636273618318,0.4894702037175496,89.65098797376795,0.5974398930867513,88.1883444234323,0.6091565132141112
0.3162902116775513,0.20025728543599447,0.32678382396697997,0.4061671892801921,0.2865363359451294,0.40748071670532227,0.32888743877410886,0.5845881144205729,0.2878300905227661,0.5518280029296875,0.33056504726409913,0.6490480422973632,0.2876565933227539,0.6517878850301106,0.30584397315979006,0.2308064619700114,0.3066600799560547,0.4068239529927572,175.81280941115554,176.5994931792386,175.6635149183279,175.85458146554166,89.73434946877002,0.3188152074813843,97.39893199137106,0.47932597796122234,82.87281338643035,0.49570603370666505,90.09944636915282,0.6018079439798991,88.50917932364364,0.6168180783589681
0.3135479211807251,0.209783140818278,0.33100850582122804,0.4019153594970703,0.2887937307357788,0.40653470357259114,0.3299549579620361,0.6165868759155273,0.2919275999069214,0.5974618275960286,0.3298205375671387,0.6445219039916992,0.3008134365081787,0.6580106735229492,0.31018149852752686,0.2281619628270467,0.3099011182785034,0.4042250315348307,177.5157767978735,177.5196468007312,169.60036316674706,174.9855991873044,90.09124339059616,0.3161934971809387,95.31395846863656,0.5008434295654296,84.60541914647467,0.510405953725179,81.65116252831358,0.6277362505594889,90.27569909166414,0.6305543899536132
0.31217570304870607,0.22739499409993488,0.3307610511779785,0.39548810323079425,0.287397575378418,0.4012415568033854,0.3294373035430908,0.6170373280843099,0.29050071239471437,0.5976626714070638,0.3295214891433716,0.6382120768229167,0.29754722118377686,0.6509442647298177,0.3093788862228394,0.23033014138539631,0.30907931327819826,0.39836483001708983,177.61625341751943,177.65046246064495,169.85217793379792,175.35624776202036,90.10214704677428,0.31434748570124305,95.32573736153488,0.49801375071207676,84.68120388698395,0.5077010790506998,82.46633239342816,0.6243034680684407,89.77220725320802,0.6276247024536132
0.3134894371032715,0.18708871205647787,0.2979588508605957,0.3911293983459473,0.31613383293151853,0.40313638051350914,0.3151651620864868,0.5759066263834636,0.3223297119140625,0.5825150807698568,0.31376211643218993,0.6510212580362956,0.3062849998474121,0.6540277481079102,0.3111727714538574,0.22364518642425535,0.3070463418960571,0.39713288942972824,177.06775182765335,178.0490990957196,167.52422763220497,177.4146958037595,91.36253131665619,0.3103890379269918,85.28705141322743,0.4898239850997925,87.39975938947828,0.4865197579065959,102.64557552643669,0.6182714144388834,91.07008775239365,0.6134639422098795
0.30878918170928954,0.1711195945739746,0.2872840642929077,0.3927841822306315,0.31807746887207033,0.40154441197713214,0.32951233386993406,0.6195650736490885,0.32582955360412597,0.569879150390625,0.3105161666870117,0.6463235855102539,0.3056163311004639,0.6502699534098307,0.29652197360992427,0.2250661611557007,0.302680766582489,0.3971642971038818,177.22441307732362,177.9010850724889,165.22179493496117,142.82742407699962,87.95045821114256,0.3111152291297912,82.36620159200416,0.4835217237472534,83.12079170200751,0.5083646853764852,104.11370819573094,0.6100745519002279,125.37136892021124,0.6329443295796713
0.30830078125,0.17222102483113608,0.28413150310516355,0.40315399169921873,0.32279376983642577,0.40375442504882814,0.2998413801193237,0.5771630605061849,0.3292029142379761,0.5683229446411133,0.3108785629272461,0.6472793579101562,0.329072904586792,0.6347574869791667,0.29813418388366697,0.2249367078145345,0.30346263647079463,0.40345420837402346,176.2961852886832,178.5280418814769,173.56972928721993,172.79644296755598,88.29032321010824,0.31419545809427896,81.1262826306434,0.4858885765075684,91.19425495292035,0.4903086344401042,90.1121253272404,0.6015402158101399,81.05433252610655,0.6122212092081706
0.3114999532699585,0.17672719955444335,0.32969305515289304,0.38472668329874676,0.29594886302948,0.3900272051493327,0.33048396110534667,0.566525395711263,0.2898643970489502,0.5516701380411784,0.33185012340545655,0.643352762858073,0.30531718730926516,0.6516436894734701,0.3147877097129822,0.22143088976542155,0.3128209590911865,0.38737694422403973,176.36156351505974,176.97340748878761,169.5869370356845,176.76720923243437,90.67902328058881,0.30440391699473063,97.95439427642532,0.4695235411326091,84.36916563979456,0.4769511699676514,81.21339579770812,0.6016569137573242,88.98126035068078,0.6049390792846681
0.3136552333831787,0.1852917512257894,0.33022987842559814,0.39355716705322263,0.2909288167953491,0.39543139139811195,0.32981512546539304,0.5737852096557617,0.2905471086502075,0.5718381881713868,0.3317269325256348,0.642829704284668,0.3059425354003906,0.6519728978474935,0.3097846627235412,0.2262780427932739,0.3105793476104736,0.39449427922566727,176.74176027519877,177.17517410476754,168.09317935169253,176.71867261119178,89.72932606086793,0.3103861610094706,96.44464330437344,0.483166233698527,83.87627091608861,0.4841397444407145,79.12488077022648,0.6119055430094401,88.41391417840609,0.6083074569702149
0.3144564628601074,0.15593477884928386,0.2868853807449341,0.3912169138590495,0.3207984924316406,0.3926751772562663,0.3032257318496704,0.5824197133382162,0.32919869422912595,0.5678338368733724,0.31012811660766604,0.6510858535766602,0.3291240453720093,0.6446287790934245,0.3003166675567627,0.2217955191930135,0.30384193658828734,0.3919460455576579,176.5676323016282,179.35246149733433,174.23060616464792,175.64945751683157,88.81308540151815,0.3068707823753357,81.7965088900897,0.47988994121551515,90.18535794517118,0.48718287944793703,90.0556945937779,0.6062313079833985,84.25985641662614,0.6167527834574382
0.32022058963775635,0.17649095853169758,0.33073089122772215,0.3999232292175293,0.2968247890472412,0.3958679835001628,0.3286751747131348,0.5868006388346354,0.3077983856201172,0.5757914861043294,0.3264812469482422,0.6482441584269206,0.3054021120071411,0.6530167897542317,0.3217816233634949,0.21958871682484943,0.31377784013748167,0.397895606358846,179.6770352444924,176.56636981410745,179.89692987394355,175.0501804847567,92.57014954243019,0.30874216159184775,91.9251068452282,0.4868435462315877,85.49090089116916,0.4923481225967407,91.77729732070328,0.6144041379292806,92.0449580628626,0.6175223986307781
0.31335039138793946,0.15888408025105794,0.289871883392334,0.39766721725463866,0.33208460807800294,0.4015851656595866,0.29540832042694093,0.5662094116210937,0.3302960157394409,0.5661725362141927,0.3032474756240845,0.642205556233724,0.3315665006637573,0.6411905924479167,0.31202619075775145,0.21862509250640869,0.31097824573516847,0.39962619145711265,176.3929539512455,177.39749036607506,176.0987721467779,172.28531097782331,90.33172260512491,0.3091256419817607,83.38380726371982,0.4828993638356527,95.33971417979433,0.4829178015391032,89.02974737755648,0.6036815643310547,84.11065434999843,0.6042074839274089
0.3114252805709839,0.16450629234313965,0.2905520677566528,0.40114132563273114,0.33113095760345457,0.4034905433654785,0.2991004228591919,0.5602529525756836,0.3302964925765991,0.5630585352579752,0.30593056678771974,0.658667246500651,0.3289493560791016,0.644301160176595,0.30628767013549807,0.22050777276357014,0.31084151268005367,0.40231593449910485,177.10816146394436,176.96033448198907,174.77054033696282,174.9324407949656,88.5651831463363,0.3114118536313375,83.09895037199172,0.48268723487854004,94.25156651299062,0.48128444353739425,90.94997131033156,0.6036798477172851,86.02992712046955,0.6094600995381674
0.3096724510192871,0.15116084416707357,0.3039471387863159,0.40789270401000977,0.3210921287536621,0.41287736892700194,0.3068484544754028,0.5886775334676106,0.32847068309783933,0.5905634562174479,0.30844621658325194,0.6572825749715169,0.3265622854232788,0.6448597590128581,0.3081348180770874,0.20608771642049153,0.31251963376998904,0.4103850364685059,177.96853352165408,178.37077570536968,174.5596650804806,177.72066005565938,88.77045442102586,0.3082363764444987,84.94084052615092,0.5004742463429769,91.8218664515351,0.49953128496805826,92.01299413909774,0.617711607615153,88.66586364836995,0.6229800542195638
0.3170943737030029,0.16248542467753094,0.32931878566741946,0.40362523396809896,0.29692373275756834,0.40329408645629883,0.3277625560760498,0.614370600382487,0.29318971633911134,0.6251821517944336,0.3277005434036255,0.6740246454874674,0.3015268325805664,0.6774008433024089,0.3165626168251038,0.2053261121114095,0.3131212592124939,0.4034596602121989,178.04955568639832,177.59734467413892,168.50527746008964,176.85606198587251,90.99506340377634,0.3043928861618042,95.13674538544011,0.5143209060033163,86.02893591610903,0.5089151302973429,80.92884683894454,0.6512914975484212,90.0595611432574,0.6441976229349773
0.3190155982971191,0.17216752370198568,0.33328952789306643,0.4006980895996094,0.296532130241394,0.398070494333903,0.3287860870361328,0.6146247227986653,0.2982612371444702,0.5928663889567057,0.3292954683303833,0.6636162439982096,0.3019517660140991,0.679294204711914,0.3162068724632263,0.20994004408518474,0.3149108290672302,0.3993842919667562,177.7648513201775,178.09199690110253,174.90417005034988,177.47962778194886,90.39197103641983,0.30466216802597046,94.9183211082187,0.49612534046173096,86.31158872527104,0.5070045073827107,87.55491504552052,0.6360802968343099,89.40429800942572,0.6391204833984374
0.31943747997283933,0.17438265482584636,0.32423322200775145,0.40496851603190104,0.305788516998291,0.41142075856526694,0.3252201795578003,0.5896803538004557,0.30323085784912107,0.5940261205037435,0.31592307090759275,0.6777328491210938,0.3016620635986328,0.6799632390340169,0.3148854374885559,0.20447820027669272,0.31501086950302126,0.40819463729858396,178.08650280124803,178.31711531242206,178.23381630079794,173.77879519106855,89.96472192307324,0.30633641878763834,93.62717364486835,0.5011103789011637,86.78027269062281,0.4989374955495198,91.04582639314923,0.6369946797688801,96.02729875511248,0.6337066014607747
0.31727232933044436,0.17713759740193685,0.3337507486343384,0.40360549290974934,0.29546494483947755,0.4064114252726237,0.32746520042419436,0.6273123423258463,0.29023549556732176,0.6206422805786133,0.3294586420059204,0.6597695032755534,0.298538064956665,0.6658020655314127,0.3092092156410218,0.22178516387939454,0.314607846736908,0.40500845909118655,176.27494145700203,179.2674766354611,166.05653721876928,179.82161387999867,88.31228169329539,0.3133968114852905,96.44857814072851,0.5128253698348999,86.68988088705008,0.5161604007085164,79.58257466504016,0.643222173055013,86.48544425578753,0.6435409228006999
