0,1,2,3,4,5,6,7,8,9,10,11,12,13,14,15,16,17,18,19,20,21,22,23,24,25,26,27,28,29,30,31
0.30642406940460204,0.20854903856913248,0.32303626537323,0.4240598996480306,0.2916314363479614,0.42353229522705077,0.335051441192627,0.5284616152445475,0.29163408279418945,0.5057596842447917,0.3385688543319702,0.616762351989746,0.2918900489807129,0.6292215347290039,0.30643230676651,0.25632011890411377,0.3073338508605957,0.42379609743754065,172.55172752115666,171.170688289293,175.58182633940342,173.08655448410724,89.69157264733242,0.3400581081708272,100.84341612892682,0.46477789084116616,75.16737515042995,0.47612885634104407,89.88121220348145,0.5674906094868978,87.7188589812002,0.5726119836171468
0.3095534086227417,0.21217759450276694,0.3224715948104858,0.42204376856486003,0.29084947109222414,0.42109597524007164,0.3354754686355591,0.524902057647705,0.29217019081115725,0.49575522740681965,0.3381894588470459,0.6150437672932942,0.29106502532958983,0.6268922805786132,0.30662621259689327,0.2564961036046346,0.306660532951355,0.42156987190246586,172.40539215452944,170.55329108476857,176.1392236706456,172.46885915385266,89.98808768071395,0.33903298775355023,101.0522120577922,0.45866254965464276,74.41848289814357,0.47323596477508545,90.48285223118317,0.5613237539927165,88.27545734108125,0.5699729124704996
0.30976788997650145,0.2117703914642334,0.32267184257507325,0.41766716639200846,0.2896327257156372,0.4161906878153483,0.3354704141616821,0.526836077372233,0.2920308828353882,0.5032816886901855,0.33861474990844725,0.6177927652994791,0.29089019298553465,0.6247849146525065,0.3064133882522583,0.2507978836695353,0.3061522841453552,0.41692892710367835,173.97281750504968,171.07301443485304,176.3384057545659,172.79946615136038,90.09005030433705,0.33386340538660686,99.28745996759332,0.46010530789693194,75.06393171107938,0.4718825022379557,90.53788525854688,0.564033301671346,88.02009662880478,0.5723144213358561
0.31034533977508544,0.2097461223602295,0.3230279445648193,0.4234881083170573,0.2911490201950073,0.42344967524210614,0.3355345010757446,0.5278636296590169,0.2920022964477539,0.5029707908630371,0.3383908987045288,0.6173402786254882,0.2909419298171997,0.6242163340250652,0.30660152435302734,0.2506683588027954,0.3070884823799133,0.4234688917795817,172.56704124551632,170.71661139153028,175.90254944464473,172.65664889296855,89.83853888987322,0.33706862529118853,100.74462893763389,0.4632198413213094,74.7577928150532,0.4756662607192993,90.50107395457108,0.5635935624440511,88.17154565669814,0.5726019541422526
0.3106494903564453,0.21074058214823405,0.32466726303100585,0.4174785296122233,0.29188828468322753,0.42210394541422525,0.33591532707214355,0.5375159581502279,0.2914896011352539,0.49645347595214845,0.33865723609924314,0.6180697123209635,0.29089202880859377,0.6217844009399414,0.3076424479484558,0.2506201505661011,0.3082777738571167,0.4197912375132243,171.40715630941136,172.41643729358358,175.35380308361334,173.2385992269095,89.78482539360036,0.3352056940396627,102.35214484099426,0.45812235673268636,76.7882512161147,0.4786535978317261,90.27318168143044,0.5591189384460449,88.05050445216726,0.5777928352355957
0.31340153217315675,0.21901424725850424,0.3229410409927368,0.42211888631184896,0.2918788194656372,0.42311474482218425,0.336000657081604,0.5263116200764973,0.2936421871185303,0.49528325398763023,0.33962914943695066,0.6155179977416992,0.29117958545684813,0.6218376159667969,0.306503963470459,0.25362118085225427,0.307409930229187,0.4226168155670166,172.31815430655533,170.75903788556573,176.45721804028423,172.84696854728315,89.6928466555586,0.3381189982096354,100.72837619825005,0.45895003477732343,74.58540565204495,0.47446421782175696,91.11476898212196,0.5585604349772135,87.67076342139063,0.5709148089090983
0.31289281845092776,0.22131745020548502,0.3224619150161743,0.4132298469543457,0.29486300945281985,0.42285486857096355,0.3356026649475098,0.5247711499532064,0.2941288948059082,0.4970699946085612,0.33916540145874025,0.6166593551635742,0.29116642475128174,0.6213802337646485,0.30743089914321897,0.2527281920115153,0.3086624622344971,0.41804235776265464,172.6955783245755,171.74573786828276,176.44731772068073,173.48931011033156,89.5731638505735,0.33538527488708497,100.42053648370258,0.45755617618560795,75.83347227086082,0.4714067538579305,91.36517241293889,0.5592251141866048,87.77961091566003,0.5707152525583903
0.315217113494873,0.20036052068074545,0.32026257514953616,0.4217940966288249,0.2991875171661377,0.4321491559346517,0.3373539447784424,0.5370140075683594,0.29457690715789797,0.4952698707580566,0.33735084533691406,0.623973274230957,0.2931664228439331,0.6281628290812175,0.3081235527992249,0.24997478326161704,0.3097250461578369,0.4269716262817383,170.65557747556667,171.72041959230293,175.90309116528405,172.0153495326584,89.48159354224576,0.33847320477167764,102.5054234000204,0.4611207485198975,75.90579757303554,0.4819928169250488,90.60809665823533,0.561716349919637,90.00204216209681,0.5804936408996582
0.31588191986083985,0.21111281712849936,0.3233501434326172,0.42053794860839844,0.29291090965270994,0.4234540621439616,0.3374732494354248,0.5381030400594076,0.2941511869430542,0.4954946517944336,0.3404270648956299,0.616636085510254,0.2931262731552124,0.6288262685139974,0.3063627004623413,0.2544456799825032,0.3081305265426636,0.42199600537618,172.1311692724326,172.07608721933374,176.29123596269426,172.73279143062916,89.39549377358783,0.3382208426793416,100.76894912438176,0.4587453285853068,75.81710246017914,0.4800495227177938,90.44042125383946,0.5621604601542155,87.8459842222395,0.5773695627848308
0.31528534889221194,0.21991618474324545,0.3224191665649414,0.4189205487569173,0.2903914451599121,0.4233014742533366,0.3367682933807373,0.5264255841573079,0.29407534599304197,0.4933864275614421,0.33990542888641356,0.6187150955200196,0.2919098138809204,0.625364875793457,0.3058091878890991,0.25215763250986734,0.30640530586242676,0.421111011505127,173.10350452552086,170.35756085523565,176.88067558168265,172.32491144538145,89.79784421929332,0.33663432200749716,99.68127968758337,0.4572487195332845,73.91732856579205,0.47376829783121743,90.94003770244663,0.5593756516774495,88.0531325912213,0.5725703398386637
0.31903934478759766,0.21942458152770997,0.3231783866882324,0.41235806147257487,0.29300713539123535,0.42189598083496094,0.3376796007156372,0.5387729008992513,0.29518024921417235,0.4941130002339681,0.33997292518615724,0.6183649063110351,0.2930119752883911,0.6286639531453451,0.30763493776321416,0.2527093569437663,0.3080927610397339,0.4171270211537679,173.43209164753245,172.32556892099583,176.84543221512413,172.64843169996192,89.84045951608226,0.3349181890487671,99.52133908870141,0.455620010693868,76.32989294154144,0.4779499610265096,90.92323532280682,0.5613884766896566,88.34956453607039,0.5785689036051432
0.3191258668899536,0.20841002464294434,0.3239651918411255,0.41365315119425455,0.29543418884277345,0.42301467259724934,0.33788747787475587,0.5405762990315756,0.2945281744003296,0.4935983975728353,0.3399825096130371,0.619180425008138,0.29313876628875735,0.6290911356608073,0.30799691677093505,0.24900008042653404,0.30969969034194944,0.418333911895752,171.75506145271686,172.86832772024223,176.09455077777972,172.952500283136,89.42386911086342,0.33366699616114304,101.39673268977614,0.45596615473429364,77.01517114359403,0.47945510546366377,90.58751806010247,0.5613447666168213,88.4732599804019,0.5798783620198568
0.31095473766326903,0.19577377637227375,0.3141877889633179,0.4218886057535807,0.2951331377029419,0.4192399024963379,0.33496229648590087,0.5216017405192057,0.2930044651031494,0.4878333727518717,0.3371011972427368,0.6251642227172851,0.2938889980316162,0.6379224141438802,0.3069807648658752,0.24690109888712564,0.3046604633331299,0.42056425412495935,173.48969342584695,169.1218497156488,176.8252919664233,172.1735368848544,90.76547944156383,0.3337326765060425,99.83027095668842,0.4541988134384155,73.30565289986507,0.47108299732208253,89.66233766007124,0.562877893447876,88.81682474967324,0.5733829816182454
0.3108954906463623,0.19539395968119302,0.31402595043182374,0.4223599433898926,0.29496791362762453,0.42548774083455404,0.3349601268768311,0.5215922673543294,0.29329493045806887,0.48773679733276365,0.33710007667541503,0.6251519521077474,0.2938966751098633,0.6379170735677083,0.3070250153541565,0.24686869780222576,0.30449693202972417,0.42392384211222334,173.30596941893052,168.4832115725971,176.93457180273964,171.98065144572965,90.81804266582824,0.33539626995722455,99.95650299159588,0.4558303197224935,72.67707887758641,0.47275805473327637,89.77042761372032,0.562826935450236,88.81621264903058,0.5733721097310385
0.3113077402114868,0.20671769777933757,0.31915874481201173,0.4203147570292155,0.2916674852371216,0.4241865793863932,0.3364018201828003,0.533785629272461,0.2911461114883423,0.49280776977539065,0.33864309787750246,0.6227503458658854,0.29383049011230467,0.6381124496459961,0.3068332552909851,0.24783143202463787,0.3054131150245667,0.4222506682078043,172.23258968318166,170.37624266726044,175.8702217368369,172.03271714349532,90.46649811893155,0.3350410501162211,101.43136262912452,0.4575292189915975,74.47265968275057,0.47801814874013265,88.94163028961935,0.5654601097106934,88.55685939116222,0.5782679875691732
0.3085571527481079,0.220576540629069,0.3202597856521606,0.4120144844055176,0.28929882049560546,0.41448726654052737,0.33510875701904297,0.5105747858683268,0.2896897792816162,0.48687750498453775,0.33722338676452634,0.6176677068074544,0.2926329612731934,0.6355705897013346,0.3038224220275879,0.2467486619949341,0.304779303073883,0.41325087547302247,171.78603690377167,169.4541300062637,175.7388330850592,172.11270760650203,89.67072724899582,0.3299997687339783,101.58218730795656,0.4500641902287801,72.69118246583635,0.4619128306706747,88.86605426727655,0.5612240473429362,88.86879902226957,0.5641212463378906
0.3083335399627686,0.22083350817362468,0.31848556995391847,0.4117611249287923,0.2898868560791016,0.41351728439331054,0.3354118585586548,0.5071006457010905,0.29111907482147215,0.4910476048787435,0.33742876052856446,0.6178594589233398,0.2926227807998657,0.6348347981770833,0.3043217062950134,0.24912230173746744,0.30418621301651005,0.4126392046610514,173.66205186045315,168.57975883991136,176.42174957153986,171.8421119142694,90.04747638375649,0.3308807531992594,99.46166205098663,0.4518434047698975,71.70792236115904,0.45986992518107095,89.4008307447142,0.5629412015279134,88.95676744303364,0.5624800523122151
0.3116403579711914,0.23032296498616536,0.3192788362503052,0.41422510147094727,0.28489696979522705,0.41490418116251626,0.3352231979370117,0.5215778032938639,0.28987057209014894,0.49391756057739256,0.3369487762451172,0.6234987894694011,0.2934746265411377,0.6365646998087565,0.3041441798210144,0.2503626902898153,0.3020879030227661,0.41456464131673176,174.60135644124125,169.3326214980144,176.33082239633637,171.49735794322444,90.71746908722386,0.3324636658032735,98.75264390426592,0.45424110094706216,72.79551109011094,0.46807122230529785,88.55270012282753,0.5652411301930745,89.03004363526713,0.5725382963816326
0.3119539260864258,0.22012227376302082,0.31981120109558103,0.416053835550944,0.28591146469116213,0.4212587038675944,0.3351119518280029,0.521841557820638,0.28835737705230713,0.49061225255330404,0.3369295120239258,0.6241061528523763,0.2937832593917847,0.6385489145914713,0.30377026796340945,0.2475564956665039,0.3028613328933716,0.41865626970926917,172.2321990431617,169.16207014837337,175.53543744802118,171.60297060609582,90.30437008915654,0.3331063826878865,101.39623896531774,0.4546342611312866,72.64333658413966,0.4702489137649536,87.89950059083712,0.5645805835723877,88.98178284413049,0.5729738553365071
0.3090556859970093,0.21947601636250813,0.32014007568359376,0.4164272944132487,0.28771021366119387,0.4223295211791992,0.3352536916732788,0.5359689076741536,0.2870010852813721,0.5003212610880534,0.33896670341491697,0.6237555821736653,0.2936269283294678,0.6401458740234375,0.3032488703727722,0.2459910790125529,0.30392514467239384,0.41937840779622393,171.8457093399889,171.2577970377776,174.61620500960072,172.6928612680795,89.77652653773825,0.3326847434043884,101.80964193103014,0.45984983444213867,74.95955957761082,0.4776736577351888,87.28696500448201,0.5702335675557455,87.57807002329372,0.5798622449239095
0.31222360134124755,0.20889654159545898,0.31918902397155763,0.4159398078918457,0.28770158290863035,0.4221959114074707,0.3351790189743042,0.5346101125081381,0.287506628036499,0.49583428700764975,0.33791794776916506,0.6255219141642253,0.29383676052093505,0.6418831507364909,0.3041920304298401,0.2463640371958415,0.303445303440094,0.4190678596496582,172.09701393858816,170.77821607552445,175.0489508350914,172.2461419236647,90.247730697225,0.3327159484227499,101.72941999229788,0.457451073328654,74.64237751814133,0.47683898607889813,87.51820720977217,0.5688587188720704,88.27435377861335,0.5800660133361817
0.30866901874542235,0.2205292542775472,0.31973834037780763,0.41733474731445314,0.28723535537719724,0.4228428204854329,0.3353606939315796,0.5359602610270182,0.28695311546325686,0.5012358665466309,0.33802802562713624,0.6253332138061524,0.29392552375793457,0.6408092498779296,0.30258129835128783,0.2503005663553874,0.30348684787750246,0.42008878389994303,172.04737503042804,171.16557241178924,174.65973043322347,172.15652692509877,89.69442123370689,0.3351946751276652,101.51638777108474,0.460662325223287,74.6195241614346,0.4780245224634806,87.14015849885908,0.5710225582122803,88.29051751313786,0.5806467374165853
0.3085819959640503,0.20931599934895834,0.31655097007751465,0.4207255999247233,0.28811016082763674,0.42233715057373045,0.3343621015548706,0.5351782480875651,0.2877747297286987,0.49501031239827475,0.3377286195755005,0.6264087041219075,0.293647027015686,0.6410582224527995,0.30449273586273196,0.2481440862019857,0.3023305654525757,0.4215313752492269,172.66924422786568,170.20036631420095,175.43229659925257,172.31072163154818,90.71445155448119,0.3348377307256063,101.20496294703361,0.45827084382375083,74.25943260444522,0.478354811668396,87.6974904283048,0.5680342674255372,87.88667291173296,0.5807934761047363
0.3080451965332031,0.20928131739298503,0.3165054082870483,0.4204662958780924,0.2909697532653809,0.4170183817545573,0.33413066864013674,0.5247639656066895,0.28796920776367185,0.49399391810099286,0.3364413738250732,0.6241460800170898,0.29361844062805176,0.6392740885416667,0.30497328042984007,0.2460782766342163,0.3037375807762146,0.41874233881632483,172.0890173757071,169.97687682668646,175.14598554373922,172.28539207827077,90.41003996599864,0.3324103077252706,101.8346485133771,0.4563681284586588,74.00405706560807,0.47175315221150715,87.77317022185343,0.5666340033213297,88.6680721559593,0.5744550228118896
0.3082998514175415,0.20896024703979493,0.29750814437866213,0.395671017964681,0.3127893447875977,0.4076510429382324,0.2971400499343872,0.4746025721232096,0.3255293607711792,0.5303016344706217,0.33638432025909426,0.6243600209554037,0.2922664165496826,0.6406916936238607,0.3031057834625244,0.23541738986968994,0.3051487445831299,0.40166103045145674,175.34593139958088,175.16301590320134,166.316211138921,173.2998751257108,89.2959300118027,0.31853921016057335,80.99741646232981,0.46598133246103923,96.26575362163416,0.4381318012873332,106.7687053998275,0.5854966640472412,75.31570132786146,0.5494812965393067
0.30826773643493655,0.20929298400878907,0.29423937797546384,0.39496440887451173,0.3134042263031006,0.40673936208089195,0.29612417221069337,0.47472235361735027,0.3258859872817993,0.5292109489440918,0.33636202812194826,0.6250383377075195,0.29227628707885744,0.6406204223632812,0.3032338976860046,0.2351872682571411,0.3038218021392822,0.40085188547770184,174.6519666402128,175.7511137037383,165.96945364534827,173.27263340726645,89.7966717148669,0.31801957686742144,80.24650367969817,0.4650314172108968,95.94900342485639,0.437787119547526,106.78736643698004,0.5849156856536866,75.01393848674877,0.5498803456624348
0.3055369138717651,0.21050837834676106,0.290902304649353,0.39672625859578453,0.3140392303466797,0.4073451042175293,0.29520862102508544,0.47526442209879555,0.32874488830566406,0.5315433820088704,0.33629958629608153,0.6252298355102539,0.33671162128448484,0.629078992207845,0.30281449556350704,0.23658571243286133,0.3024707674980164,0.4020356814066569,173.55574566784387,176.1616578545782,176.09330728426448,173.295412469581,90.11903380363687,0.3193106969197591,78.53166112515011,0.46678953170776366,95.66354511794526,0.4386500517527262,85.33043261504803,0.5803111871083577,74.67687271175788,0.5502471288045248
0.30882854461669923,0.20982589721679687,0.3059624195098877,0.39717528025309246,0.3050313234329224,0.4079951604207357,0.32931225299835204,0.49811585744222003,0.2938039541244507,0.4841259002685547,0.33449840545654297,0.6230823516845703,0.29221348762512206,0.6404624938964844,0.3050281286239624,0.23764525254567465,0.30549687147140503,0.4025852203369141,174.44674944682455,171.3281274781521,177.38671649586206,174.88344589086674,89.83717157889097,0.32011523644129436,98.16057026657978,0.4433555603027344,76.00173997974373,0.45035053888956705,90.58286976937444,0.5622941970825195,87.6235691253472,0.5605991045633951
0.30899662971496583,0.21272042592366536,0.3017578601837158,0.3934816360473633,0.30828654766082764,0.4057270050048828,0.32283859252929686,0.48495928446451825,0.3211716413497925,0.5160055796305338,0.336335563659668,0.6233200709025065,0.29225432872772217,0.6403301239013672,0.3049188256263733,0.23593947092692058,0.30502220392227175,0.39960432052612305,175.42250970800873,172.32575060680855,169.94215419125396,177.60363324445356,89.96380933795491,0.3177718957265218,82.10124210745528,0.45780495007832844,78.20977199443868,0.4422818024953207,103.09391641880794,0.5781678517659505,84.42847581904188,0.5541396776835124
0.31252124309539797,0.2255021095275879,0.3171497583389282,0.3988175392150879,0.2868412971496582,0.4009246826171875,0.3346151351928711,0.49676011403401693,0.2897865533828735,0.483071772257487,0.3360238313674927,0.617822774251302,0.29277198314666747,0.6381812413533529,0.3038095116615296,0.24824696381886802,0.3019955277442932,0.3998711109161377,175.0693769151363,168.45949441841165,176.6808833433794,171.7928470828474,90.68543610177413,0.32405903736750286,98.34807844478415,0.44147144158681234,71.39317155362947,0.44831561247507734,88.89735031208427,0.5606265068054199,89.33333116261471,0.5572914441426595
0.30849857330322267,0.23499563535054524,0.3172119140625,0.39851144154866536,0.2888162851333618,0.40974912643432615,0.3343519687652588,0.4937951405843099,0.29068589210510254,0.4820550282796224,0.336424732208252,0.6248025894165039,0.29321887493133547,0.6415268580118815,0.30277814865112307,0.2526991923650106,0.3030140995979309,0.40413028399149575,174.02793470638096,168.19644895687668,176.7272726396421,172.29702920105228,89.91072518636342,0.3284147381782532,98.99005860844714,0.44309265613555904,70.7354782457065,0.44896271228790285,89.09001468894336,0.561790943145752,89.09355773200495,0.5592988650004069
0.3092221260070801,0.22542270024617514,0.3169569492340088,0.40718421936035154,0.2899832248687744,0.41211942036946614,0.3338024139404297,0.5076073964436849,0.29136459827423095,0.48314088185628257,0.3367370367050171,0.6205156326293946,0.29338879585266114,0.641213862101237,0.30283522605895996,0.251257316271464,0.3034700870513916,0.40965181986490884,173.47790464854066,169.6826334560821,176.77348476571504,172.52347271565978,89.77035402217396,0.3304545680681864,99.35404798516645,0.4463963508605957,72.79465675081983,0.4586296081542969,89.26634115939618,0.5621773719787597,88.51114801193249,0.5640615145365397
0.30530879497528074,0.2265665849049886,0.31793501377105715,0.4104630470275879,0.2879339218139648,0.4134842872619629,0.33413424491882326,0.4976435343424479,0.2909099578857422,0.48879922231038414,0.33772547245025636,0.6243240356445312,0.29327495098114015,0.641883913675944,0.30273057222366334,0.25144065221150713,0.302934467792511,0.4119736671447754,173.95541727059563,167.25801876764714,176.70908568452626,172.31928055381272,89.92722774639672,0.33170715967814124,98.89559519824091,0.45038644472757977,69.98907800581459,0.4548086007436116,89.11491251631881,0.565341567993164,88.37617403550722,0.5609837849934896
0.3022108316421509,0.25232372283935545,0.3204205513000488,0.40388975143432615,0.2872461795806885,0.41235259373982747,0.3351246118545532,0.5069063186645508,0.29080321788787844,0.4885280609130859,0.3374082088470459,0.6211414972941081,0.2933777093887329,0.6423726399739583,0.30065892934799193,0.2571178118387858,0.30383336544036865,0.4081211725870768,173.23382940017413,170.27988351088732,176.4856187621754,172.188313167179,88.79568902822498,0.3326194922129313,99.2049113874016,0.4483246167500814,72.42384762520186,0.4575137456258138,89.04128093872173,0.5654503504435221,88.85479195616722,0.5640239079793294
0.30538532733917234,0.2399352232615153,0.31929712295532225,0.40198141733805337,0.2904120206832886,0.41203177769978844,0.33375861644744875,0.5087138811747233,0.2927560806274414,0.4904383977254232,0.3371575355529785,0.6199134826660156,0.2933109998703003,0.6424514134724935,0.30208481550216676,0.25562591552734376,0.3048545718193054,0.4070065975189209,174.0240965738335,171.268900814966,176.98394981079363,173.12343990727453,88.95179728296377,0.33131625652313235,98.25097922189923,0.44872249762217203,74.13545768405295,0.4578602393468221,89.79084429579558,0.5664449055989583,88.24924637418866,0.5643136819203695
0.30831155776977537,0.24935137430826823,0.31999921798706055,0.3980323155721029,0.2877602815628052,0.40204588572184247,0.3339137315750122,0.5113617579142252,0.29009785652160647,0.48905566533406575,0.338884162902832,0.6247728983561198,0.2935760736465454,0.6427422841389974,0.3019686818122864,0.2529387950897217,0.3038797497749329,0.4000391006469727,174.07725344484143,171.9484139481028,176.2725454352109,173.65625607936758,89.25567816789706,0.3264889478683472,98.8008806270524,0.4445473829905192,74.90152389331274,0.45570042928059895,88.70351011430009,0.5658989747365315,87.49052332701629,0.5680673281351725
0.3093752145767212,0.23562184969584146,0.3201322555541992,0.39836371739705406,0.2896669864654541,0.4024652481079102,0.3378627777099609,0.5021974881490071,0.2910718202590942,0.49010566075642903,0.33818635940551756,0.6187910079956055,0.2932302474975586,0.6327710469563802,0.30220632553100585,0.24388552506764732,0.30489962100982665,0.40041448275248215,173.82489416741365,169.91431900830273,176.2581374512872,171.4922319314533,89.01424477512663,0.32215000391006476,98.76435716452602,0.4452600717544556,72.05508177981532,0.45130598545074463,89.13322116884504,0.5614383538564046,89.84098757882964,0.5604942480723063
0.3095091819763184,0.2378098964691162,0.3203258991241455,0.3991590817769369,0.28982603549957275,0.40260610580444334,0.3378662109375,0.5030747413635254,0.2911510944366455,0.49079869588216146,0.33892669677734377,0.6211947123209636,0.2929561138153076,0.6329680760701497,0.3025011539459228,0.24519132773081462,0.30507596731185915,0.40088259379069013,173.84269307494796,170.0187968317439,176.28324050489775,171.77926479196023,89.05253200633604,0.3230369607607524,98.80318915866721,0.4458406448364258,72.21019934220085,0.45197866757710775,89.27259698390499,0.5618833859761556,89.48561001258135,0.5621347268422445
0.3090290307998657,0.23967410723368326,0.31992287635803224,0.39789571762084963,0.29029529094696044,0.4029134114583333,0.33763282299041747,0.5029080073038737,0.29295222759246825,0.4871807098388672,0.33794317245483396,0.6216407775878906,0.2929704189300537,0.63331724802653,0.3015276432037354,0.24223970572153727,0.30510908365249634,0.4004045645395915,174.0301958478742,170.28193992142448,177.00949395066732,171.70800584252635,88.70283220248466,0.3213221351305644,97.97491769669602,0.44379263718922934,72.39607333651078,0.4516562859217326,89.99286771895046,0.5602489789326985,89.85023785811833,0.5622743924458822
0.308457612991333,0.26074509620666503,0.3194992780685425,0.39702882766723635,0.28980419635772703,0.4032168388366699,0.33799307346343993,0.5014812469482421,0.29148476123809813,0.4930150349934896,0.338107705116272,0.6212973276774089,0.2930499315261841,0.633343760172526,0.3023649096488953,0.24616255760192873,0.30465173721313477,0.40012283325195314,174.456078870755,169.73561975738752,176.51308478235762,171.45317786697612,89.14902767674961,0.32314269542694096,98.06762835224777,0.44656893412272136,71.79164162365085,0.4508020401000976,89.36097236560927,0.5631793975830078,89.94518341893696,0.5613892873128254
0.3039007425308228,0.24973371823628743,0.32155847549438477,0.40159727732340494,0.29075801372528076,0.4114779790242513,0.33852229118347166,0.4978988965352376,0.2918954133987427,0.4936175982157389,0.3390998840332031,0.6218976974487305,0.29427437782287597,0.6369323094685873,0.30096757411956787,0.24961880842844647,0.30615824460983276,0.4065376281738281,172.82745989402275,169.095017039298,176.09627462263956,171.5702856185467,88.10542093952444,0.32807821830113726,99.30188341226575,0.4500776131947835,70.49368954082664,0.4522182623545329,89.04900130218333,0.5652749538421631,89.73311521581864,0.559898296991984
0.30935790538787844,0.25275108019510906,0.3190701961517334,0.40081205368041994,0.2890319347381592,0.4109068234761556,0.3381511926651001,0.494769032796224,0.2920640707015991,0.4932432174682617,0.33915512561798095,0.6181000391642253,0.2929506301879883,0.6322647094726562,0.3026902675628662,0.24656403064727783,0.3040510654449463,0.40585943857828777,174.65572430610774,167.1471248046811,176.8277118307649,171.0748320315767,89.5105566449827,0.3262117346127828,97.81088046911599,0.44955132802327474,69.01632847592992,0.45031423568725587,89.63462175846945,0.562753963470459,89.53361403292274,0.5564345359802246
0.3089496374130249,0.2508959929148356,0.3176072120666504,0.40399325688680016,0.2873438596725464,0.4112672805786133,0.3383389711380005,0.49470125834147133,0.29147541522979736,0.4926390329996745,0.3393174409866333,0.6184216181437174,0.2931354284286499,0.6317760467529296,0.30256332159042354,0.2468767245610555,0.3024755358695984,0.4076302687327067,175.21013208195973,165.8282609089035,176.93032639207075,170.53916694825242,90.03128858421587,0.3272534966468811,97.37309447509402,0.4501346508661906,67.61385911889445,0.45116576353708904,89.31644905117093,0.562207539876302,89.54687309361236,0.5565614382425944
0.3080842733383179,0.25103975931803385,0.3187549591064453,0.41029796600341795,0.28706495761871337,0.41385574340820314,0.3385936737060547,0.4946961720784505,0.29092795848846437,0.49409236907958987,0.3390390872955322,0.6183499018351237,0.29317426681518555,0.6318995793660481,0.30118134021759035,0.24717138608296713,0.30290995836257933,0.41207685470581057,174.06605252123245,165.23519165005686,176.53023446326242,170.2716911080163,89.39942018000932,0.3296241203943888,98.31178582628559,0.4530846118927002,66.6402315808714,0.45338651339213054,89.06614037693693,0.562995974222819,89.79361553841333,0.5565230369567871
0.30610606670379636,0.22791558901468914,0.32103672027587893,0.40943565368652346,0.28921468257904054,0.41259676615397134,0.33924479484558107,0.4945317586263021,0.2916781187057495,0.4915372212727865,0.338912296295166,0.6149774551391601,0.29232938289642335,0.6332379023234049,0.30158154964447026,0.24790221055348713,0.30512570142745976,0.4110162099202474,172.84641297838365,166.46088740677283,176.44101114170925,170.43608162782527,88.75526936557348,0.32945921023686725,99.48130085229369,0.45127671559651694,67.7782262107745,0.45277398427327475,89.73666727316676,0.5623875617980957,90.15816850075315,0.5547546068827311
0.3046800851821899,0.24026047388712565,0.3193120002746582,0.4101711273193359,0.28971502780914304,0.4177426338195801,0.338960599899292,0.49504292805989586,0.2906060218811035,0.5032742182413737,0.33983287811279295,0.624574343363444,0.2935819625854492,0.636903444925944,0.3016069054603576,0.24895815849304198,0.30451351404190063,0.413956880569458,173.6264994076095,165.61433013216148,175.9171385572389,170.8662253648523,88.9907850259797,0.33145751953125,98.85038510809399,0.4586155494054159,66.98317742541676,0.4544999043146769,88.72422622955203,0.5700888315836589,89.61417000941452,0.5598086357116699
0.3125712156295776,0.24156344731648763,0.3194338321685791,0.4117926597595215,0.28703172206878663,0.4179697036743164,0.34091477394104003,0.4924140930175781,0.2932384729385376,0.4944025993347168,0.3399674892425537,0.6239563624064127,0.2937652111053467,0.6374608357747396,0.3036307692527771,0.2499940792719523,0.3032327771186829,0.41488118171691896,175.2713486847163,162.823183461718,177.3533948805579,169.62218888745636,90.13829599126042,0.33243763049443564,97.16341203832694,0.4546418905258179,64.0796491546457,0.45364763736724856,89.78903879821381,0.5659317175547282,90.41260103893248,0.5581852277119954
0.3089491605758667,0.2387314796447754,0.3197012424468994,0.41573708852132163,0.28930823802947997,0.42166322072347007,0.34085893630981445,0.4941107432047526,0.29302058219909666,0.4989091237386068,0.3393325567245483,0.6220108032226562,0.29311447143554686,0.6352860768636067,0.3038816571235657,0.25450279712677004,0.3045047402381897,0.41870015462239585,174.39635375299648,163.0349650101102,176.95013872807695,169.59564114332713,89.78257956193221,0.33660147587458294,98.1481164105385,0.4588046391805013,64.2620538739076,0.45640544891357426,89.96055450706929,0.5670976003011068,90.68374445334157,0.5580607732137044
0.3121803283691406,0.24205541610717773,0.3202674388885498,0.4123355547587077,0.28776352405548095,0.4148498853047689,0.33959498405456545,0.5209414800008138,0.2911947250366211,0.5042526880900066,0.3394745349884033,0.6239311854044597,0.2934969186782837,0.6410181045532226,0.3046878218650818,0.2536820729573568,0.3040154814720154,0.4135927200317383,175.03321306237416,169.10418619889035,176.3875446122098,170.3639874479421,90.24089728002564,0.33363739649454754,98.04915767180691,0.45892270406087243,71.66282053404636,0.467267100016276,89.03562226422947,0.5726353963216146,90.06700883320197,0.5724363327026367
0.3120617151260376,0.2515664577484131,0.3229563236236572,0.40310096740722656,0.2929593801498413,0.4147287368774414,0.3412085771560669,0.5362719853719076,0.3024822950363159,0.5339974085489909,0.3409768342971802,0.6237010320027669,0.29348077774047854,0.6421533584594726,0.30615257024765014,0.25196906725565593,0.3079578518867493,0.408914852142334,178.23904314241344,172.3970822534541,178.7941798196637,171.10849429955485,89.34097970594068,0.3304419596989949,92.50655358674587,0.47145613034566247,75.36770095171266,0.4725934187571208,94.75760280524175,0.5880753835042318,90.15187008393652,0.5799865086873373
0.31246984004974365,0.2441872278849284,0.3256073951721191,0.4013135592142741,0.2969032287597656,0.4048771858215332,0.34242126941680906,0.5283227920532226,0.3036247491836548,0.5243323644002279,0.3410024166107178,0.6222864151000976,0.2935626745223999,0.6427076975504558,0.30791250467300413,0.25224717458089196,0.31125531196594236,0.4030953725179036,177.301440354859,173.14932171262777,179.3644309823205,171.40632565929087,88.7305290338681,0.3276712735493978,93.60140172766643,0.46371386845906576,76.02444583783273,0.4657090822855631,94.85854525744224,0.5835200309753419,90.86510180316873,0.5753046035766601
0.3089022397994995,0.25234481493632,0.3241154670715332,0.41319344838460287,0.2912163257598877,0.41551520029703776,0.340844988822937,0.5271934191385905,0.2908914566040039,0.517459774017334,0.3379626750946045,0.6159463882446289,0.29361910820007325,0.6371823628743489,0.3062547445297241,0.25800456206003824,0.30766589641571046,0.4143543243408203,174.14812683990888,170.9368790859236,175.0877723174285,169.59305572745808,89.48288471454468,0.33617944320042925,99.24060801842853,0.46590704917907716,73.61460815191492,0.4707738717397054,88.69485037221982,0.5773210684458414,91.86006612065358,0.5715699036916098
0.31177072525024413,0.23101757367451986,0.3253727674484253,0.424692440032959,0.2996002912521362,0.42671238581339516,0.34121711254119874,0.5252629915873209,0.2915659427642822,0.5199068705240886,0.3378901958465576,0.6178278605143229,0.2935763120651245,0.6377172470092773,0.3115777373313904,0.257123072942098,0.31248652935028076,0.42570241292317706,171.83399899378009,170.21093644293913,173.92548467370875,170.4093866500736,89.69112797132007,0.34141274293263757,102.5208455131577,0.4728046417236328,73.90324120961554,0.475482702255249,89.02237391073014,0.578812058766683,92.0584080293994,0.5715454260508219
0.3131257057189941,0.2578525225321452,0.3275794506072998,0.4180891672770182,0.29575481414794924,0.424886417388916,0.34285573959350585,0.5078621546427409,0.2927384376525879,0.5144919713338216,0.33906283378601076,0.6139336268107096,0.29438984394073486,0.6405675252278645,0.31059694290161133,0.2641956567764282,0.31166713237762456,0.4214877923329671,172.57709547267322,167.68752148151404,174.7403662697005,169.8501620233984,89.61017508031323,0.34284172455469764,101.50401116758391,0.4679898818333944,70.1460383431415,0.464674973487854,89.24955158308325,0.577529748280843,92.04791107440535,0.5608978907267252
0.3158203125,0.27756989796956383,0.32679870128631594,0.41193065643310545,0.292667293548584,0.42196340560913087,0.3433148622512817,0.5073808352152507,0.29846341609954835,0.513138993581136,0.3400269031524658,0.6135956446329752,0.29244654178619384,0.6393013636271159,0.31116317510604863,0.2696671485900879,0.30973299741745,0.4169470310211182,176.30375304436677,167.33065697046925,178.2850588814863,169.46930781720664,90.55635955615588,0.34330708980560304,96.6821517472484,0.4650430123011271,69.6279264642699,0.46216393311818443,92.73045354754512,0.5762201786041259,91.77306762553087,0.5604882399241129
0.31745152473449706,0.2937698046366374,0.32713956832885743,0.4114702224731445,0.293019962310791,0.41429932912190753,0.3439499855041504,0.5241437276204427,0.29825220108032224,0.5254035949707031,0.34022500514984133,0.6143749237060547,0.29258122444152834,0.6406283060709635,0.3116202712059021,0.2689859310785929,0.31007976531982423,0.412884775797526,176.98366962434034,170.28950985141256,178.42397869640544,169.1270285058508,90.61335526407298,0.3409353534380595,96.00068485683755,0.46914418538411456,73.06833938443421,0.46851425170898436,92.8176339351819,0.5830159505208333,92.36397767345494,0.5692593256632488
0.320863676071167,0.2776153246561686,0.33064582347869875,0.424871031443278,0.2973961591720581,0.4283792495727539,0.3439459323883057,0.5406238555908203,0.29388883113861086,0.5232328732808431,0.3390848159790039,0.6177061080932618,0.2929056167602539,0.6382020950317383,0.31404154300689696,0.2651264111200968,0.3140209913253784,0.4266251405080159,172.6931001853816,171.48658877557304,174.79073462211548,168.91873091128875,90.00729123139864,0.3458757758140564,101.77144309084154,0.4749290068944295,75.29156521835911,0.4836244980494181,90.48998036242787,0.5807174841562908,93.60852323863791,0.579164981842041
0.3204975128173828,0.28567288716634115,0.3283116340637207,0.4195496877034505,0.2962482452392578,0.4325361887613932,0.34461050033569335,0.5541636784871419,0.3044706106185913,0.562364133199056,0.3387999773025513,0.6239619572957357,0.291554856300354,0.6336408615112304,0.31372447013854976,0.2649799029032389,0.31227993965148926,0.4260429382324219,178.50365090256713,171.93371689954267,175.43023141564868,167.6093956523352,90.5138564603521,0.3455114205678304,93.27867649371662,0.49420353571573894,75.83739970179558,0.4901033083597819,100.27087694211696,0.5980024973551432,94.75875019937489,0.5890628178914388
0.3246396541595459,0.32717421849568684,0.3242394685745239,0.435372797648112,0.2936175584793091,0.4429165840148926,0.34372577667236326,0.5739674250284831,0.31024918556213377,0.582254155476888,0.3364030599594116,0.6456521987915039,0.2914887428283691,0.6267687479654948,0.316573166847229,0.2889889558156331,0.3089285135269165,0.4391446908315023,178.23592958864046,170.97067660949548,162.45768252332613,166.58902988054356,92.9144975636788,0.3640668233235677,89.47126637668362,0.5106994231541951,75.52799284307137,0.5065560579299927,112.85273657072612,0.6045114517211914,95.83262586624348,0.6098098119099935
0.3191660165786743,0.3025851567586263,0.32449655532836913,0.42917505900065106,0.2931656837463379,0.43208738962809246,0.34084506034851075,0.5758626937866211,0.30990674495697024,0.5544968287150065,0.3366379261016846,0.6327203750610352,0.29274463653564453,0.6338035583496093,0.3140244722366333,0.2905279159545898,0.30883111953735354,0.43063122431437173,178.60876590113315,172.9387186032384,172.3164183352469,167.93364521203378,92.12286934493126,0.3605795701344808,89.50246682171115,0.4925640265146891,77.56887010085244,0.5032469590504964,102.21061927986146,0.5941501935323079,94.23183889606864,0.6042915344238282
0.3217303991317749,0.28589531580607097,0.33492872714996336,0.42363837560017903,0.2981096744537354,0.4332494099934896,0.3471908330917358,0.5887095769246419,0.3010035276412964,0.5989203135172526,0.3430424451828003,0.6260837554931641,0.29383676052093505,0.639009157816569,0.3183146238327026,0.2741782506306966,0.31651920080184937,0.4284438927968343,177.85102267054478,174.4111991571233,176.01247432230446,166.02289823098974,90.66680769794868,0.35131107171376547,95.20036783208047,0.5136821031570434,79.16574394215591,0.5085767348607381,100.1358139207884,0.6189647356669108,96.33368214259757,0.607396666208903
0.3213465213775635,0.2894057909647624,0.32370164394378664,0.429161802927653,0.30310611724853515,0.4330379168192546,0.338486385345459,0.561612065633138,0.3152143478393555,0.5539833068847656,0.3370062351226807,0.6337069193522136,0.32084429264068604,0.6450480779012044,0.31885470151901246,0.2822272777557373,0.31340388059616087,0.4310998598734538,178.38844113484853,173.14067241285522,178.45403099554,172.17922665792452,92.09689106296243,0.35666356881459554,89.15591050006331,0.4925415833791097,79.1212451671565,0.4963559627532959,86.4622758108148,0.599515692392985,91.1761511953327,0.5976594924926758
0.3250211238861084,0.27471631368001304,0.3203061580657959,0.4315919558207194,0.3121006965637207,0.44138644536336263,0.3343921661376953,0.5402778625488281,0.32373044490814207,0.528209368387858,0.33567056655883787,0.6334077835083007,0.32960033416748047,0.6395442962646485,0.32536954879760743,0.2813047568003336,0.31620342731475826,0.436489200592041,174.92817470991864,172.05535346728945,179.24328342102982,175.1406048885047,93.38030404494657,0.3588969786961873,85.30853356532113,0.4823492844899495,80.05997684644502,0.48838353157043457,86.98200031396428,0.5838768323262533,89.21354654092049,0.5868428230285645
0.3275803804397583,0.23919849395751952,0.3230141639709473,0.43890520731608074,0.31069176197052,0.44818620681762694,0.3470896005630493,0.5333902359008789,0.3223541736602783,0.5190089543660482,0.3338011264801025,0.6317176183064779,0.32735750675201414,0.6389232635498047,0.3215635538101196,0.2707276105880737,0.3168529629707336,0.4435457070668538,176.01300908714109,166.9503298092937,179.3116720758435,167.15678388944747,91.5613536281311,0.35713665882746376,85.83055869916399,0.481277330716451,71.39964879263097,0.48846797148386634,87.61076314006709,0.5789661089579264,97.69661823787736,0.5825539271036784
0.3304870128631592,0.2398401419321696,0.3125298261642456,0.4299212137858073,0.32805500030517576,0.4439343770345052,0.32235896587371826,0.5019267717997233,0.3398502111434937,0.5161436398824056,0.3286339044570923,0.6251557032267253,0.3382837772369385,0.6192429860432943,0.3275259494781494,0.2719836870829264,0.3202924132347107,0.43692779541015625,169.02107158330594,176.89171325806413,173.49368918182202,179.6224146745541,92.51106702323163,0.35445574124654133,76.13145195321842,0.47653571764628094,88.17897328146576,0.4694272836049398,90.87045311190158,0.56769331296285,87.08496023856222,0.5635412375132243
0.33388071060180663,0.24530313809712728,0.34104959964752196,0.4401376724243164,0.3093857288360596,0.44255666732788085,0.3576772928237915,0.5463466008504232,0.3184762716293335,0.5499537785847982,0.3420858383178711,0.6093809763590495,0.3207275152206421,0.6163768768310547,0.33191622495651246,0.27325647672017417,0.32521766424179077,0.4413471698760986,179.2289417131118,168.21034132559515,176.5893239592432,160.374365317284,92.28207924201027,0.3573018232981364,93.55188720940748,0.4956504742304484,72.82147695745819,0.49384688536326093,88.0588469250343,0.5831653277079265,103.89316801160076,0.5778637886047364
0.33404605388641356,0.2542073408762614,0.3439761161804199,0.43205944697062176,0.3168046474456787,0.44501946767171224,0.3566069841384888,0.5414882659912109,0.3251420736312866,0.5255545298258464,0.3443190097808838,0.6105641682942708,0.33260107040405273,0.6145480473836263,0.33294397592544556,0.26982841491699217,0.3303903818130493,0.438539457321167,178.29587507112524,170.6911192465697,175.92855289424404,165.2840493162384,90.8671571918248,0.3541839361190796,93.45160957184413,0.48204699357350667,75.71291919899768,0.490013861656189,85.20894900433424,0.5700512886047364,100.08688066424004,0.5760262171427408
0.33983674049377444,0.2675189018249512,0.33549840450286866,0.430974547068278,0.32193217277526853,0.43414319356282555,0.3511788368225098,0.5097708384195964,0.3319389343261719,0.5087542215983073,0.3416507005691528,0.6084041595458984,0.33815779685974123,0.6118934631347657,0.33620548248291016,0.26965662638346355,0.3287152886390686,0.43255887031555174,176.55509626849505,167.34682104770445,179.5634956341609,170.27508187568816,92.63258772014065,0.35110774834950764,87.57739538689195,0.4706565459569295,73.77851685409371,0.47116485436757405,86.54948294172515,0.5603238423665364,95.51774264111243,0.5590874989827475
0.3423576354980469,0.2579405625661214,0.3441375494003296,0.42461039225260416,0.3213424444198608,0.4339450200398763,0.35598533153533934,0.5092537562052409,0.3305432558059692,0.5081498463948567,0.3441206455230713,0.6152802149454752,0.33535003662109375,0.6163788477579752,0.33934391736984254,0.26702345212300616,0.3327399969100952,0.4292777061462402,179.50512466759733,167.72338869595887,178.25620822893646,170.11368613002423,92.33071264358445,0.3481505791346232,91.59538543276072,0.46871377627054844,73.79329847954925,0.46926573117574055,87.45699044094509,0.5622643470764159,96.38501025977332,0.5622669855753581
0.34954898357391356,0.2737219492594401,0.33505418300628664,0.3987973848978678,0.31429266929626465,0.4125893274943034,0.3513481140136719,0.5027371406555176,0.3272522449493408,0.5040932019551595,0.34264776706695554,0.6091714859008789,0.3276526927947998,0.6111677805582683,0.3396300554275513,0.25797553857167566,0.32467342615127565,0.4056933561960856,175.61965389623347,167.371494727369,179.38358006871127,170.27866841914755,95.78157182480857,0.3318344473838806,88.49876167840154,0.45489327907562255,74.63052947115966,0.4542152484258016,89.7857207117785,0.5576304912567138,94.67318393570035,0.5559543132781982
0.3567542314529419,0.30233039855957033,0.327582049369812,0.4086282730102539,0.31355154514312744,0.41092306772867837,0.34330933094024657,0.4827204704284668,0.3340090990066528,0.48627599080403644,0.34374299049377444,0.6137502034505208,0.33013837337493895,0.602952512105306,0.34415199756622317,0.272261913617452,0.32056679725646975,0.40977567036946616,167.3205521791578,162.4542976949266,175.26333187001063,173.70731062230772,99.73219818963696,0.3410187919934591,80.03397532730898,0.4480258305867513,72.68370620142603,0.44624807039896647,91.90008181112852,0.5446142514546712,89.81037302855555,0.5482353369394938
0.36113696098327636,0.333867613474528,0.3181954860687256,0.395565668741862,0.30929715633392335,0.40923252105712893,0.3397985458374023,0.4897239049275716,0.33133816719055176,0.49233484268188477,0.34329774379730227,0.6138434727986654,0.3217508554458618,0.6289927164713541,0.3444663524627686,0.29666069348653157,0.3137463212013245,0.40239909489949544,165.09408215468443,162.00320447362057,173.96379571902298,173.6587519972904,106.20009287331752,0.3495298941930135,78.93242272317683,0.4473669687906901,73.38820953549899,0.4460614999135335,94.01304318362293,0.5606637795766194,88.3851363051859,0.5517836888631185
0.36613447666168214,0.33932100931803383,0.3165590286254883,0.3382176717122396,0.3031277656555176,0.3521316846211751,0.34783525466918946,0.4772755304972331,0.329960560798645,0.4891932487487793,0.3361752986907959,0.6103651046752929,0.2927698612213135,0.6340450286865235,0.35095170736312864,0.2736675262451172,0.3098433971405029,0.3451746781667073,166.48533648984449,163.07799516446866,168.98284297718791,169.32255219078553,119.89390231170175,0.30942110220591224,82.04811905861354,0.41718396345774333,73.9549039325704,0.41122510433197024,104.39966000003605,0.5616191387176513,95.00688995174107,0.543820317586263
0.363552451133728,0.3155229568481445,0.3246194839477539,0.35608183542887367,0.30843191146850585,0.36810776392618816,0.3497264862060547,0.49272534052530925,0.32874341011047364,0.4917597452799479,0.3360403537750244,0.6194316228230794,0.29492595195770266,0.638630485534668,0.34750401973724365,0.2710227966308594,0.3165256977081299,0.3620947996775309,169.75924383862744,166.3141030640178,171.49966854591187,169.4985008420996,108.78583828479881,0.31655879815419513,84.6171833583367,0.4269272724787394,75.7397583527007,0.42741007010142007,102.96654224689853,0.5651951154073079,96.16488111710375,0.5560784816741944
0.3665874719619751,0.2856163024902344,0.3365083456039429,0.3805792490641276,0.3221689939498901,0.3814409255981445,0.35209264755249026,0.4868898073832194,0.33305256366729735,0.4902798334757487,0.34196958541870115,0.6062988917032878,0.323942232131958,0.6065770467122396,0.35362944602966306,0.26314216454823813,0.3293386697769165,0.38101008733113606,172.87694669219803,167.4778493080575,176.89126542767383,171.94530804539843,101.64475609251345,0.3220761259396871,88.05336270232416,0.43564496040344236,77.87137605539212,0.43394994735717773,94.47921069809344,0.5484284400939942,94.84573839957808,0.5465943495432536
0.3708160400390625,0.2580002784729004,0.3464543104171753,0.3822941780090332,0.333441162109375,0.38244641621907555,0.35253970623016356,0.5272713661193847,0.3314685583114624,0.5027744611104329,0.3406649351119995,0.6279588063557943,0.296068000793457,0.6315547307332356,0.35997666120529176,0.24411580562591553,0.3399477362632751,0.38237029711405435,177.73879100000107,173.52894481511692,174.6165667569471,173.10645814665162,98.24309070674798,0.3132430513699849,94.02826909920103,0.4425723791122436,85.03344711933786,0.45482083161671955,105.37045338442364,0.5671645959218343,96.72621989510789,0.5776150862375895
0.377639102935791,0.29292608896891276,0.347499942779541,0.3682332356770833,0.33150553703308105,0.37625068028767905,0.3596097707748413,0.5039622624715169,0.3347857713699341,0.4940389633178711,0.34679155349731444,0.6076659520467123,0.33131842613220214,0.6135456720987956,0.3664443969726563,0.2696902592976888,0.339502739906311,0.3722419579823812,174.18567728302037,169.64976406819514,179.71934275153532,171.18040514122367,104.71971674004975,0.320966108640035,92.21784920526888,0.4331404606501261,81.32083098794779,0.438102110226949,91.66190277622637,0.5537923177083334,97.04626287723576,0.5558141072591145
0.377886438369751,0.32272564570109047,0.33326661586761475,0.3683549245198568,0.3248861312866211,0.3753945032755534,0.3533989667892456,0.48126468658447263,0.33827316761016846,0.4898871103922526,0.34527456760406494,0.6075998942057291,0.3330498933792114,0.6068405151367188,0.3653330564498901,0.30211601257324217,0.32907637357711794,0.3718747138977051,167.34340724049738,163.65318952506362,176.47396379125658,172.3894918250591,117.46289528014272,0.33699536323547363,85.54390355048456,0.4308809121449788,77.46434924291988,0.42656970024108887,92.55719642834808,0.5483638127644856,93.67952599375846,0.5444322903951009
0.38569073677062987,0.3538426717122396,0.31753995418548586,0.33970251083374026,0.30476620197296145,0.3465872764587402,0.3500110149383545,0.48820934295654295,0.33963985443115235,0.4949678103129069,0.3390296459197998,0.6202853520711263,0.30294184684753417,0.6303520838419596,0.3635842680931091,0.3174741744995117,0.31115307807922366,0.34314489364624023,161.6900747826159,160.45901923164266,166.47117463082455,169.503255674292,153.9132698324557,0.330309534072876,79.37306100534077,0.4190563519795736,75.00440938004334,0.4156771183013916,105.16646115455524,0.5626599470774333,94.75288613544575,0.5542473475138346
0.38244075775146485,0.3044299125671387,0.32247166633605956,0.3495535214742025,0.3035085201263428,0.34531440734863283,0.3573775768280029,0.4886959393819173,0.33883755207061766,0.49969638188680016,0.3420051097869873,0.6209486643473308,0.30681610107421875,0.6244911193847656,0.3691581130027771,0.2773858229319255,0.3129900932312012,0.34743396441141766,162.5989889852502,159.36524868504168,166.88536183386537,167.3145358524167,128.72434132716882,0.3124098936716716,80.36554276027576,0.4235651731491089,72.55618449011446,0.4180649518966675,104.39121648167348,0.5620937506357829,96.63005386200035,0.554822301864624
0.3970327615737915,0.30661916732788086,0.32341432571411133,0.34649152755737306,0.3098329544067383,0.3463926633199056,0.35526456832885744,0.5242703119913737,0.3415369987487793,0.5105534553527832,0.34015276432037356,0.630609639485677,0.30996782779693605,0.6328344980875651,0.3720498442649841,0.2632185220718384,0.3166236400604248,0.34644209543863935,164.33512486830716,164.06159691977695,166.85541974866896,167.17859141342163,123.66328341059689,0.30483030875523887,81.36797010436513,0.42849777539571127,77.74057337323195,0.43535620371500655,104.47590508451624,0.5716939767201741,98.08810490283145,0.5774399757385253
0.3960235118865967,0.3546082814534505,0.3154204607009888,0.3391513188680013,0.3086191415786743,0.3473002115885417,0.3540474891662598,0.49250478744506837,0.34053702354431153,0.5014616648356119,0.3424814224243164,0.6297431945800781,0.32053565979003906,0.6465626398722331,0.37372004985809326,0.3025221347808838,0.3120198011398315,0.34322576522827153,160.31410474541585,158.36421711551782,170.54345978565271,169.11394866097245,146.58717896490228,0.32287395000457764,79.78383529653496,0.42234371503194174,74.27608215441218,0.4178652763366699,97.84844480553257,0.5740121523539226,94.81734328814642,0.5611239910125733
0.3899508237838745,0.3759931564331055,0.3183461666107178,0.34173790613810223,0.3087991952896118,0.3435590108235677,0.3492248058319092,0.4966227213541667,0.3424883604049683,0.4977846145629883,0.3420372724533081,0.6207126617431641,0.32395224571228026,0.6382367451985677,0.36808276176452637,0.32628275553385416,0.3135726809501648,0.34264845848083497,160.9538494131497,160.645772803385,170.4707482069898,170.84018327383737,163.28853027478473,0.33446560700734457,79.44184849461429,0.4202165365219116,76.96313501615172,0.41963558991750083,97.51814030484081,0.568010679880778,93.31498033386684,0.5586676915486654
0.3901118278503418,0.3776374816894531,0.32058308124542234,0.35140371322631836,0.3063927173614502,0.35047696431477865,0.34928154945373535,0.5078879992167155,0.34150512218475343,0.5108545939127604,0.34681100845336915,0.6204127629597982,0.3223433494567871,0.6465901056925456,0.3701022505760193,0.3252498785654704,0.31348789930343623,0.35094033877054853,161.30355566138618,160.64916323039208,170.24901770766405,171.69280278456674,155.59240329626914,0.33809510866800946,80.06255092452237,0.4308974663416545,77.15279147541783,0.429414168993632,98.03534329821068,0.578722349802653,91.25775722199661,0.5641503810882569
0.38343713283538816,0.26388959884643554,0.3298245191574097,0.32223532994588217,0.3074141502380371,0.33724212646484375,0.3665118455886841,0.4489659309387207,0.34048259258270264,0.4759002367655436,0.3480405569076538,0.6113186518351237,0.32500247955322265,0.6389706293741862,0.3608183741569519,0.220199720064799,0.3186193346977234,0.329738728205363,166.9454651475623,159.54077648494354,173.39469001379305,167.5442459835637,111.06878614293318,0.27496922413508096,81.49260971422495,0.4028194824854533,68.11510896257064,0.38935232957204186,95.42278215530085,0.557435433069865,96.49077896275787,0.5301422913869223
0.3787201404571533,0.3073008855183919,0.3281118631362915,0.32950439453125,0.30938968658447263,0.34344180425008136,0.36544883251190186,0.44972426096598306,0.335202956199646,0.4835876146952311,0.34886846542358396,0.6139874776204427,0.3279887199401855,0.6594279607137045,0.3618065357208252,0.24752740065256754,0.31875077486038206,0.3364730993906657,167.18897908015217,158.62364798510598,176.01216514567116,168.04233747350912,115.83013574700846,0.2920002500216166,83.61898404611864,0.41003035704294843,67.59165537409079,0.3930986801783244,92.34936756477933,0.5715077877044678,95.76378795051482,0.5318558692932129
0.3842418909072876,0.33634379704793294,0.3243819236755371,0.3427536646525065,0.3061119794845581,0.35541226069132487,0.35468904972076415,0.4552635192871094,0.3442112445831299,0.47290252049764,0.3484447956085205,0.6133010864257813,0.3286492109298706,0.6590063730875652,0.3578261613845825,0.29839456876118975,0.31524695158004756,0.3490829626719157,162.37280245342902,158.47618980179857,172.74389487056303,170.5759174861055,130.03089477112135,0.3237387657165527,76.83391872820489,0.41099274158477783,69.62185503166195,0.40217324097951257,94.77996183803408,0.5659544467926025,92.2626481288954,0.5342823028564454
0.36945624351501466,0.26855090459187825,0.33314528465271,0.3269161860148112,0.30612080097198485,0.34374955495198567,0.3560348033905029,0.4521445910135905,0.3448841333389282,0.464276377360026,0.34919917583465576,0.6068031946818034,0.3317588806152344,0.6421409606933594,0.35223811864852905,0.24076967239379882,0.3196330428123474,0.33533287048339844,167.03544006951324,163.72055004846231,173.51629538407167,171.25363031147103,109.02402291390382,0.28805127143859866,78.91994894298712,0.39980462392171223,72.69152246273502,0.39373873074849447,94.22040731519878,0.5532086690266926,92.53072166814256,0.529473892847697
0.3821051597595215,0.27119153340657554,0.3253509759902954,0.3403877894083659,0.30601742267608645,0.357222843170166,0.3600682973861694,0.4626243273417155,0.3476768970489502,0.46723098754882814,0.34796321392059326,0.614997673034668,0.3314067363739014,0.6473742802937825,0.36201028823852544,0.24260183970133464,0.3156841993331909,0.3488053162892659,161.23136940327225,158.19084101648193,171.82477760348394,168.54371521250926,113.56688976594195,0.2957035779953003,74.88241358828759,0.408018151919047,68.696539282209,0.4057148218154907,95.16083100484077,0.5573026339213053,94.54224185309673,0.5388110001881917
0.38164596557617186,0.270123545328776,0.3223219394683838,0.33859844207763673,0.3082581996917725,0.34384024937947594,0.3557865858078003,0.45100202560424807,0.34788873195648196,0.46431722640991213,0.34837448596954346,0.6139671325683593,0.33209350109100344,0.6538866043090821,0.36031373739242556,0.24083139896392824,0.3152900695800781,0.34121934572855633,161.98529876724683,158.51806441218238,172.1607810084457,170.4796136295173,114.1560793354399,0.29102537234624226,75.1674613789034,0.4027682860692342,69.75204547298011,0.3961106856664022,94.76297615342435,0.5591019153594972,92.60417438552832,0.5324845790863038
0.37704060077667234,0.26802488962809246,0.33124666213989257,0.3106513977050781,0.32379305362701416,0.32577616373697915,0.3532066345214844,0.4265300750732422,0.35245490074157715,0.4434954325358073,0.3482182264328003,0.6127623240152995,0.3332452058792114,0.6475522994995118,0.35964014530181887,0.23620459238688152,0.3275198578834534,0.3182137807210286,166.7581858630947,164.7229688894062,173.6261342942234,174.4459921736766,111.38863614630198,0.2772091865539551,78.74341312810624,0.38085460662841797,76.65898245496241,0.3723719278971354,95.37791407104818,0.5455238660176596,91.53435511231903,0.5196461995442708
0.37131831645965574,0.2684849421183268,0.3324373722076416,0.3084811528523763,0.3256702899932861,0.3098229726155599,0.3513866662979126,0.41018479665120444,0.35094571113586426,0.42925052642822265,0.34831111431121825,0.6133745829264323,0.3450305461883545,0.6168297449747722,0.35447436571121216,0.23358689149220785,0.3290538311004638,0.3091520627339681,168.63621212274745,166.53377721825558,175.22130436480913,175.51082724774423,108.59321937698073,0.271369477113088,79.66938878065142,0.3692012945810954,77.53545456228204,0.3596684296925863,91.80617936631664,0.5230401357014974,90.86718282456103,0.5117796897888184
0.37316508293151857,0.2673175811767578,0.33073999881744387,0.3208683649698893,0.32396459579467773,0.3247621218363444,0.3536145925521851,0.4244820594787598,0.353338623046875,0.44081446329752605,0.3501342058181763,0.6069342295328776,0.3477489709854126,0.6181595484415691,0.35418334007263186,0.2291992982228597,0.3273522973060608,0.32281524340311685,167.35160013716435,165.34925924821988,174.2441084223678,174.32276162650746,105.99270577658585,0.27600727081298826,77.58030994338229,0.38181485335032145,75.51612876698564,0.3736486514409383,91.8052797084032,0.5294870058695476,91.09281949860866,0.5157081445058187
0.3736072778701782,0.2934213956197103,0.32902703285217283,0.32142864863077797,0.3218336582183838,0.32522424062093097,0.3514293909072876,0.46235357920328773,0.3505653619766235,0.4585537910461426,0.34725542068481446,0.6139192581176758,0.34100069999694826,0.6340087890625,0.3579704642295838,0.24081234137217206,0.3254303455352783,0.32332644462585447,167.52266091990018,167.71645120661503,174.01062492728622,174.12737343511014,111.52220685418905,0.28206939299901324,79.47046482559075,0.3909401178359985,79.40763544206393,0.3928400119145711,93.12030370922572,0.5462812900543212,91.57747089986204,0.5381364186604818
0.37591073513031004,0.2823465347290039,0.33321895599365237,0.29575942357381185,0.32277076244354247,0.29970954259236654,0.35914387702941897,0.4279285113016764,0.35047688484191897,0.4291522026062012,0.3481723785400391,0.6027199427286783,0.34152243137359617,0.6186829884847005,0.35766873359680174,0.2517674128214518,0.3279948592185974,0.2977344830830892,167.97049733357235,167.02463891258586,174.8815348373917,172.62319550404897,122.84411716746342,0.2747509479522705,80.2922128593725,0.3634433428446452,76.54486489808724,0.36283149719238283,92.70494931557248,0.5239175955454508,93.5916916512651,0.5153242270151774
0.37129645347595214,0.27128988901774087,0.3372687578201294,0.30662740071614586,0.3308980464935303,0.3202591260274251,0.35198073387145995,0.42382030487060546,0.3547426700592041,0.44335784912109377,0.34882388114929197,0.605418586730957,0.3452378511428833,0.6185595830281575,0.3576275944709778,0.24048918883005777,0.33408340215682986,0.3134432633717855,170.1496436333001,169.02557282218297,174.80101923763777,176.1139426064216,107.88625068791491,0.27696622610092164,80.96437199905898,0.37840055624643965,80.789806998415,0.36863178412119546,93.10529281886946,0.5309587160746256,90.99591317323828,0.5146194458007812
0.37663676738739016,0.268621826171875,0.34140121936798096,0.304754098256429,0.33113248348236085,0.3249951362609863,0.3697946786880493,0.4514362335205078,0.3584390878677368,0.4624202728271484,0.35123567581176757,0.6136952718098958,0.3354219675064087,0.6168582280476888,0.3604054689407349,0.22825159231821696,0.3362668514251709,0.3148746172587077,170.9727787196391,168.614874755578,171.68344956289343,170.60720990816503,105.57117764558255,0.27156310478846235,81.45389638272091,0.38864744504292803,76.20590494680789,0.3831554253896078,98.47685104511358,0.5396392504374186,96.52506941500954,0.5325657526652018
0.3796299695968628,0.2691650708516439,0.3377549648284912,0.2964015007019043,0.32116332054138186,0.318626340230306,0.37086119651794436,0.44980926513671876,0.35906822681427003,0.4553322474161784,0.35289022922515867,0.6151085535685221,0.33173336982727053,0.6229368209838867,0.36233652830123897,0.2273948113123576,0.32945914268493653,0.30751392046610515,167.85165649160803,165.9721409238629,170.3240058902988,169.4391950680845,112.31110634171692,0.2674543658892314,78.6731408994387,0.38142308394114177,73.77719117061908,0.378661592801412,99.26289360620163,0.5391345342000325,96.20469942473443,0.5324589093526204
0.37339186668395996,0.2539779504140218,0.33154428005218506,0.30633951822916666,0.31816108226776124,0.3225208282470703,0.37094316482543943,0.45503384272257485,0.35368928909301756,0.46881980895996095,0.3530637979507446,0.6118996938069662,0.3312231540679932,0.6363550186157226,0.3547472834587097,0.22041184107462564,0.3248526811599731,0.3144301732381185,169.1762782146552,165.79948014164864,171.2286537650624,168.08000563284378,107.63887784265397,0.26742100715637207,79.42030519125998,0.3916249910990397,71.85063515556698,0.3847320079803467,97.63768543288333,0.5525874137878418,96.50243771518656,0.5334667682647705
0.37441914081573485,0.29920501708984376,0.3235438823699951,0.32977606455485026,0.3170196056365967,0.3463611920674642,0.3610567092895508,0.466867192586263,0.3549835205078125,0.4815716107686361,0.3529342174530029,0.6143056233723958,0.3369154930114746,0.6388683954874674,0.3531830310821533,0.24922623634338378,0.3202817440032959,0.33806862831115725,166.8497390120914,164.50519568514827,170.2822481984215,170.10537939005778,110.3212638693343,0.29364743232727053,76.40575177735876,0.40982011953989667,72.43328844845412,0.4024679104487101,96.5526098828084,0.5602200031280518,93.15327925050708,0.5405864079793294
