0,1,2,3,4,5,6,7,8,9,10,11,12,13,14,15,16,17,18,19,20,21,22,23,24,25,26,27,28,29,30,31
0.48798766136169436,0.10771824518839518,0.45980195999145507,0.4267658869425456,0.4868743896484375,0.4376022974650065,0.4616254329681396,0.5250650723775228,0.49513978958129884,0.5171627680460612,0.42697930335998535,0.6345903396606445,0.46654491424560546,0.6079140345255534,0.4753821134567261,0.20485519568125404,0.4733381748199463,0.43218409220377607,169.23078916756677,175.27265996720863,164.72465075441417,175.3467180458506,90.51513865468088,0.3185196439425151,75.61088065968158,0.47467343012491864,97.18733706169299,0.4786245822906494,107.48915210330479,0.5625384012858072,107.55372638616029,0.5798277060190836
0.4913760185241699,0.10628864765167237,0.45558748245239256,0.39217414855957033,0.48090214729309083,0.3966471036275228,0.4685978412628174,0.5146637280782064,0.5084216117858886,0.4926356315612793,0.4635031700134277,0.6020767211914062,0.47449312210083006,0.6087549845377604,0.4768457651138306,0.1898633082707723,0.4682448148727417,0.3944106260935466,163.70785578948127,178.37715139759595,162.04261364183063,177.9724253972945,92.40779504617915,0.2921369671821594,67.75405441293226,0.44352312882741296,89.83179756890009,0.4545371770858765,106.28764202074997,0.5506953080495198,93.33558321381636,0.5583702246348063
0.4913949489593506,0.09845588207244874,0.45862627029418945,0.40836890538533527,0.4878140926361084,0.402876345316569,0.46863555908203125,0.5113032658894857,0.5126795291900634,0.4913387934366862,0.4626757621765137,0.5846859614054362,0.4795285701751709,0.5668272654215495,0.4786417245864868,0.1990595022837321,0.47322018146514894,0.40562262535095217,161.92361166270902,179.3514329945296,154.05019462506064,178.72695538607115,91.50346410055253,0.30234106381734216,65.28107047767256,0.4484807093938192,92.48403975750846,0.45846294562021894,113.70880464719278,0.5290830294291178,94.64310273288318,0.5479946136474609
0.48610968589782716,0.104282013575236,0.458750057220459,0.3869932174682617,0.48802409172058103,0.380379327138265,0.4669822692871094,0.4768009821573893,0.5166608333587647,0.46950197219848633,0.46415085792541505,0.5831442515055338,0.4867210388183594,0.5676920572916667,0.48277523517608645,0.19117387135823566,0.47338707447052,0.38368627230326335,160.18126497761222,179.22995309212075,158.89797256839807,178.87387401473293,92.79190422246856,0.28743007183074953,63.23983990067728,0.42659412225087484,93.93483698545273,0.43024362723032633,106.95733808079252,0.5185970147450765,91.52515155721794,0.5299726168314616
0.48797130584716797,0.100609024365743,0.46205930709838866,0.393920103708903,0.4945240020751953,0.38923247655232746,0.4711621284484863,0.5110204060872395,0.526629114151001,0.47265313466389974,0.46694769859313967,0.5897873560587565,0.49145140647888186,0.5817573547363282,0.48247363567352297,0.1885391712188721,0.478291654586792,0.39157629013061523,158.03082554537662,178.59302321863518,158.1711618712729,179.78713177337562,91.17996153620906,0.29005773067474366,59.19689247082917,0.4321147123972575,93.41588753515418,0.4512983481089274,107.87051404414188,0.527205244700114,93.06269334698358,0.5504038810729981
0.4896545886993408,0.09442493120829264,0.46766152381896975,0.40117778778076174,0.4991453170776367,0.38894071578979494,0.4719084739685059,0.515081278483073,0.5321360111236573,0.48063790003458656,0.46947245597839354,0.5980400721232096,0.49620985984802246,0.5845898310343425,0.488450026512146,0.189747412999471,0.4834034204483032,0.39505925178527834,158.88159815022848,177.43994979375705,157.0691140147016,177.75579813271614,91.40805818995365,0.2924033323923747,60.340736632643406,0.4378485759099324,95.47073917909009,0.45507026513417564,109.06532876464061,0.5326138655344645,91.6819609861207,0.5565606753031414
0.49175515174865725,0.10237778822580973,0.47031245231628416,0.39109614690144856,0.5005196571350098,0.3901830673217773,0.47066969871520997,0.5116289456685384,0.5294655799865723,0.4712340037027995,0.47238597869873045,0.6249474843343099,0.5017652034759521,0.6162843068440755,0.4932566404342651,0.19295296669006348,0.485416054725647,0.39063960711161294,158.75430258657886,177.1051805671043,165.0442165462484,175.94929365337822,92.27125685463587,0.2917962869008382,61.34082956659424,0.43093680540720625,96.94901851309702,0.4511342763900757,100.81164379608107,0.5437591552734375,89.13228600857731,0.5682882150014241
0.4963375568389893,0.08787542978922526,0.4686437129974365,0.3867873827616374,0.5041756153106689,0.3839186986287435,0.4715538501739502,0.48498398462931314,0.5305438995361328,0.4640437761942546,0.47104716300964355,0.6242302576700847,0.5181118488311768,0.6284750620524089,0.4948079586029053,0.18529717922210692,0.48640966415405273,0.38535304069519044,158.0194125360941,175.95615815304436,168.24706718375936,176.52878819713186,92.40385088918771,0.2853251099586487,60.71381524078514,0.4246984084447225,98.48080016676347,0.43516851266225176,94.32369920123801,0.5462594191233318,90.20848606777307,0.5546071211496989
0.49790105819702146,0.09789973100026449,0.47396297454833985,0.3955573081970215,0.5118766307830811,0.38663444519042967,0.4721969127655029,0.5191861152648926,0.5334891319274903,0.46272764205932615,0.4734856128692627,0.6203900655110677,0.5393569469451904,0.6289084116617839,0.4974433898925781,0.18948581218719482,0.49291980266571045,0.3910958766937256,157.98954119537183,175.18893624486853,170.9732709845723,174.42583714551657,91.28534741792176,0.2902908444404602,60.47454206735351,0.42691175937652587,99.18988665373008,0.45514099597930907,87.97773582749845,0.545818026860555,89.2704525229198,0.5697880903879802
0.5022102355957031,0.10243977705637614,0.4782424449920654,0.38259363174438477,0.5151894569396973,0.37336753209431967,0.4722200870513916,0.5737401326497396,0.5360524654388428,0.5234549204508464,0.47710657119750977,0.6224448521931966,0.5476909637451172,0.6042377471923828,0.5014894962310791,0.1858425537745158,0.4967159509658814,0.37798058191935224,170.7142480888579,177.1826780263662,175.5017056182257,169.68467098112947,91.4231838838401,0.28191156784693405,74.86897296164804,0.4507177511850993,97.13248591601727,0.4758603572845459,81.80172655729136,0.5638463338216146,84.27075737751902,0.5980924924214681
0.5056613922119141,0.1285801887512207,0.5170566082000733,0.36280549367268883,0.49428396224975585,0.3655478159586589,0.48110551834106446,0.4919101397196452,0.5387214660644531,0.5184373219807943,0.4779209613800049,0.6143319447835286,0.5461297988891601,0.5830474217732747,0.5069962024688721,0.18392783800760903,0.5056702852249145,0.36417665481567385,173.3246958405607,173.91949772404726,176.0678658564092,175.16024826243813,90.42146236065952,0.27405224641164144,77.90690359905645,0.44130698839823407,100.88580180433209,0.4280433972676595,83.45890916362681,0.5507423718770346,91.49009838818696,0.5531210422515869
0.510239553451538,0.13077395757039387,0.48448333740234373,0.39243383407592775,0.5279144763946533,0.38037710189819335,0.4748550891876221,0.603212038675944,0.5475574493408203,0.5808502197265625,0.47911715507507324,0.6047702153523763,0.5490209102630615,0.5990317662556967,0.5076745986938477,0.19874887466430663,0.5061989068984984,0.38640546798706055,173.95091955358524,176.41273008160064,173.2151060318639,103.01223785266747,90.45055261555365,0.2925771713256836,77.99209655422223,0.4836278438568115,98.22627966165958,0.49480875333150226,85.39809500692172,0.5899409929911296,20.082001804420212,0.6039911270141601
0.5151263236999511,0.14271853764851888,0.4902679920196533,0.3794992446899414,0.5334228992462158,0.3823693593343099,0.4801614284515381,0.545852533976237,0.5534618854522705,0.6474735260009765,0.4803634166717529,0.5960980097452799,0.5453498840332032,0.601164182027181,0.5153095722198486,0.202422030766805,0.5118454456329345,0.38093430201212564,176.02543885240456,174.9684172859679,1.285385359022492,171.44541320317757,91.11171586803997,0.2916781663894653,81.12570200087461,0.5142039140065511,100.87513159848149,0.4633934179941813,80.064311556378,0.6243188540140787,89.76967060197074,0.5709752718607585
0.5199014663696289,0.1518226146697998,0.49313840866088865,0.37074321111043296,0.5352198600769043,0.38244927724202477,0.47742881774902346,0.5368040084838868,0.5526682376861572,0.6001161575317383,0.478165340423584,0.6024201075236003,0.5509027004241943,0.644032605489095,0.515466856956482,0.20783147017161052,0.5141791343688964,0.37659624417622883,175.64705196629134,173.6759844945204,169.8790368786337,170.29582060068523,90.43717439296077,0.2922138571739197,80.22974458088483,0.48835620085398357,102.91965316308493,0.4567001263300578,92.3021759168042,0.6220743815104166,89.35689763316259,0.5696120580037436
0.5259593963623047,0.151291561126709,0.5064716815948487,0.3700355211893717,0.5379393100738525,0.38156614303588865,0.47582378387451174,0.6325644175211589,0.5489294052124023,0.6119010925292969,0.4782992362976074,0.5734786987304688,0.5500282287597656,0.649473762512207,0.5227755546569824,0.20762001673380534,0.5222054958343506,0.37580083211263016,177.24367792268959,176.06551669933987,175.87017040097896,10.123629976080686,90.19420669029726,0.29171042442321776,83.54224315379302,0.49385096232096354,100.23947483252267,0.5041826248168946,88.32484590817707,0.6306874275207519,92.39905820433094,0.6030215581258138
0.5301026344299317,0.151200008392334,0.5105675220489502,0.36717316309611003,0.5418613910675049,0.38111209869384766,0.4820120334625244,0.4734067916870117,0.5525810241699218,0.5589632670084635,0.4777660369873047,0.6234122594197591,0.5518429279327393,0.6593498865763346,0.5283932447433471,0.21055887540181478,0.5262144565582275,0.37414263089497884,175.8523057957199,166.00374000550622,174.44398115008659,170.6223974501079,90.76308302132574,0.2923507531483968,81.8809505838503,0.46655294895172117,114.00345442675336,0.4237747112909953,90.42126169217211,0.6091565767923991,91.62135914624712,0.5484095255533854
0.534714651107788,0.16932454109191894,0.5181276321411132,0.3603411356608073,0.5448514938354492,0.37665268580118816,0.4844976425170898,0.45898510615030924,0.5518173217773438,0.5541278839111328,0.4860241889953613,0.6310647964477539,0.5534741878509521,0.631547482808431,0.5332801103591919,0.20764762560526528,0.5314895629882812,0.3684969107309977,176.81314243049613,163.5405032467954,176.44857677514938,169.66799788034365,90.63778070260298,0.2880722681681315,83.75065244047244,0.4613123973210652,117.44355064291085,0.4137410084406535,88.77399333690887,0.5928376833597819,89.49173330114523,0.5450249512990316
0.5372990608215332,0.17006613413492838,0.5210317611694336,0.3669281005859375,0.544144582748413,0.37718273798624674,0.48768954277038573,0.4527320861816406,0.5525391578674317,0.5649876276652018,0.4880263328552246,0.6273438771565755,0.5535542011260987,0.6232837677001953,0.5372499227523804,0.20606184800465902,0.5325881719589234,0.3720554192860921,176.5352335106549,162.263416295283,176.2270124988467,169.98799196465188,91.60866746778278,0.28905863364537554,84.09606802250123,0.46852152347564696,119.09705701552748,0.41239375273386636,89.0024756611393,0.5941356976826986,89.88948841079967,0.5400379816691081
0.5416719913482666,0.15394919713338215,0.5161454200744628,0.36736729939778645,0.5492732524871826,0.3751759211222331,0.4917670726776123,0.4486452420552572,0.554042387008667,0.5317069371541341,0.49297232627868653,0.6143872578938802,0.5556137561798096,0.6067014694213867,0.538289475440979,0.20801752408345542,0.5327093362808227,0.37127161026000977,175.21202469248803,163.05686626229945,175.64366433466608,170.30050694100944,91.95764777768791,0.2896445671717326,82.425823620077,0.4514892737070719,117.8855587659402,0.40995842615763345,88.79965050096797,0.5692042032877604,89.58336015736839,0.5315162499745687
0.5439388275146484,0.14258419672648112,0.5195626735687255,0.3674245198567708,0.5533096790313721,0.3812671661376953,0.4953357696533203,0.45078833897908527,0.5560604095458984,0.5805647532145183,0.4922480583190918,0.622032101949056,0.5556653499603271,0.610688591003418,0.5422845363616944,0.20284851392110187,0.5364361763000488,0.37434584299723306,176.6527171975836,162.4569857645138,174.59721810520224,170.9176411383788,91.95312980678324,0.28859717845916744,84.56398067468919,0.47745529810587567,118.26533597556599,0.41256709098815914,90.75136340591835,0.5956266721089681,91.0329932946856,0.5364102204640706
0.5457855701446533,0.14691104888916015,0.5255649089813232,0.3679048538208008,0.5530982494354248,0.3803373336791992,0.49314560890197756,0.6129114151000976,0.5574881076812744,0.5775146484375,0.49657678604125977,0.595318857828776,0.5552597999572754,0.5992310206095378,0.5443552494049072,0.20783975919087727,0.539331579208374,0.37412109375,176.93344512578938,176.25840307542242,170.09404628934348,0.09651930174219767,91.73048631167956,0.29098042647043865,84.89884373472731,0.47581787109375,100.94677460928187,0.4935162544250488,95.85859184323796,0.5883728345235189,101.03618082853934,0.6041151364644368
0.5489202976226807,0.13541553815205892,0.5191591262817383,0.379877249399821,0.5587649822235108,0.3912246068318685,0.5023680686950683,0.5320449511210124,0.5573314666748047,0.5406104405721028,0.49944500923156737,0.5955587387084961,0.5560578823089599,0.6134115219116211,0.5465407371520996,0.2017659028371175,0.5389620542526246,0.38555092811584474,175.06784386345598,173.59235481337276,174.70704361056582,171.97832988480124,92.36134943974677,0.29365841547648114,83.24383811855256,0.46308068434397376,104.02537637005527,0.4587979396184285,91.00223190367264,0.577010981241862,92.63503222124673,0.5638018449147542
0.550738000869751,0.12790048122406006,0.524257230758667,0.3746527036031087,0.5605960845947265,0.38259251912434894,0.5046463966369629,0.4370459874471029,0.5576543807983398,0.5419872283935547,0.49837474822998046,0.5948652267456055,0.554335069656372,0.6112044016520183,0.5497192859649658,0.20360064506530762,0.5424266576766967,0.3786226113637288,176.01799820093981,158.03874667687487,174.32344320790642,170.7612407378674,92.38595918037979,0.2911116282145182,84.67467030883334,0.46030491987864175,122.88927165398134,0.4078342994054158,92.74551711123948,0.5765958150227866,92.27570482609498,0.5159556070963542
0.5547342777252198,0.1275113026301066,0.5223743915557861,0.3778884251912435,0.5643142700195313,0.38969751993815105,0.5048364639282227,0.4910000801086426,0.5562324523925781,0.5119226773579916,0.5012785911560058,0.5783089955647787,0.5536035537719727,0.6139842351277669,0.5516282320022583,0.1994377851486206,0.5433443307876586,0.38379297256469724,175.10028358184653,169.35959516870292,175.97261904436732,170.13075238095448,92.57282437292223,0.2916153788566589,84.25613618424387,0.4478578249613444,109.75784984822677,0.4373965263366699,91.47549675355255,0.5629534562428793,92.33353452059556,0.5346545378367107
0.5544776439666748,0.1276958147684733,0.5404464721679687,0.36948223114013673,0.5527575492858887,0.37390419642130535,0.5057131767272949,0.44953530629475913,0.5568292140960693,0.586506462097168,0.5002522945404053,0.5959542592366537,0.5523941040039062,0.6226563135782878,0.5542286157608032,0.19525843461354572,0.5466020107269287,0.37169321378072107,177.65505640190528,163.09005932995754,171.6833963500857,170.45859532319642,92.47513798409356,0.2834758241971334,87.27422096247741,0.4790998379389445,117.71201297815811,0.4106142600377401,96.99448260923589,0.6045813878377279,92.1359294034495,0.5227447827657064
0.5544095039367676,0.13915548324584961,0.5366693019866944,0.36988490422566733,0.5558174133300782,0.38190383911132814,0.5038594722747802,0.5518466313680013,0.5584548950195313,0.5998533248901368,0.49657721519470216,0.6199689229329427,0.5518017768859863,0.6185493469238281,0.5559005975723267,0.19407317638397215,0.5462433576583863,0.3758943716684977,177.2396529325774,174.73255110104893,159.09929481426198,174.59979155962267,93.04034766584721,0.2849837740262349,86.87899327261096,0.48787384827931723,103.5435534471816,0.4638705015182495,109.58847873367128,0.6092013359069824,96.10173323325364,0.5859077771504719
0.5583317756652832,0.12577921549479168,0.5246441841125489,0.38069839477539064,0.5649034976959229,0.391238530476888,0.5036251544952393,0.5305733362833659,0.5602123260498046,0.5697182973225912,0.49742560386657714,0.6239828745524089,0.554526948928833,0.6177581787109375,0.5556795120239257,0.20126590728759766,0.5447738409042359,0.3859684626261393,175.902177901133,173.0983432913108,170.8411727359196,172.54614849299853,93.37907786163159,0.2936171849568685,85.19734324929955,0.4778433799743652,105.88420493089765,0.45827089945475263,96.74939127731858,0.5937382380167644,93.79712727690945,0.5772781054178874
0.558428144454956,0.11163447697957357,0.5254689693450928,0.38244940439860026,0.5664745330810547,0.39305893580118817,0.5053788185119629,0.5186624844868978,0.5601294994354248,0.5557458877563477,0.4988840579986572,0.6119757334391276,0.554425859451294,0.6105792999267579,0.5574984550476074,0.19677842458089193,0.5459717512130737,0.3877541700998942,175.60263836225323,171.96956578721452,171.88879494804672,172.12139830919602,93.4540053968061,0.29226629734039306,85.18269768452646,0.47175002892812096,107.2279702894173,0.453208327293396,95.93841376523699,0.5831625938415528,93.98146252951858,0.5653191089630127
0.5591082096099853,0.12068760395050049,0.5279708862304687,0.3752087910970052,0.569858169555664,0.3898070017496745,0.5025383472442627,0.5369227727254232,0.5603735446929932,0.5744403203328451,0.49871273040771485,0.6117509841918946,0.5538879871368408,0.5960084279378255,0.5582683324813842,0.19396103223164876,0.5489145278930664,0.3825078964233398,176.90032071787107,172.5128269997366,161.92944589138634,170.57454257419127,92.84011354370612,0.2882344643274943,86.58330334639396,0.47847410837809246,106.71684804275127,0.4597153345743815,106.73609983404457,0.5852243741353353,92.92671733109475,0.5743368784586589
0.560736608505249,0.10962868531545003,0.5275108337402343,0.3804620107014974,0.569024133682251,0.39504213333129884,0.5032726287841797,0.5384350458780924,0.5594577789306641,0.5883825302124024,0.4986876964569092,0.6131380716959636,0.5528254985809327,0.6208092371622721,0.5576740503311157,0.19652119477589924,0.5482674837112427,0.3877520720163981,177.06840311530138,172.41452352236303,167.32022193838662,171.10597505929493,92.81608553847614,0.2921366333961487,86.8075980665488,0.4880673011144002,106.62594580851145,0.46309355894724524,101.55935884782478,0.6045958836873373,93.51214903041691,0.575786558787028
0.5624264240264892,0.10898230870564779,0.5281723022460938,0.3823097546895345,0.5691271781921386,0.39528770446777345,0.5028719902038574,0.5381956100463867,0.5594269275665283,0.5683950424194336,0.4980337619781494,0.6149955113728841,0.5545071601867676,0.6234500249226888,0.5584547281265259,0.19043556054433186,0.5486497402191162,0.38879872957865397,176.713299585255,172.04486255332915,173.46362271830307,170.99147725799483,92.82979731871393,0.28961714506149294,86.56592187791236,0.4785968859990438,107.03595699672782,0.4634971698125203,95.10644372077451,0.5959225336710612,93.6047468792621,0.5765955607096354
0.5620130062103271,0.11024775505065917,0.5277998447418213,0.3850555102030436,0.5687252521514893,0.39737555185953777,0.5047051906585693,0.5268304189046223,0.5603697776794434,0.5557687759399415,0.4972334384918213,0.6285765329996745,0.5539028644561768,0.6175689697265625,0.5580166339874268,0.1913012901941935,0.5482625484466552,0.3912155310312907,176.1618860556535,171.22192835268254,172.59876887626984,172.06691999541303,92.79332320191226,0.2912584106127421,85.7919673823394,0.4734921534856161,107.80619711087205,0.4590229749679565,95.97381989072322,0.586668872833252,94.1999913764745,0.5777034759521484
0.5624348163604737,0.1200857162475586,0.5272318840026855,0.3869195302327474,0.5686409950256348,0.39871257146199546,0.5044705867767334,0.5298948287963867,0.5600750923156739,0.553766377766927,0.4985072135925293,0.6134941736857097,0.5545907497406006,0.6158912022908528,0.556786060333252,0.19762566089630126,0.5479364395141602,0.3928160508473714,176.21611911402448,171.35458437574567,173.2464201698558,171.45497993787373,92.59592149114583,0.29522085587183633,85.68699597499253,0.47329121430714927,107.59312716861058,0.4613554398218791,95.04495892994092,0.58482879002889,94.08015582224718,0.5716945012410481
0.5627654552459717,0.12163938681284586,0.5271998882293701,0.3844592094421387,0.5688937187194825,0.3978440602620443,0.5063602924346924,0.5164013544718424,0.5594959735870362,0.5537831624348958,0.4971171855926514,0.6271392822265625,0.5553476810455322,0.6063730875651042,0.5581356287002563,0.1989343484242757,0.5480468034744264,0.3911516348520915,176.19269994211024,170.8539106134579,173.54696992627055,172.59282888536742,93.00450174412981,0.2950429916381836,85.97305248720014,0.47246739864349363,108.40884448198135,0.45377649466196696,94.51015160517403,0.580078125,94.7713214312051,0.5717703183492024
0.5629028797149658,0.12139536539713541,0.527019453048706,0.3859645525614421,0.5686562538146973,0.39954776763916017,0.505953311920166,0.5294745763142904,0.5599982261657714,0.5554056803385417,0.5046990394592286,0.5920981725056966,0.5547764778137207,0.5880692164103191,0.5575740337371826,0.1992138067881266,0.5478378534317017,0.3927561601003011,176.11421876067865,171.85084589017083,168.88266403227757,168.936551275921,92.87984610894847,0.29598498344421387,85.72427766230805,0.4740809202194214,107.03277292850706,0.46111536820729576,99.08272149024273,0.5717374483744304,91.14740953168072,0.5607863744099935
0.562834644317627,0.11958865324656169,0.5266529083251953,0.38473688761393227,0.5680774211883545,0.3998915672302246,0.5043543815612793,0.5357405344645182,0.559611463546753,0.5549446105957031,0.50205078125,0.5930341084798177,0.5543540477752685,0.6153411865234375,0.5574223279953003,0.19687047004699706,0.5473651647567749,0.39231422742207844,176.0439548355786,172.2074075969302,173.23018203985367,169.58066267649542,92.94573340402606,0.29459234873453777,85.69367356413302,0.4736294190088908,106.69297370615084,0.4640273809432983,94.97495644545296,0.5851428985595704,92.30244880954996,0.564387321472168
0.5621010303497315,0.12401510874430338,0.5280434131622315,0.3769231796264648,0.568482494354248,0.3925381978352865,0.5043776988983154,0.5138442357381184,0.5615693092346191,0.5684988021850585,0.5018524169921875,0.5920092264811198,0.5557387351989747,0.6085656483968099,0.5576622247695924,0.19420696099599202,0.5482629537582397,0.3847306887308757,176.4565981874274,170.69163122679674,169.80747980844714,169.22980469785364,92.82433216597026,0.28946882486343384,85.85853193260505,0.4766147454579671,108.77272225325243,0.44928746223449706,98.27963058261192,0.5885322252909342,91.85041520783011,0.5529267311096191
0.5622721195220948,0.12371070384979248,0.5282683849334717,0.3761904716491699,0.5686934947967529,0.3900892893473307,0.5056160449981689,0.4901789347330729,0.5612835884094238,0.5649532318115235,0.5007289409637451,0.5989032745361328,0.5566120624542237,0.6046852747599284,0.5580889463424683,0.19736754894256592,0.5484809398651123,0.3831398804982503,176.4700220186119,168.33563528596304,171.19227459830148,170.09433770519163,92.9606570753197,0.2902537147204081,85.97208396546237,0.4740465561548869,111.82414286342522,0.4366594076156616,96.70580857331603,0.5848192532857259,92.57368387788705,0.5445411046346028
0.5607286930084229,0.1155765692392985,0.5271769523620605,0.3750390688578288,0.5672033309936524,0.3936936378479004,0.5056689739227295,0.5080403645833333,0.5614059448242188,0.5611989974975586,0.4985208511352539,0.6087638219197591,0.5562540531158447,0.607797114054362,0.5581409215927124,0.1966217358907064,0.5471901416778564,0.3843663533528646,175.91690987541244,171.00563574849,171.36795358019938,171.82207302837773,93.33816961190834,0.2904940446217855,85.40380313552664,0.47278267542521163,108.55848512253294,0.446203358968099,96.30900338706992,0.5844980557759603,94.05935002131874,0.5584020932515462
0.5610656261444091,0.11362716356913248,0.5283607959747314,0.37715593973795575,0.5664779663085937,0.3944502830505371,0.5081399440765381,0.48231770197550455,0.5616055488586426,0.5254056294759114,0.5017560482025146,0.5944689432779948,0.5547948360443116,0.6154614130655924,0.5572835206985474,0.20010112921396891,0.5474193811416626,0.3858031113942464,174.95881175811297,167.73280574773503,173.83566789799164,170.91416575182697,93.04058634361775,0.29295212030410767,84.19761908161102,0.4556043704350789,112.14530391069665,0.43406040668487544,94.32491569316637,0.5704335212707519,93.25788643767008,0.5383933226267497
0.5564968109130859,0.13467594782511394,0.5323604106903076,0.36746355692545574,0.5574675083160401,0.3762823740641276,0.4971002101898193,0.6221967697143554,0.5615168571472168,0.5602304458618164,0.5048451900482178,0.5871338526407878,0.5580018997192383,0.5922592163085938,0.5558194637298584,0.20738739172617593,0.5449139595031738,0.37187296549479165,175.88772448636678,177.24342084318104,170.33861134685446,1.911554070005323,93.79319721827291,0.2896301786104838,84.96264398057201,0.466051705678304,100.81367657628566,0.49703486760457355,96.26279166181669,0.5762448310852051,102.45594276118986,0.6046653111775716
0.5571074485778809,0.15286478996276856,0.5600030899047852,0.3700917561848958,0.5251152515411377,0.35793994267781576,0.5533688545227051,0.6304800669352214,0.4990140438079834,0.6314770380655924,0.5526346683502197,0.6177167256673177,0.5066824436187745,0.573477045694987,0.5586961269378662,0.20088730653127035,0.5425591707229614,0.3640158494313558,178.64408722770267,176.9664752482916,2.1877551144343044,1.0179451677384705,95.6494174876567,0.28245157798131304,99.24714229941151,0.4977464437484741,87.67694946788195,0.4972479581832886,97.53161045013773,0.6024770418802897,86.70780065074129,0.6240983963012696
0.555263614654541,0.1580046017964681,0.5465476036071777,0.36538731257120766,0.5454838752746582,0.3660680452982585,0.5488940715789795,0.6364454905192057,0.5545687198638916,0.6380137125651042,0.5454596519470215,0.6189357121785481,0.5514318943023682,0.601904296875,0.5570153713226318,0.2072734753290812,0.546015739440918,0.36572767893473307,177.8753882029444,178.30675242753708,3.6511079554038655,11.223113903470447,93.9710089178079,0.28650057713190713,88.20083097061286,0.5018706957499186,89.39084144951711,0.5010865847269694,85.0351784586473,0.619959004720052,78.90271707751369,0.627690601348877
0.5524059295654297,0.1567425568898519,0.5374105453491211,0.36385520299275714,0.5455634593963623,0.36606607437133787,0.504414415359497,0.6322998046875,0.5559960842132569,0.5085259119669596,0.5453156471252442,0.6218964258829752,0.5485724925994873,0.6159217834472657,0.551781678199768,0.20395029385884603,0.5414870023727417,0.36496063868204753,175.0218825447514,178.4151820090124,174.42857210182157,76.58293517472285,93.65839643828721,0.28445546627044677,84.22913271673436,0.4367432753245036,97.89499807775717,0.4986302216847738,93.95420197919287,0.5622238477071126,165.72922400504325,0.6270981152852376
0.5522522449493408,0.14755619366963704,0.5198691844940185,0.3521824836730957,0.5565322875976563,0.3628113110860189,0.5045911788940429,0.6314854939778646,0.556614875793457,0.5758343378702799,0.510817289352417,0.6077615737915039,0.5542878627777099,0.6125263214111328,0.5492706298828125,0.20036434332529704,0.5382007360458374,0.35749689737955725,176.2997683823602,178.92334883341496,172.76174361514757,8.460752826577576,94.02979519180619,0.27893062035242716,85.17919777048263,0.4666656176249186,96.99340498813314,0.4944911956787109,93.62884990422842,0.5941803296407064,104.7050986637722,0.6196235338846843
0.5494385719299316,0.1608889897664388,0.5187045097351074,0.3589246114095052,0.5532564163208008,0.36356544494628906,0.5043851852416992,0.6372128168741862,0.5508510589599609,0.6488256454467773,0.512817668914795,0.6040838241577149,0.5512268543243408,0.623045539855957,0.5462045192718505,0.19849673906962076,0.5359804630279541,0.36124502817789717,177.63107378086013,178.9138022879522,4.168089860329738,8.831942501671774,93.59467051102307,0.27987088362375895,87.03991104957055,0.5050353368123373,96.53129906646288,0.4992289225260417,90.8351386847698,0.6359355926513672,104.28052589327216,0.6206483205159505
0.5488434314727784,0.13755942980448405,0.513517951965332,0.36192922592163085,0.5535746574401855,0.3647901217142741,0.5063521385192871,0.5700470606486002,0.5505128383636475,0.6468919118245443,0.516726303100586,0.607449467976888,0.5512539386749268,0.6260592778523763,0.5433157682418823,0.19602661927541098,0.5335463047027588,0.3633596738179525,177.4900344025092,178.1486528904552,5.893650112453562,160.55581481075276,93.34132630473691,0.27969314654668176,86.57551130600886,0.5051257928212484,97.49543729014125,0.4667033672332763,92.03738143149121,0.6364755948384603,74.49778235636366,0.5887482643127442
0.5430248737335205,0.10830594698588053,0.5126480102539063,0.3554157892862956,0.5511772632598877,0.3573041598002116,0.5037529468536377,0.6379617691040039,0.5502002716064454,0.6512695948282877,0.512997055053711,0.6222040176391601,0.5491933822631836,0.6287827173868815,0.5404579877853393,0.17356363932291666,0.5319126367568969,0.3563599745432536,177.6198981807276,178.80864737961952,1.065806006948304,26.327635950904924,92.6765107370115,0.26496180693308513,86.4515761771152,0.5038147846857707,95.71049451739292,0.4971608718236288,87.43619359350782,0.6400261561075846,120.39753931090641,0.6300828933715821
0.5452182292938232,0.10776174863179525,0.540049695968628,0.3622171401977539,0.5336239337921143,0.3587539037068685,0.5464088439941406,0.6433404286702474,0.5493035793304444,0.532879130045573,0.543095064163208,0.6331521352132161,0.5441293716430664,0.6234102249145508,0.5421129941940308,0.17157964706420897,0.536836814880371,0.3604855219523112,177.00396624411098,178.58352656944706,175.14011458814076,16.70248332467886,91.59986678632818,0.26603258450826006,85.86381571021462,0.4466823259989421,88.0618060919658,0.5019129753112793,93.27112017766575,0.5781446774800618,71.98269370482444,0.6382462819417318
0.538910961151123,0.11431585947672526,0.5090916633605957,0.3581603368123372,0.544588851928711,0.3657018025716146,0.502918004989624,0.6340314229329427,0.5501637935638428,0.5512346903483073,0.5082401752471923,0.6241257985432943,0.5487832069396973,0.6090744654337565,0.5360589981079101,0.16945950984954833,0.5268402576446534,0.3619310696919759,175.09200227964666,179.056019665137,173.55888137898816,24.19082961158676,92.74217950921089,0.2656952897707621,82.97615531325393,0.4565828800201416,95.0243557745203,0.4979812463124593,91.36734227332883,0.580154577891032,118.24859190591704,0.6290786107381185
0.5379050731658935,0.10328631401062012,0.5099414825439453,0.36503756841023766,0.5416696071624756,0.3721065839131673,0.5022974014282227,0.6245527903238932,0.548126220703125,0.5679101943969727,0.5058657169342041,0.618633778889974,0.5463098049163818,0.6274942398071289,0.5360781192779541,0.16414896647135419,0.5258055448532104,0.3685720761617025,175.3201588664139,178.9493078244114,173.72603173008594,26.524856334815304,92.87678082427446,0.2663605213165283,83.61097893409622,0.4682411352793376,95.24707464335988,0.49656243324279786,91.74611737505721,0.5977022171020507,121.08395411545132,0.6215932846069336
0.5394983291625977,0.13557416598002117,0.54658203125,0.38379313151041666,0.5109091758728027,0.3719789505004883,0.5428248882293701,0.6467782974243164,0.5002962112426758,0.6357748667399089,0.5485235214233398,0.640962282816569,0.5046209812164306,0.6293580373128255,0.5399966001510621,0.17415014902750653,0.5287456035614013,0.3778860410054525,178.62020947983436,177.34557545935849,28.499084901944332,48.71531700373759,93.16085944138774,0.2760180950164795,96.29521511598124,0.5068304538726807,87.00271175903941,0.5123321692148844,123.97890752983378,0.6325664520263672,134.4159416107109,0.6438702901204427
0.5365496635437011,0.2010853926340739,0.5486138820648193,0.3695605913798014,0.5101913452148438,0.37017663319905597,0.54499192237854,0.6366880416870118,0.5008481502532959,0.6345703760782878,0.548154640197754,0.6112093607584635,0.509630823135376,0.612945556640625,0.5374207496643066,0.1746308406194051,0.5294026136398315,0.3698686122894287,178.3894495209127,177.59496575094568,17.453786714002042,11.518959499724714,92.35173413940178,0.2722497264544169,96.15692173083688,0.5022194941838583,86.65621309472904,0.5032783269882202,112.10396726323276,0.6237579663594564,97.0760395210557,0.6239487012227376
0.5340331554412842,0.1701561450958252,0.5466417789459228,0.3746694882710775,0.514167070388794,0.3757977803548177,0.5441319942474365,0.6312092463175456,0.5010058879852295,0.6312051773071289,0.5472885131835937,0.6269416809082031,0.5282307624816894,0.621943473815918,0.5378534078598023,0.17609221140543618,0.5304044246673584,0.3752336343129476,178.07700877144947,177.7206342717143,70.70727342535774,40.32614543600715,92.142178187281,0.2756629228591919,96.55175934855986,0.5032194058100382,86.93025804975663,0.5032214403152466,161.2120706687124,0.6265743255615235,126.48860419779511,0.6290754636128744
0.5373716831207276,0.160666561126709,0.5445823669433594,0.3900544802347819,0.5108670234680176,0.3855214754740397,0.5426971912384033,0.5582945505777995,0.5011001110076905,0.6335402806599935,0.5421143054962159,0.6350353876749675,0.521536111831665,0.6186012903849284,0.5371495246887208,0.1816468636194865,0.5277246952056884,0.38778797785441077,178.37780618101448,175.82547645334117,52.29684555466582,176.23400442860785,92.61775609994676,0.2847174207369486,96.18325694359892,0.5106641292572021,84.98162447303328,0.47304126421610515,143.83269621089147,0.626070785522461,90.43518225770426,0.5966649691263834
0.5385901451110839,0.10759640534718831,0.5061628818511963,0.41038824717203776,0.5380654335021973,0.40952720642089846,0.5007555484771729,0.5281757990519206,0.548198938369751,0.516823164621989,0.510363245010376,0.5909660975138347,0.5368473529815674,0.6078037261962891,0.5296993970870971,0.17698474725087482,0.5221141576766968,0.40995772679646814,169.39879249575452,174.47023172750283,168.62915496180585,167.58612555622614,91.86480310365425,0.2934712370236715,76.28289841299878,0.46339044570922855,100.24122324379195,0.46906676292419436,97.1120039319582,0.562313445409139,81.30050760690573,0.5595709482828777
0.5476853370666503,0.1250123103459676,0.5056205272674561,0.39191195170084636,0.5400097370147705,0.3969265619913737,0.5052924633026123,0.47210515340169273,0.5451583862304688,0.5196075121561686,0.5077868938446045,0.599493408203125,0.5370976448059082,0.6214996337890625,0.5285451412200928,0.18293004035949706,0.5228151321411133,0.39441925684611,172.70550942096517,171.8864777490497,171.87776909173255,174.68696045171419,91.5519705694341,0.28867464860280356,79.88055835778187,0.4570133845011393,102.71080570997869,0.43326220512390134,94.52327984212006,0.5705535729726156,88.87821620442759,0.5357992808024089
0.5405598640441894,0.09363644123077393,0.5136664867401123,0.430566660563151,0.545662784576416,0.4347098350524902,0.5007987976074219,0.5891791025797526,0.5308501243591308,0.5904280344645182,0.5119962692260742,0.6338123321533203,0.5342764377593994,0.6391697565714518,0.5340276956558228,0.16649179458618163,0.5296646356582642,0.4326382478078206,179.14009312171845,174.04710294844034,177.25818041765177,160.89725339407033,90.93919167476928,0.2995650211970011,89.5695398118736,0.5115331411361694,100.44787012137658,0.5109086751937866,85.9789911392465,0.6147988955179851,75.91644846916562,0.6114957173665365
0.5591263771057129,0.12704912026723225,0.5184027194976807,0.440949821472168,0.545535945892334,0.44633776346842446,0.5077367782592773,0.5656668345133463,0.5333494663238525,0.5718462626139323,0.5040104389190674,0.6170656840006511,0.5307472229003907,0.6139160792032877,0.5395050287246704,0.17956906954447427,0.5319693326950073,0.4436437924702962,178.48421545364468,173.47148884889899,176.87168565890386,174.98824230514668,91.63456173797788,0.3116064310073853,89.38321954720142,0.5077450275421143,101.23223092764114,0.5046553134918212,93.53954116095754,0.59288117090861,94.14660316605764,0.5913662592569987
0.5593089580535888,0.14598506291707355,0.5268399715423584,0.42251380284627277,0.5307515621185303,0.4260317166646322,0.5265181064605713,0.5491806666056315,0.5315636157989502,0.5832337697347005,0.5091421604156494,0.5975615819295247,0.5135705947875977,0.6094319661458333,0.5427091598510743,0.18311043580373126,0.5287957668304444,0.4242727597554525,177.40688263713034,178.51215122775454,150.2192835306609,166.7148815049958,93.30190877642337,0.30369159777959187,89.00245953179274,0.5037532647450765,91.04465656765346,0.48672671318054195,124.48142777734999,0.5963328679402669,109.75568820725583,0.5733711242675781
0.5543651580810547,0.13839906056722004,0.5403552055358887,0.33176250457763673,0.5248184204101562,0.3466976165771484,0.5438094139099121,0.5064804077148437,0.5244629383087158,0.5709810256958008,0.5313353538513184,0.6191829045613607,0.5222904682159424,0.6179154078165691,0.5390452146530151,0.13607789675394694,0.5325868129730225,0.3392300605773926,179.91276159649658,176.89808295016175,179.4657143268434,173.94025957768554,91.82087438978806,0.23765397866566976,92.00764306153873,0.4551055431365967,86.16117256054874,0.42285523414611814,92.65018053397127,0.5944482167561849,96.31586515844185,0.5628316561381022
0.5705747604370117,0.13984236717224122,0.5431452751159668,0.33352683385213217,0.5264462471008301,0.33545262018839517,0.5364287853240967,0.5411141077677409,0.5287048816680908,0.5772226969401042,0.5265692234039306,0.6179463068644205,0.5218401908874511,0.6169225056966146,0.5517899751663208,0.19010127385457357,0.5347957611083984,0.3344897270202637,178.0247565454854,177.04137481044268,172.81610271925805,174.3498159308047,96.7127085738868,0.2622955004374186,91.4374168751696,0.45585621198018395,89.54718099086452,0.4378019173940023,99.81029040253432,0.5970726013183594,97.31256784978038,0.5795302073160807
0.5635084629058837,0.38637917836507163,0.5418505191802978,0.23195713361104328,0.5286354064941406,0.2341154416402181,0.5446129322052002,0.5106785456339519,0.5394522190093994,0.5073214530944824,0.5306822776794433,0.6173545201619466,0.5284852981567383,0.5845972061157226,0.5495445489883423,0.33586041132609046,0.5352429628372193,0.2330362876256307,175.75220472851865,176.4512108468577,173.0237616981905,173.23982691409736,82.08165378500603,0.28444834947586056,89.12079210296801,0.37017887036005653,88.0670953228413,0.37185741662979127,98.07743576105372,0.5459593296051025,97.4400673088509,0.5640165328979492
0.5782405376434326,0.1440822124481201,0.5502625465393066,0.29418633778889974,0.5230984687805176,0.2926862080891927,0.5455805778503418,0.5204761505126954,0.5341064453125,0.5146698633829753,0.5274416446685791,0.6031405766805013,0.5208069324493408,0.6016452153523763,0.5494810819625855,0.21031858126322428,0.5366805076599122,0.2934362729390462,177.77470829880303,177.03462103556942,174.25444976250478,169.33251399826145,98.75507585815008,0.25187742710113525,90.66660878136364,0.4040530681610107,87.75512785347895,0.4069562117258708,98.69382937935416,0.5581575393676758,102.37618333524219,0.5618083635965982
0.5789566993713379,0.146408748626709,0.5356490135192871,0.23303564389546713,0.5209278106689453,0.23550175031026205,0.5587164878845214,0.42474711736043297,0.5520707607269287,0.4448177973429362,0.5375861167907715,0.5981101353963216,0.5328145980834961,0.6099803288777669,0.5594360113143921,0.17108466625213622,0.5282884120941163,0.23426869710286458,172.01426375998673,170.76141861094794,172.65974850816565,171.58694105845302,116.2417448785952,0.20267668167750041,83.55553126530661,0.3395432472229004,80.9239398869437,0.3295079072316488,96.6500444604146,0.5273990631103516,96.94922533526346,0.5114286263783773
0.5788225650787353,0.14790606498718262,0.5408333778381348,0.2787141482035319,0.5274670124053955,0.2803898811340332,0.5623685359954834,0.42867221832275393,0.554039716720581,0.4286446253458659,0.5312653064727784,0.5899418512980144,0.5263197898864747,0.5926169077555339,0.5606876611709595,0.14709030787150065,0.5341501951217651,0.27955201466878254,171.04879645468233,169.62651636614325,171.83751304612653,169.61621143936793,101.32869903564092,0.2133211612701416,82.40138945297201,0.3540983200073242,79.28449904948049,0.35411211649576824,99.59527503683681,0.5106307665506999,100.91630336962132,0.5093070348103841
0.5778608798980713,0.119508163134257,0.5424127101898193,0.29247735341389974,0.5312990665435791,0.30360616048177086,0.549445390701294,0.43069820404052733,0.5385883331298829,0.44722347259521483,0.5291874885559082,0.5954715092976888,0.5225495815277099,0.5985610961914063,0.5629085302352905,0.12504079341888427,0.5368558883666992,0.2980417569478353,175.01782762829475,172.056643841125,176.67590267270876,174.46788155030723,98.56396159741587,0.2115412751833598,89.33465498163069,0.3726326147715251,84.57869230690137,0.36436998049418134,96.04962119307937,0.5228922843933106,97.0090037568433,0.5130848566691081
0.5700407505035401,0.13007109959920246,0.5545071601867676,0.32397149403889974,0.5337931632995605,0.3172542889912923,0.5424407005310059,0.5036046981811524,0.5298943996429444,0.5014852523803711,0.5358134746551514,0.6249865849812826,0.5261833190917968,0.6246254603068034,0.5609909772872925,0.1341939409573873,0.5441501617431641,0.32061289151509603,179.66716374566707,177.66048470625654,178.34401233249048,178.44377829981423,95.16200495162066,0.22740341623624166,94.50654784746129,0.41104907194773355,90.53522649717557,0.41210879484812424,91.7262023411961,0.5630553563435873,93.12514044822285,0.5642956415812175
0.5807192325592041,0.1414326508839925,0.5475456237792968,0.3349429766337077,0.537111234664917,0.3499773343404134,0.5480366230010987,0.4985541025797526,0.5390078544616699,0.5324395497639974,0.533623218536377,0.5921988169352214,0.5291762351989746,0.603799565633138,0.5614906072616577,0.19677700201670328,0.5423284292221069,0.34246015548706055,177.16938781858923,175.35298598983292,175.03650818878899,173.24630441315486,97.49328368229193,0.2696185787518819,91.00134832627246,0.437449852625529,87.90568599278964,0.4205071290334066,97.84453445389666,0.5681195576985677,98.75006238374947,0.5453764597574869
0.5547756671905517,0.179801607131958,0.5557375907897949,0.3968335787455241,0.5435892581939697,0.3947476704915365,0.5380800724029541,0.5515481948852539,0.5230199337005615,0.5819743474324545,0.5403003215789794,0.5952001571655273,0.5347949028015136,0.6105864842732748,0.5535155773162842,0.19338410695393882,0.5496634244918823,0.3957906246185303,176.34332127909752,178.21456897863064,153.6712021527553,174.40000137005586,91.09030805587783,0.29458736578623457,98.14391924034676,0.4888824860254924,94.25313341116389,0.4736694097518921,67.63099341681071,0.5962804158528646,87.08830090325759,0.5733741760253905
0.5603830814361572,0.19619611104329426,0.5615819454193115,0.3871853510538737,0.5467475414276123,0.3831743558247884,0.545920991897583,0.5170389493306478,0.5188718318939209,0.5854056040445964,0.5422665119171143,0.588372802734375,0.536102294921875,0.5922396341959636,0.5602921724319458,0.19452946980794272,0.5541647434234619,0.38517985343933103,176.05235278355465,178.97399860353715,106.64904495277946,179.58153304297434,91.84083036101632,0.2898546616236369,99.99658900597919,0.4852927287419637,93.57744157210662,0.4511094013849894,21.634508187628025,0.58882261912028,92.93273633017694,0.5527058760325114
0.546614408493042,0.14540939331054686,0.5643680095672607,0.3319860458374023,0.5452392101287842,0.32112175623575845,0.5459187984466553,0.45380353927612305,0.5295525074005127,0.4600355784098307,0.5439233303070068,0.6172430674235027,0.533516263961792,0.6087976455688476,0.5515953779220581,0.16548046271006267,0.5548036098480225,0.3265539010365804,173.56750468776244,177.13389029647328,174.16053073602285,178.55596382611083,88.85894379195257,0.24601718187332153,100.71221635062648,0.39329473972320556,93.99401814269092,0.3901787201563517,88.47371844033324,0.5344166119893392,90.699501665238,0.5355233033498128
0.5587596893310547,0.15133937199910483,0.568944263458252,0.37147547403971354,0.5383203506469727,0.3590552012125651,0.5626681804656982,0.5548612594604492,0.5320397853851319,0.5380286534627279,0.5646532058715821,0.6097757975260417,0.5393653392791748,0.6007577260335286,0.5587779998779296,0.19723424911499024,0.5536323070526123,0.36526533762613933,177.362078518615,177.8946539194262,169.87217622186643,179.48943566851082,91.75404666849947,0.28124979337056477,97.12407172520038,0.4516469955444336,87.2714287933554,0.46006329854329425,83.33912113593728,0.5693931897481282,87.92979993397947,0.5823185284932455
0.5656486034393311,0.20418670972188313,0.5721957683563232,0.4056660016377767,0.5408135414123535,0.3880059560139974,0.5596582412719726,0.5540849049886067,0.5381949424743653,0.5452670415242513,0.559149980545044,0.6112066904703776,0.547431230545044,0.6206398010253906,0.5624531269073486,0.20315464337666828,0.5565046548843384,0.39683597882588706,177.0236913704556,178.3947955097383,170.6921157813669,178.7832129041652,91.7591537097217,0.29999531110127764,97.03219559882928,0.4710515101750692,88.85110202715174,0.4754604419072469,83.01372213087768,0.582953421274821,90.50979544515401,0.5826457977294921
0.564496374130249,0.15287639300028483,0.5717118263244629,0.35701713562011717,0.5435687065124511,0.3376153310139974,0.5621289730072021,0.48719847997029625,0.5362643241882324,0.48019930521647136,0.5633875846862793,0.5802526473999023,0.5381622791290284,0.5659212112426758,0.5663618803024292,0.1860973278681437,0.557640266418457,0.3473162333170573,176.704673884997,177.35663989138322,173.63994821244285,179.36152023582795,93.0965663444866,0.2667067805926005,99.13847094777847,0.41375776926676433,88.16205609911563,0.4172573566436768,88.73163058814994,0.5230602582295736,89.22508854530545,0.5337255636850993
0.5746973514556885,0.18001238505045572,0.5679152965545654,0.36792402267456054,0.5446858882904053,0.34617366790771487,0.5667212009429932,0.4791061083475749,0.5433357238769532,0.46966711680094403,0.5662799835205078,0.5735995610555013,0.539719533920288,0.5419662475585938,0.5712148189544677,0.1812776486078898,0.5563005924224853,0.3570488452911377,178.95461197648595,174.25581037843475,177.73952099419262,177.09395425619223,94.84994319824776,0.26916324694951377,96.56710915799563,0.4133579810460408,85.1202200883533,0.41807747681935625,92.86338025024065,0.5058166821797689,90.26752871986614,0.526352834701538
0.5801538944244384,0.17484785715738932,0.5684834003448487,0.3672080675760905,0.543848705291748,0.3575383186340332,0.5703402519226074,0.4476898193359375,0.5449295997619629,0.44431994756062826,0.5663337707519531,0.5510899861653645,0.5483425617218017,0.5285369555155436,0.570541787147522,0.19420710404713948,0.5561660528182983,0.36237319310506183,178.03920419367938,170.5216860978495,174.98364500932797,174.6970404642563,94.88606992043128,0.2782901485761007,97.8076480538489,0.40334657033284504,80.56723995490282,0.40503150622049966,87.67931236546661,0.4864284515380859,92.21894887779659,0.499389902750651
0.5663987159729004,0.42242431640625,0.571478271484375,0.3517533620198568,0.55235915184021,0.3469918568929036,0.5606927871704102,0.37026294072469074,0.5490522384643555,0.36218544642130535,0.5669039726257324,0.4491666475931803,0.561275053024292,0.4486095110575358,0.5664571762084961,0.39666708310445153,0.5619187116622926,0.3493726094563802,71.9024735665729,15.673718370367913,171.57851917713336,178.35890270929565,84.51857620476973,0.37301984628041585,135.1196732035283,0.35577902793884275,93.35848358322625,0.3598177750905355,81.9501390651622,0.40539747873942056,85.49904085501092,0.4097147941589355
0.584719467163086,0.2535997231801351,0.5697866439819336,0.3387826283772786,0.5411161422729492,0.3317157745361328,0.576677656173706,0.39259589513142906,0.5520225524902344,0.37394402821858724,0.5719706535339355,0.5114750544230143,0.5610075473785401,0.5198648770650228,0.5732608556747436,0.22734092076619467,0.5554513931274414,0.3352492014567057,176.82083084237323,160.87298297592235,178.2003341633233,172.37735816374675,99.37176084999302,0.2812950611114502,95.06388879901597,0.3545966148376465,69.68850814034704,0.3639225482940674,86.47649285916096,0.446904452641805,92.26743344266696,0.4520354747772217
0.5734549522399902,0.47840204238891604,0.5701548099517822,0.2934019406636556,0.5498644351959229,0.28789291381835935,0.5707489013671875,0.3391764958699544,0.5582840919494629,0.3389943440755208,0.5760063171386719,0.43041760126749673,0.5647403240203858,0.430488650004069,0.5630424737930297,0.4384110768636068,0.5600096225738526,0.29064742724100745,4.7843092466984345,16.918817888862186,177.90117896898005,176.76870876617662,88.82416832763775,0.36452925205230713,92.04405330782284,0.31482088565826416,77.52178470647193,0.31491196155548096,85.96365371215745,0.3847414970397949,86.70219888458612,0.38479704856872554
0.5860406398773194,0.35881748199462893,0.5626341342926026,0.22561906178792318,0.5455311298370361,0.2266729990641276,0.5732253074645997,0.40516316095987953,0.5511387825012207,0.41580591201782224,0.5646909713745117,0.5720133463541667,0.5389070034027099,0.6077351888020833,0.5717255830764771,0.32356759707132976,0.5540826320648193,0.22614603042602538,168.3075436303921,174.9494122823967,178.63086102950328,175.315081855192,79.73504451711769,0.27485681374867754,90.8892582368418,0.3209759712219238,83.89643587550151,0.31565459569295246,93.64656610433741,0.5117705504099528,92.92810982873445,0.4885882536570231
0.5881336212158204,0.328409481048584,0.5712168693542481,0.23732673327128093,0.542263126373291,0.22258682250976564,0.5823122501373291,0.4004945437113444,0.5528201580047607,0.4143398284912109,0.5649250984191895,0.5740648905436198,0.5580191612243652,0.5751312255859375,0.5737901449203491,0.2749175707499186,0.5567399978637695,0.22995677789052327,172.66434846781686,175.3543436543378,178.36038103913788,172.91695918769196,69.23214241332649,0.25243717432022095,91.21788013524451,0.32214830319086707,81.47199860687843,0.31522566080093384,88.14805267342443,0.49473552703857426,95.72043620525217,0.4872797171274821
0.5818779945373536,0.42057488759358724,0.5723269939422607,0.316035525004069,0.5450580596923829,0.31662845611572266,0.5769567489624023,0.397891362508138,0.5541610240936279,0.414214293162028,0.5773882865905762,0.48627789815266925,0.564499044418335,0.508548355102539,0.5617913484573365,0.40357858339945474,0.5586925268173217,0.3163319905598958,146.99403609532047,82.06574708008301,175.47622102046614,174.00187008926017,87.96582547169805,0.35995528697967527,92.65063982463587,0.36527314186096194,77.37755948529936,0.3571116765340169,83.7459426890226,0.4613813241322835,89.72026182321811,0.4420846303304036
0.5860691070556641,0.4214030265808105,0.5713866710662842,0.26283651987711587,0.5501593112945556,0.2625203291575114,0.562094259262085,0.45668344497680663,0.553904390335083,0.4695994059244792,0.56357741355896,0.5765923182169597,0.5555196762084961,0.5847122828165691,0.5757698774337768,0.35503339767456055,0.5607729911804199,0.2626784245173136,171.09595958582702,171.94744210356706,178.26148844146923,179.80319543355606,80.77663979366473,0.3088559110959371,91.9011962410817,0.36613891522089637,89.60979404501794,0.3596809347470601,89.1960674418649,0.5271558443705241,89.2913439515334,0.5166378815968832
0.5981170177459717,0.3052779197692871,0.5684732913970947,0.24177835782368978,0.54147367477417,0.23189773559570312,0.5697736263275146,0.4723133722941081,0.5423240184783935,0.48588835398356117,0.5664628028869629,0.589964485168457,0.5449236392974853,0.5985698699951172,0.5798137664794922,0.25131888389587403,0.5549734830856323,0.23683804670969644,173.82717546853337,173.80231274146425,177.08697591190244,176.5245454189707,30.2403811882441,0.24407846530278524,92.9076000051441,0.36136320034662883,86.40356477448019,0.35457570950190226,88.67839119224124,0.5422291119893392,91.61193680550397,0.5311389287312825
0.6018037319183349,0.3673850059509277,0.5691044807434082,0.25554523468017576,0.5392649650573731,0.25397451718648273,0.5679460525512695,0.4947313626607259,0.5449020385742187,0.5045281410217285,0.5603236198425293,0.5910930633544922,0.5383612155914307,0.598804219563802,0.5806895017623901,0.2597390413284302,0.5541847229003907,0.25475987593332927,173.8108750571781,173.61386403510156,178.66453817687596,174.43151846234431,10.639533242495077,0.2572494586308797,92.128428766617,0.3796440084775289,86.71792876718254,0.3747456192970276,93.96879019488995,0.5516661802927653,94.52281061802982,0.5429122130076091
0.601498031616211,0.15515344937642414,0.5707121372222901,0.26629508336385094,0.5401814937591553,0.2648531277974447,0.5722147941589355,0.4684743881225586,0.5442801475524902,0.48196417490641275,0.5633780479431152,0.585208002726237,0.5265131950378418,0.5933534622192382,0.5819175958633422,0.13712807496388751,0.5554468154907226,0.2655741055806478,176.72514777702804,173.59841687223556,175.98199417085002,174.24954383479061,101.64476374045579,0.20135109027226766,92.95409081499547,0.37376914024353025,85.27572772508579,0.3670242468516032,99.06252311085275,0.5376588185628255,94.32903960220425,0.5268411954243978
0.6018872261047363,0.16417640050252277,0.5695034980773925,0.2437447230021159,0.5405433177947998,0.23459280331929525,0.5669396400451661,0.4908278465270996,0.5420834064483643,0.48895028432210286,0.5570639133453369,0.5884529113769531,0.5273342132568359,0.5890827814737956,0.583953070640564,0.14208099047342937,0.5550234079360962,0.23916876316070557,176.0828513363389,174.49609997996274,176.14523833566457,173.88890776553004,106.59270503462045,0.19062487681706747,92.9655727724648,0.3640595237414042,87.28902997658562,0.3649983048439026,98.37923027997167,0.5390165328979493,95.77637616266614,0.5396403789520263
0.6013658523559571,0.16421422958374024,0.5715074062347412,0.27275387446085614,0.543344259262085,0.26964702606201174,0.5707560062408448,0.4943751653035482,0.5434129238128662,0.49213504791259766,0.5614506721496582,0.5887148539225261,0.5215699672698975,0.6021254857381185,0.5775644063949585,0.1594527721405029,0.5574258327484131,0.2712004502614339,177.76799325048364,175.41723268745096,174.95168831867383,173.64052088443995,100.2158883035049,0.2153266112009684,93.62915781131146,0.3816677490870158,86.58179761790971,0.38278780778249105,101.23220929417856,0.5471302668253581,95.63323187156904,0.5415450096130372
0.5955828666687012,0.4140804608662923,0.5680230140686036,0.22829705874125164,0.5422723770141602,0.22551337877909342,0.5670762538909913,0.5006286938985188,0.5438024997711182,0.49142751693725584,0.5601905822753906,0.5659438451131185,0.5338245391845703,0.5868935267130534,0.5784055709838867,0.3312664190928141,0.5551476955413819,0.22690521876017253,170.26441380925812,173.6776525288484,177.4230328094907,173.12981853801867,77.43640689732798,0.2790858189264933,92.45587499310302,0.3591663678487142,87.50469379123722,0.3637669563293457,95.9668023975171,0.5391605218251546,96.01802244854778,0.5332862695058187
0.5781635284423828,0.5192482630411784,0.5689808845520019,0.22691969871520995,0.5389223575592041,0.22280470530192056,0.5752791881561279,0.4429062843322754,0.542620325088501,0.46589895884195964,0.5746754169464111,0.4715618133544922,0.5155645847320557,0.6126670837402344,0.5629410028457642,0.44797279040018717,0.553951621055603,0.22486220200856527,134.1091058269381,73.2616765887158,175.2081924549306,173.99114754410684,87.69273523414768,0.3364174962043762,92.69153056387903,0.34538058042526243,84.41349321853198,0.3338842431704203,100.44484038110264,0.5392830212910971,91.20704190277169,0.4572340488433838
0.5583861827850342,0.5858458201090495,0.5675814151763916,0.31701173782348635,0.5420624256134033,0.31458654403686526,0.5669133186340332,0.4428951899210612,0.5405481338500977,0.43322760264078775,0.5650626659393311,0.5484961191813151,0.5418428897857666,0.546558698018392,0.5546863317489624,0.521458625793457,0.5548219203948974,0.3157991409301758,16.03419809096479,14.280622366987522,176.12625114515544,176.47609610763965,90.03777436300378,0.4186288833618164,96.93047672816601,0.3745133717854818,84.56547019797466,0.3793471654256185,89.34545039811178,0.48989315032958985,91.00400381154381,0.49569565455118814
0.5456538200378418,0.5984985987345378,0.5727907657623291,0.32980642318725584,0.5468816757202148,0.3142338434855143,0.5775157451629639,0.37831223805745445,0.5326796531677246,0.39678815205891926,0.568140983581543,0.5266258239746093,0.5390228271484375,0.5993034362792968,0.5525490522384644,0.556429386138916,0.5598362207412719,0.3220201333363851,27.05628886845649,25.414979531898204,173.91329449383645,174.05889081613586,91.78060196383984,0.4392247597376505,109.96157884317333,0.3594041426976522,72.56418755561837,0.35016618569691976,88.20597088581582,0.49804579416910805,93.61680035283052,0.45246903101603186
0.5511123180389405,0.5965832392374675,0.5731857776641845,0.2193018913269043,0.544187068939209,0.3560341835021973,0.5564338207244873,0.49454727172851565,0.5358790397644043,0.4739908854166667,0.5607114791870117,0.601144536336263,0.5371788024902344,0.5916191736857096,0.5533825397491455,0.5594814618428549,0.5586864233016968,0.2876680374145508,18.549668855857778,2.0665303809465927,175.31941163948363,178.0721267818166,91.1178681949189,0.42357474962870284,96.97873695991669,0.38082946141560875,90.62383989763254,0.39110765457153324,89.36692194550183,0.5328050295511881,87.70200161469805,0.5478459040323893
0.5532721519470215,0.606611696879069,0.573594045639038,0.34803546269734703,0.5487642288208008,0.3480823516845703,0.570100212097168,0.453443717956543,0.5377644538879395,0.43778765996297203,0.5671022891998291,0.5583349863688151,0.5479911804199219,0.5549425760904948,0.5549533367156982,0.5616642951965332,0.5611791372299194,0.34805890719095867,22.52497714671295,12.806218485170215,171.36373545758474,176.74935421337113,91.66948567522802,0.4548616011937459,104.62516809259046,0.3929232835769654,85.16131204703947,0.40075131257375085,85.0111633706744,0.49636511802673344,91.63713894429759,0.505889352162679
0.5474624633789062,0.598818588256836,0.5610721588134766,0.3894953727722168,0.5440086841583252,0.3919237454732259,0.5442328929901123,0.4755954424540202,0.5322509765625,0.4795384407043457,0.5523670196533204,0.5793080012003581,0.53720121383667,0.5816923777262369,0.5494770288467408,0.5563844362894694,0.5525404214859009,0.3907095591227213,25.500982038221576,9.303512416514819,172.63371650419043,175.46282016155104,91.05930043997309,0.4735469977060954,102.86623587652062,0.4351239999135335,95.58956705023994,0.43315250078837075,87.22569667273291,0.5306154092152913,85.51549923067638,0.5274517218271891
0.5526686668395996,0.5726029713948567,0.5401626586914062,0.1973835309346517,0.5675102710723877,0.24106634457906087,0.5313154220581054,0.475000254313151,0.561695671081543,0.4684499740600586,0.5369713306427002,0.6055784861246745,0.5607061862945557,0.5488237380981446,0.549239706993103,0.5189120451609294,0.553836464881897,0.21922493775685628,15.671812317607698,27.23663658447553,178.1006403251524,175.020329088959,90.87876377768795,0.3690684914588928,88.19380035981078,0.34383745590845743,95.0319221679899,0.34711259603500366,90.70533511708535,0.5086368560791016,87.5198219868207,0.5402893702189128
0.5530184268951416,0.579844601949056,0.5399746894836426,0.35375903447469076,0.5471324920654297,0.35390068689982096,0.530301284790039,0.43040854136149087,0.5398273468017578,0.4493453025817871,0.5380546569824218,0.60595703125,0.540195894241333,0.6079800923665365,0.551564073562622,0.5226810773213704,0.5435535907745361,0.35382986068725586,11.326651742773338,22.794482501808226,179.10997105257144,176.2216542666819,87.28386325199456,0.4382554690043131,92.23408736602636,0.40158758163452146,99.81806828233547,0.39211920102437336,89.86688812160665,0.5286626974741618,87.47108626769285,0.5181827863057454
0.5554677009582519,0.4250741958618164,0.5590628147125244,0.35131991704305016,0.552918529510498,0.34942566553751625,0.5337187290191651,0.46075897216796874,0.5414376258850098,0.45829747517903646,0.5388481140136718,0.6134965260823567,0.5401001453399659,0.6135716120402018,0.5592588901519775,0.38443794250488283,0.5559906721115112,0.3503727912902832,174.11431832641125,172.90471056724473,177.03849827215618,174.34899657976595,84.5198035410033,0.367405366897583,97.6796955784252,0.40433513323465986,101.40707474643047,0.405565881729126,90.4935148686025,0.5359345436096191,88.07655882082304,0.5371277491251627
0.5486239910125732,0.5697303136189779,0.5368602752685547,0.32640438079833983,0.5372517108917236,0.34206889470418295,0.527458381652832,0.41310768127441405,0.5376624584197998,0.4390443801879883,0.5303759098052978,0.5151265144348145,0.5391428470611572,0.5136994361877442,0.5433976173400878,0.5147925694783528,0.5370559930801392,0.3342366377512614,3.998266040946652,15.846755551754105,179.53021441627,176.24699027597626,87.98844046568273,0.4245146036148071,89.66846422066438,0.3866405089696249,96.93806219168034,0.3736721595128377,88.86398978477666,0.47637190818786623,88.36190538350745,0.4641170978546143
