0,1,2,3,4,5,6,7,8,9,10,11,12,13,14,15,16,17,18,19,20,21,22,23,24,25,26,27,28,29,30,31
0.47977428436279296,0.22058448791503907,0.5102449417114258,0.3838078498840332,0.5379909992218017,0.37861226399739584,0.49574947357177734,0.5132071495056152,0.5440624713897705,0.5222258885701497,0.5009823799133301,0.5890432993570963,0.5601248741149902,0.6642094294230143,0.49735977649688723,0.22282085418701172,0.5241179704666137,0.3812100569407145,179.1843670714884,168.18835680974198,179.20338809837838,169.70078458378657,80.41102004359537,0.3020154555638631,81.949795791669,0.45171797275543213,102.12936691589842,0.44720860322316486,83.5456483582862,0.5932176589965821,86.05268799883703,0.5511252244313558
0.4669447898864746,0.25744231541951496,0.5260961055755615,0.3912433306376139,0.5425924301147461,0.389361317952474,0.49760637283325193,0.5150799115498861,0.5470088481903076,0.5295904795328776,0.5011277675628663,0.5995196024576823,0.5597611427307129,0.6766985575358073,0.48732829093933105,0.22261702219645182,0.5343442678451538,0.39030232429504397,174.19328186232136,161.58141705693328,179.88283386191452,168.59067212988313,74.33744818622414,0.3064596732457479,84.80474666558261,0.4599464019139608,106.40585421913144,0.452691117922465,85.045610710963,0.6031445185343425,87.6119735668035,0.5572997570037842
0.47082810401916503,0.2543025016784668,0.5366921901702881,0.3908905029296875,0.5232283115386963,0.3913934389750163,0.5472869396209716,0.5123992602030436,0.5018166065216064,0.5118428866068522,0.5581217765808105,0.6561049779256185,0.5598554134368896,0.6760257085164388,0.48999397754669194,0.21789003213246663,0.5299602508544923,0.3911419709523519,164.57177310446127,177.12340152387043,166.52202880547364,178.24482416389333,77.0100753074536,0.30451600154240926,103.12506215840304,0.45149242877960205,81.86794404765837,0.45177061557769777,70.53144292914513,0.5939342975616455,85.68828485825183,0.584252119064331
0.4649813175201416,0.24286365509033203,0.5341346263885498,0.3875766118367513,0.5309611320495605,0.3841618855794271,0.5489514827728271,0.5088975588480632,0.5518831729888916,0.5155352274576823,0.5570455551147461,0.6556683222452799,0.5574424743652344,0.6610321680704753,0.4876274347305298,0.23032467365264891,0.5325478792190552,0.3858692487080892,175.78491122687927,175.17968926459395,177.01855225209562,177.96832121106274,73.89156432153132,0.30809696118036906,81.5187663628929,0.4507022380828858,82.40543493736395,0.44738340377807617,87.81184654375626,0.5882836977640789,86.8434660039898,0.5822829405466716
0.46200218200683596,0.22435852686564128,0.5330119609832764,0.3877362887064616,0.5452403545379638,0.3854708035786947,0.5544076919555664,0.4865990956624349,0.5529061317443847,0.4786808967590332,0.5570896625518799,0.635438601175944,0.5569522380828857,0.6472078959147135,0.4918479919433594,0.21949442227681476,0.5391261577606201,0.38660354614257814,175.25568859179975,175.5069630624737,177.46223114804414,176.9032700620972,74.20284112174606,0.30304898420969645,81.4884834027187,0.43264222145080566,81.31116145846113,0.43660132090250653,88.62466969240094,0.5629443963368733,88.96768692339931,0.5610188484191895
0.47558908462524413,0.25376962025960287,0.5559606552124023,0.3969629605611165,0.5183054447174072,0.4012811024983724,0.5578667163848877,0.5288331667582195,0.49496660232543943,0.5199376106262207,0.5576810359954834,0.6452259699503581,0.5002822399139404,0.5751651763916016,0.5029288530349731,0.23752476374308268,0.5371330499649047,0.39912203152974446,162.37519699920014,178.4016363098435,162.67931938912594,175.13586301873406,78.04898139664559,0.3183233976364136,109.23975270208601,0.45952982107798257,80.91838676264018,0.46397759914398196,84.50223280497484,0.5475513935089111,90.09140336287517,0.5870295683542888
0.47791504859924316,0.25052975018819174,0.5539449691772461,0.401559321085612,0.5338162422180176,0.3965876261393229,0.564509916305542,0.4779883702596029,0.5013221263885498,0.5114702224731446,0.5589272975921631,0.6421335220336915,0.5586391448974609,0.6435399373372396,0.5008347511291504,0.23491204579671224,0.5438806056976319,0.3990734736124675,159.1601021355686,179.9708653616549,159.99438470230152,174.5097178756622,75.30688701736665,0.31699275970458984,110.73892628286306,0.455271848042806,75.35002435887453,0.43853092193603516,66.5396083456718,0.5775050799051921,91.94789334738623,0.5600609461466471
0.4779731273651123,0.23445868492126465,0.5560472488403321,0.3926703453063965,0.5373592376708984,0.3965863545735677,0.5690020084381103,0.4769629796346029,0.5077180862426758,0.49056774775187173,0.5602797985076904,0.6411745707194011,0.49588441848754883,0.5645071665445963,0.5045005321502686,0.22912786006927488,0.5467032432556153,0.3946283499399821,157.18043375083414,179.43420873507313,172.43839357111906,173.8076309581485,75.69442013700643,0.3118781050046285,112.11445975305136,0.4425980488459269,74.84605968861955,0.4357956647872925,99.09281614762986,0.5275374571482341,93.04044698795293,0.559068775177002
0.48055329322814944,0.23759617805480956,0.5477647304534912,0.3785895347595215,0.5658208847045898,0.3637927691141764,0.5198418140411377,0.45099322001139325,0.5656776428222656,0.47396491368611654,0.5609546184539795,0.6434843063354492,0.565940523147583,0.6123434702555338,0.5093663692474365,0.2177873690923055,0.5567928075790405,0.37119115193684893,172.54373597540996,152.5823472409223,177.93646638159498,168.81940671495593,72.82044049641452,0.29448926051457724,85.05904019550991,0.42257803281148276,114.84569507292858,0.4110921859741211,89.89115426976551,0.5431541919708252,77.94374888589893,0.5472387631734212
0.48647298812866213,0.23054981231689453,0.5387234687805176,0.39158236185709633,0.5682985305786132,0.38216718037923175,0.5159192562103272,0.4617059071858724,0.5659777641296386,0.49199581146240234,0.5086917400360107,0.5570123672485352,0.5603726387023926,0.6507824579874675,0.5154900550842285,0.22171463171641032,0.5535109996795654,0.38687477111816404,176.1826289017617,153.2246691780389,176.48895078835983,169.57858019862843,77.03599656521547,0.3042947014172872,83.23663265995955,0.4394352912902832,116.67286298506973,0.4242903391520182,92.02168598806871,0.5713891347249349,94.33669530214694,0.5093591372172038
0.48667173385620116,0.23355806668599446,0.5394322395324707,0.3961800575256348,0.5758835792541503,0.37252362569173175,0.5145979404449463,0.49376757939656574,0.5704513549804687,0.48380413055419924,0.5111154079437256,0.5594788869222005,0.5605203151702881,0.6523811340332031,0.5185888528823852,0.2218250036239624,0.5576579093933105,0.3843518416086833,176.13248158357126,159.35893918098498,176.01668073564258,168.1505603327855,76.48339687344762,0.30308842261632285,82.66978330563182,0.43407798608144127,111.48184871214228,0.4390597105026245,93.37145503748869,0.5680926322937012,93.03369272671058,0.5266232331593831
0.4910420894622803,0.23905164400736492,0.5490737438201905,0.40600783030192056,0.5814170360565185,0.38715372085571287,0.5184375286102295,0.4909753163655599,0.5724687576293945,0.488360595703125,0.5172769546508789,0.5754512151082357,0.5619240760803222,0.6459678649902344,0.5212007522583008,0.22533516883850097,0.5652453899383545,0.3965807755788167,173.47048432531747,154.22032880082193,176.93535688798568,165.77508259619248,75.57607194405044,0.31095797220865884,85.49991363894598,0.44247068564097086,116.37564791575683,0.4437780459721883,93.82765781881098,0.5671642303466797,90.78710978525207,0.5332132657368978
0.4925820350646973,0.2242292881011963,0.5541457176208496,0.3918576240539551,0.5833834648132324,0.3779147148132324,0.5226961135864258,0.45057490666707356,0.5739081382751465,0.48760592142740883,0.5230726718902587,0.5790639877319336,0.5634163856506348,0.6467472076416015,0.5256064653396606,0.22571612199147545,0.568764591217041,0.38488616943359377,172.41669124947643,145.6989948207323,177.39813998188677,166.59072128595753,74.82930868363228,0.30530114571253464,87.13338873410305,0.4362460454305013,125.04254419482484,0.41773053805033367,93.77189666195189,0.5671765645345052,89.83208581146778,0.5148194471995036
0.49600834846496583,0.22064496676127116,0.556511116027832,0.40146570205688475,0.5862820625305176,0.3784763971964518,0.5262979030609131,0.4539855321248372,0.5737250328063965,0.4906806945800781,0.5272383213043212,0.5907327016194661,0.5629194259643555,0.6542390823364258,0.527384090423584,0.23041467666625975,0.5713965892791748,0.3899710496266683,171.22862331756278,145.11337658858778,178.05750264597194,167.2010916792882,74.5788572400014,0.310192863146464,88.67553675579967,0.4403258721033732,125.16498465787863,0.4219782908757528,93.77979557845718,0.5724598884582519,89.60597980113826,0.5223591168721516
0.49750361442565916,0.20042131741841634,0.5603089332580566,0.40801947911580405,0.5897809028625488,0.388974666595459,0.5300795555114746,0.46849025090535484,0.5751033306121827,0.4982156753540039,0.5304577350616455,0.5925442377726237,0.5627056121826172,0.6531510670979818,0.5276275396347045,0.2264409065246582,0.5750449180603028,0.3984970728556315,170.12466283558928,146.70190001876009,178.19912559498573,166.8848150592399,74.59219586103382,0.31246898969014486,89.96643763323333,0.4483563741048177,122.71770032794277,0.4334936618804932,94.5749821271837,0.5756833712259928,89.8253339086708,0.5305172443389893
0.5027392864227295,0.18436503410339355,0.5509366512298584,0.4181027094523112,0.5868197441101074,0.40078147252400714,0.5312153816223144,0.4723673184712728,0.5758369445800782,0.5081310907999674,0.5336734294891358,0.6020127614339192,0.5652851581573486,0.6518209457397461,0.5291090250015258,0.22998016675313315,0.5688781976699828,0.4094420909881592,174.49700930420377,148.60020250948918,176.6493483678893,168.55370391167656,77.50504494110422,0.3197111288706462,85.96664254917212,0.4587865908940633,120.9019067984015,0.440904704729716,94.19994569291573,0.5799760182698568,88.9138152989932,0.537190039952596
0.5050682544708252,0.18297427495320637,0.5541412830352783,0.4222625414530436,0.5876689434051514,0.394216791788737,0.5327772617340087,0.4772086461385091,0.5768299579620362,0.5102973937988281,0.5347445011138916,0.6088109970092773,0.5653172492980957,0.6528003692626954,0.5310505867004395,0.22836400667826334,0.5709051132202149,0.4082396666208903,174.09951677671611,150.66748169381188,176.690047644115,168.9236273373196,77.50696715080785,0.3183018366495768,86.67748820244685,0.4592685302098592,118.93496260820459,0.4427241563796997,94.61885161512794,0.5815488815307617,89.14358582004483,0.5430098215738932
0.5083533763885498,0.18423185348510743,0.5458201408386231,0.42279895146687824,0.5868072986602784,0.405618158976237,0.5364943027496338,0.4864770253499349,0.5772958278656006,0.5144892692565918,0.5351584434509278,0.6185000101725261,0.5656108379364013,0.6549572626749675,0.5317203044891358,0.2287727912267049,0.5663137197494508,0.41420855522155764,177.18669067342103,156.51668748694811,175.4120122531992,171.90869214688144,79.43282463091597,0.3214906732241313,83.75023500125248,0.4643489122390747,112.42202351584585,0.4503427902857463,94.75526609851416,0.5847232659657796,90.57972093294745,0.5524885177612305
0.510728120803833,0.19062458674112956,0.5487128257751465,0.42688779830932616,0.5865512371063233,0.4125255584716797,0.5374584674835206,0.49317890803019204,0.5769337177276611,0.5209226608276367,0.5368642330169677,0.6323287963867188,0.5636785507202149,0.6558072408040364,0.5361743450164795,0.2293229103088379,0.5676320314407348,0.4197066783905029,177.29353593536274,157.39418976106938,175.34686145610948,172.01076259272938,80.61761774757206,0.3245147943496704,84.74930168300726,0.4703146696090698,112.32696792531051,0.4564427932103475,95.61246108714069,0.5883649508158366,90.2446780260353,0.5627538522084554
0.5140814781188965,0.19652528762817384,0.5433811664581298,0.4172795295715332,0.5867667675018311,0.4081770261128744,0.5391616344451904,0.5128189086914062,0.5759284496307373,0.5246490796407064,0.5374390125274658,0.6444531758626302,0.56382737159729,0.6603600819905598,0.5380018472671508,0.22992238998413084,0.5650739669799805,0.4127282778422038,178.2066766689553,165.25054795599488,175.1929546921861,173.94891710582266,81.57616971249993,0.3213253339131673,84.46057311248472,0.4686886787414551,104.51455859797508,0.462773593266805,95.09547373121194,0.5925045808156331,90.74975410330279,0.5786360422770183
0.5218048572540284,0.1777575969696045,0.5443825721740723,0.42754249572753905,0.5850191116333008,0.42042659123738607,0.5405163764953613,0.5459453582763671,0.5765433311462402,0.5381119410196941,0.5415757656097412,0.6610726674397787,0.5618498802185059,0.6646886189778646,0.5403141736984253,0.23137187163035072,0.5647008419036865,0.42398454348246256,179.1881110135199,168.74709043756684,174.05714160410037,173.90189749177947,82.78418118176667,0.32767820755640664,84.07587493649456,0.48104824225107834,101.2160807584608,0.4849649508794148,96.62145278160502,0.6014002799987793,89.4727852806441,0.6035090128580729
0.527197790145874,0.1769126097361247,0.540657377243042,0.41799259185791016,0.5818288803100586,0.4156148592631022,0.5423722267150879,0.5507001876831055,0.5776325225830078,0.5542352676391602,0.5466097354888916,0.6715241114298502,0.5615750312805176,0.6693907419840495,0.5433499574661256,0.22952825228373208,0.5612431287765502,0.41680372556050616,179.22627151319284,172.15219165185243,171.98647009132026,174.70339626732522,84.54226152600592,0.3231659889221191,83.19931165094138,0.4855194965998332,98.02223103676444,0.4837519566218058,97.93824257993435,0.6118130048116048,87.99135893407835,0.6111121495564779
0.535671329498291,0.16882662773132323,0.541666316986084,0.4460283279418945,0.5843061447143555,0.44233258565266925,0.5428137302398681,0.5590355555216472,0.5786791801452636,0.5610912322998047,0.5436589241027832,0.684467061360677,0.564381742477417,0.6672932306925455,0.5455321788787841,0.23077452182769775,0.5629862308502198,0.4441804567972819,178.08527631716476,170.5129690030662,171.9742926623559,175.01527935361162,85.32429797339258,0.33747748931248983,82.35487708724845,0.5026358445485433,99.96150727455603,0.5016080061594645,97.66734200318143,0.6141922314961752,89.6139302642464,0.6217513084411621
0.5402561664581299,0.1635463873545329,0.5395731925964355,0.4346169471740723,0.5842395782470703,0.435541566212972,0.5433076381683349,0.5585879007975261,0.5772817611694336,0.5572546005249024,0.5452711105346679,0.695370610555013,0.563648796081543,0.6663214365641276,0.5449941396713257,0.23313469092051187,0.561906385421753,0.43507925669352215,178.51604192417557,171.73327147827536,172.4434693401887,175.5207818617226,85.21282285380543,0.33410697380701704,82.8272171503927,0.4961669286092123,98.56363311632781,0.49683357874552414,97.12481492470224,0.611788018544515,89.17759376245235,0.6269792556762696
0.5403730392456054,0.16411507924397786,0.5373790264129639,0.46361878712972004,0.5763506889343262,0.450698184967041,0.5409660339355469,0.5691212336222331,0.5750222682952881,0.5770163218180339,0.5456960678100586,0.6902027765909831,0.5621180534362793,0.6720951080322266,0.545592999458313,0.2375241994857788,0.556864857673645,0.4571584860483805,176.34005792723283,172.71740421360084,170.87090063667216,175.01905000957188,87.06209899433276,0.3473413427670796,81.38569182473661,0.5170874039332072,98.08202511043969,0.5131398598353067,97.72903066456635,0.6245557149251302,87.76288575924865,0.6296620051066081
0.5444708347320557,0.16667709350585938,0.537086296081543,0.4731592178344727,0.5762489795684814,0.4620539983113607,0.5398935317993164,0.577024777730306,0.5747263431549072,0.5528542836507161,0.5462165832519531,0.6834877014160157,0.5638936996459961,0.6627928415934244,0.5453014850616456,0.24019524256388347,0.5566676378250122,0.46760660807291665,173.41575612820836,172.20408631873238,172.25240472819095,173.82948741792652,87.13870447899195,0.35390092531840006,78.03939131692344,0.5102304458618163,98.71574476822735,0.5223156929016113,95.62739528617684,0.6078235626220703,86.6010788261387,0.6302562395731608
0.5446279525756836,0.16948124567667644,0.5350326061248779,0.46254316965738934,0.5744063377380371,0.4577511787414551,0.5424392700195313,0.5558587392171224,0.5735162734985352,0.5585268656412761,0.5463973045349121,0.682014274597168,0.5636561393737793,0.6634553273518881,0.5456587553024292,0.24021291732788086,0.5547194719314574,0.4601471741994222,174.18476092331088,173.2730304747951,172.1147879966116,176.05483755863716,87.64089765381264,0.3501800457636515,79.18321465266996,0.5093370199203491,97.31134767867273,0.5080029567082722,95.36832359750142,0.6109910964965821,88.20297772281424,0.6189365069071452
0.5482631683349609,0.17257630030314128,0.532354211807251,0.47331310907999674,0.5724274635314941,0.4612360954284668,0.5405735492706298,0.5314039548238119,0.5732084751129151,0.5405612309773763,0.5445889472961426,0.6787340799967448,0.562094259262085,0.6671756108601888,0.548253846168518,0.24027894337972006,0.5523908376693725,0.4672746022542318,168.89297636430177,171.07027440789565,172.2044115742736,176.32582834967485,88.95590111334845,0.35377677281697595,74.14238987235956,0.5039179166158041,100.44092021496047,0.4993392785390218,95.01656764163342,0.6038684209187826,88.43882287779846,0.6050690174102784
0.5504394054412842,0.1773806889851888,0.5323007583618165,0.47092583974202473,0.5714412212371827,0.4589400291442871,0.5406905174255371,0.533081340789795,0.574531078338623,0.5359590530395508,0.5449079513549805,0.6805920282999675,0.5622467994689941,0.6712528864542643,0.5467214584350586,0.24232266743977865,0.5518709897994996,0.4649329344431559,167.71551171040613,171.87128023069047,171.93296529860248,176.51303908000705,88.67484188017427,0.3536278009414673,72.3052987472572,0.5004459937413533,99.31698328597125,0.4990071376164754,95.18806111397534,0.6036059697469076,88.36231964305973,0.6068366845448812
0.5539344787597656,0.16385536193847655,0.5305345535278321,0.458043893178304,0.5694203853607178,0.45431226094563804,0.5412184238433838,0.5383701960245768,0.5738576412200928,0.5389417012532552,0.5437252998352051,0.6788206100463867,0.5663717746734619,0.66215025583903,0.5474039793014527,0.2371723016103109,0.549977469444275,0.456178077061971,168.91516449955088,175.09355467123135,171.9722657974221,177.36890850030056,89.3267605049494,0.34667518933614094,73.90531753207766,0.4975598891576131,96.08293566099275,0.4972741365432739,93.4768848234272,0.6005459785461427,88.97744577644787,0.6085954030354818
0.5561258792877197,0.16178712844848633,0.531200361251831,0.47442172368367513,0.5711696147918701,0.47021315892537435,0.5358803749084473,0.506990114847819,0.5727686882019043,0.5229240735371907,0.5417713165283203,0.6836732228597006,0.565457534790039,0.6615133921305338,0.5490868091583252,0.24114537239074707,0.5511849880218506,0.47231744130452474,161.7058703263271,159.02716381926282,172.6661100944789,175.54012278525423,89.47998262430508,0.35673140684763593,66.90177952462716,0.49762075742085776,113.81679469426184,0.48965377807617183,93.01978744550041,0.5922187328338623,88.09036016072528,0.5953316688537598
0.5579485893249512,0.15984428723653157,0.5296878337860107,0.4732176462809245,0.5663346290588379,0.45923083623250327,0.5395342826843261,0.5430421193440755,0.5716194629669189,0.534419059753418,0.5414466857910156,0.6858699798583985,0.5697521686553955,0.6651837031046549,0.5509038925170899,0.23945635159810386,0.5480112314224244,0.4662242412567139,164.92210986155138,175.847603326784,172.94573216588924,177.5209925337537,90.73082782579374,0.3528402964274089,70.90475774449045,0.5003216505050659,96.29718217267644,0.5046331803003947,90.81811726182646,0.5998013814290364,89.23288020297414,0.614456049601237
0.5607101917266846,0.1619948387145996,0.5327319622039794,0.4728636105855306,0.5662258625030517,0.4702998161315918,0.541223669052124,0.5509700775146484,0.5731307983398437,0.5485008875528972,0.5424397945404053,0.6881734212239583,0.571637773513794,0.6761000315348308,0.5524789571762085,0.2368209441502889,0.5494789123535155,0.4715817133585612,166.6987181778631,176.11530949024623,173.1459378345554,177.63073442968087,90.73215193174268,0.35420132875442506,72.90785431050965,0.5100413004557292,95.93659745524246,0.5112758954366048,90.67038159440504,0.6123004595438639,89.4921622806473,0.6195717493693034
0.5632564067840576,0.16263262430826822,0.534496545791626,0.47027419408162435,0.5674518585205078,0.46885588963826497,0.5399194240570069,0.5366514841715495,0.5755773067474366,0.5331664403279622,0.5420851230621337,0.6803433736165364,0.5779987812042237,0.6696217219034831,0.5537434339523315,0.24422860940297444,0.5509742021560669,0.46956504185994463,163.17329622123015,173.34924615304317,173.32342972863867,176.72163000165233,90.70409079353072,0.3568968256314595,68.85189689879468,0.5013657410939534,99.35734160752838,0.5031082630157471,88.98336140306783,0.6013940811157227,89.13651341975202,0.608497428894043
0.5630345344543457,0.16870206197102863,0.5306663036346435,0.4439262390136719,0.5650669574737549,0.440949281056722,0.5408904552459717,0.544011942545573,0.5779006958007813,0.5448308308919271,0.5413915157318115,0.6919474283854167,0.5831483364105224,0.6824281056722005,0.5511709213256837,0.24283536275227866,0.5478666305541993,0.44243776003519697,168.71056292379217,178.0260566462889,173.8207521253069,178.31936913062822,90.94840856895597,0.3426365613937378,73.65246504586906,0.493634295463562,93.92893835657316,0.49322485129038496,87.81593047572761,0.6136294682820638,89.80593877678375,0.6179796854654949
0.5652785778045655,0.16615719795227052,0.5311414718627929,0.4417383829752604,0.5681381225585938,0.4349277814229329,0.5383570671081543,0.5250912030537923,0.5816652774810791,0.5249075571695964,0.5435300827026367,0.6933531443277995,0.5843158721923828,0.6854098002115886,0.5508373260498047,0.24585166772206624,0.5496397972106933,0.43833308219909667,166.0036806578611,175.14943649667055,172.9571004762712,176.8666461371889,90.35646279538777,0.3420923749605814,69.69964515225534,0.4816203196843465,97.40962309871345,0.48171214262644446,89.05388184303592,0.6051586786905925,88.23906327197273,0.6092221736907959
0.577937650680542,0.17924696604410809,0.5348191261291504,0.4510861078898112,0.5696534633636474,0.4604599952697754,0.5406349182128907,0.5617608388264974,0.583197546005249,0.5494563420613606,0.5428072929382324,0.693229611714681,0.5869517803192139,0.6924846649169922,0.559913730621338,0.23809874852498375,0.5522362947463989,0.4557730515797933,165.98858185450229,177.16207234182906,173.16019906434636,176.77941266114735,92.02000143530923,0.3469359000523885,71.71187279707499,0.5026146968205769,96.24670194778616,0.5087669452031454,88.49643484422887,0.6209705034891764,89.05333734986655,0.6274952252705892
0.578794002532959,0.18553727467854816,0.5358870029449463,0.4626349767049154,0.568603229522705,0.4631571133931478,0.5403854370117187,0.5372627894083659,0.5851486206054688,0.523064390818278,0.5425799369812012,0.6873543421427409,0.5880780220031738,0.6894076029459636,0.5583152532577514,0.24460389614105227,0.5522451162338257,0.4628960450490316,156.83184453930394,174.4448803953107,172.01951901078903,176.6966993606022,91.59283616917592,0.35374997059504193,61.3276303226534,0.4929802179336548,99.06097712694131,0.5000794172286988,88.99109205277716,0.6062359968821208,89.16233375225171,0.6123085657755534
0.5873219013214112,0.20503778457641603,0.5309667110443115,0.46608266830444334,0.5666788578033447,0.4740842501322428,0.5383165836334228,0.5379813512166342,0.58822660446167,0.5158817927042644,0.5417969226837158,0.694041124979655,0.589530086517334,0.6983872095743815,0.5566520690917969,0.2446617046991984,0.548822784423828,0.47008345921834305,145.93235585992798,174.78099746668298,170.299427766145,176.92558168208657,91.98918123331963,0.35737258195877075,49.29206348719312,0.4929826259613037,98.79592210391108,0.5040324052174886,89.5907915946093,0.607134501139323,88.72244022057727,0.6160112380981446
0.5842462539672851,0.1899160385131836,0.5333253383636475,0.4568775494893392,0.5684061050415039,0.46606718699137367,0.5405613899230957,0.5476564407348633,0.5894834518432617,0.5411195119222005,0.5416534423828125,0.6946802775065104,0.5919629573822022,0.7044645945231119,0.5593570947647095,0.24149380524953207,0.5508657217025756,0.4614723682403564,159.87470099851092,176.69502275024863,171.27007550902132,177.3122841874399,92.21057181577561,0.3514830867449442,64.13309966450106,0.5012959400812784,96.81802738925347,0.5045644044876099,89.13034239901202,0.6227920532226563,89.57443059795044,0.6211683591206869
0.5870882987976074,0.18865437507629396,0.5359847545623779,0.44129403432210285,0.5684386730194092,0.4498303731282552,0.5413192272186279,0.5435953140258789,0.5904124736785888,0.5380620956420898,0.5425836563110351,0.6908528645833333,0.5941447734832763,0.7036163965861003,0.5623960971832276,0.23883513609568277,0.5522117137908935,0.445562203725179,162.90923502050285,177.6160671753266,172.0617476628405,177.26024240688716,92.82038923767595,0.3421986699104309,67.56027190762356,0.4918121496836344,96.34014484457374,0.49457875887552893,88.7085276067163,0.620839246114095,89.50804104887354,0.6172240893046061
0.5883255481719971,0.19073289235432941,0.5381010055541993,0.43852141698201497,0.5707784652709961,0.44944947560628257,0.5421830654144287,0.5781600316365559,0.5915945529937744,0.5712491989135742,0.541987943649292,0.6929464975992838,0.5987059593200683,0.7213493347167969,0.564036512374878,0.23743884563446044,0.5544397354125976,0.44398544629414877,168.44417382038824,178.450448009938,173.64479940904272,177.23413151401613,92.66022122478138,0.3407121459643046,73.72476690508275,0.5076173226038615,95.21940753357504,0.5110727389653523,87.287483365886,0.6462992668151855,90.0973951307907,0.6355532646179198
0.5862447261810303,0.1912047227223714,0.5386011123657226,0.42939669291178384,0.5677560806274414,0.43595269521077473,0.5413089275360108,0.5494865417480469,0.5915495872497558,0.5327998161315918,0.5411106586456299,0.6752276102701823,0.5996747493743897,0.7160774866739908,0.5665246486663819,0.24080448150634765,0.5531785964965821,0.4326746940612793,163.9301114238658,178.86791324924778,173.2212432281488,177.24200805112147,93.97895425358779,0.33673958778381347,69.03164871959481,0.4827372550964355,95.80211388331273,0.49108061790466306,87.46159545545262,0.6244386514027913,90.09034408046872,0.6123570760091146
0.5928756713867187,0.19370538393656414,0.5405348300933838,0.4404253323872884,0.5709317684173584,0.4510860761006673,0.5417759895324707,0.5605648676554362,0.5946778297424317,0.5615413665771485,0.540330457687378,0.6638548533121745,0.6030871391296386,0.7182969411214193,0.5691288709640503,0.24207081000010172,0.5557332992553711,0.44575570424397787,165.98199737046028,177.97721256031383,173.21404740329572,176.76209646842977,93.76270438567832,0.3439132571220398,71.40962396215272,0.5036485354105632,96.93141448862411,0.5031602859497071,86.92925417470181,0.6399191538492839,90.80179570981977,0.6122098604838053
0.6003554821014404,0.21028507550557454,0.5382646560668946,0.43507744471232096,0.5685585021972657,0.44394699732462567,0.5426334381103516,0.521608829498291,0.5953991889953614,0.5349911371866862,0.5408817768096924,0.6380550384521484,0.6004823207855224,0.6976044972737631,0.5733717918395995,0.23978811105092368,0.5534115791320802,0.4395122210184733,160.52950297769442,178.74531698384624,171.45445034973093,177.2507362456821,95.70712838420339,0.3396501660346985,66.26212684489033,0.48725167910257977,97.47936191222617,0.48056052525838217,88.20957396291412,0.6162978172302247,90.86181621113134,0.5798319339752197
0.6005574226379394,0.19651350975036622,0.5499005794525147,0.43376375834147135,0.5753687858581543,0.44321489334106445,0.543747854232788,0.5644500732421875,0.5988657951354981,0.5687902450561524,0.5413789749145508,0.6737361272176107,0.6049522876739502,0.7234113693237305,0.5768150568008423,0.24274773597717286,0.5626346826553346,0.4384893258412679,168.3301322500489,177.34119383178913,173.80621296049316,176.07880976165956,94.14351752828378,0.34061853090922034,74.46102566735152,0.5036397854487101,98.5275253557616,0.5014696995417277,87.74577773803271,0.6461008071899415,91.24174614442839,0.6190931002298992
0.599278736114502,0.19732775688171386,0.5462254524230957,0.44108479817708335,0.5756516933441163,0.4499527931213379,0.5438028812408447,0.5671777725219727,0.5989121437072754,0.5650117874145508,0.5408595561981201,0.6810763041178386,0.6061602592468261,0.7297188440958658,0.5783557176589966,0.24784471988677978,0.560938572883606,0.4455187956492106,166.0786128535704,178.15817515398936,173.47867410666174,176.60814970546713,95.0353511987186,0.3466817577679952,72.37031038739582,0.5052652915318807,98.01738145297419,0.5063482840855916,87.48026176451405,0.6473653157552084,91.48028755599242,0.6241270383199056
0.6044741153717041,0.21681370735168456,0.5528426170349121,0.442773977915446,0.57821626663208,0.4538738250732422,0.5474847793579102,0.5624207178751628,0.6011207580566407,0.5666840235392253,0.5395115852355957,0.6715904871622721,0.6069388389587402,0.7328144709269205,0.5813153028488159,0.25061845779418945,0.5655294418334961,0.4483239014943441,166.84938563001361,177.20534582523806,173.72414235798718,177.530318270898,94.56511689970918,0.34947117964426677,73.26377760953011,0.5075039625167848,98.98701875100451,0.5053723096847534,87.99425509987506,0.6497492472330729,94.1771701807363,0.6170056025187174
0.6091495513916015,0.2230883757273356,0.5486941814422608,0.439724604288737,0.5775196552276611,0.44848591486612954,0.5484219551086426,0.5699607213338216,0.601366662979126,0.5754357020060221,0.5428277492523194,0.6902460734049479,0.6057402610778808,0.7491495768229167,0.5852291345596314,0.24914372762044273,0.563106918334961,0.4441052595774333,166.58926602415573,179.88965562402956,173.48604484345108,177.95290621846914,96.47364313793152,0.346624493598938,73.75787704844875,0.5097704807917277,96.65524517910946,0.5070329904556274,88.55776756572487,0.6622926394144695,92.66278132683392,0.6301033973693848
0.6154114246368408,0.21312870979309081,0.5486773014068603,0.441126028696696,0.5793255805969239,0.4473283767700195,0.5518861770629883,0.578115971883138,0.6077855110168457,0.5547279993693034,0.5433908462524414,0.6768783569335938,0.6040219783782959,0.7452899932861328,0.591278338432312,0.2539067188898722,0.5640014410018921,0.44422720273335775,161.5257720782036,178.24286194353996,171.29659024232862,179.85373603676982,98.15613890960276,0.349066960811615,68.38489144249662,0.49947760105133054,95.17047228613526,0.5111715873082479,91.1314244902078,0.650008996327718,94.91635971203381,0.6274971644083659
0.6183163166046143,0.2235058307647705,0.5704265594482422,0.45623016357421875,0.5988648891448974,0.47644824981689454,0.5474543094635009,0.6041833241780599,0.601265811920166,0.62853577931722,0.5445940017700195,0.7011760711669922,0.6071690082550049,0.7562379837036133,0.6008797407150268,0.2630064328511556,0.5846457242965698,0.4663392066955566,174.20990588696634,173.8004539152274,178.2040942903748,172.010417936732,94.56479188860415,0.3646728197733561,84.14939024674644,0.5474374930063883,105.09930936459894,0.5352612654368083,87.35331406915205,0.6923868815104166,91.68915801872346,0.652679697672526
0.621703052520752,0.24024631182352701,0.5712000370025635,0.478666877746582,0.6023510932922364,0.4911600748697917,0.5534205436706543,0.5827792485555013,0.6026260375976562,0.6204224904378255,0.5449091911315918,0.7114247639973958,0.6055606365203857,0.7549468994140625,0.6031930446624756,0.2774423837661743,0.5867755651473999,0.4849134763081868,173.2337162579508,170.43791734402885,177.27027596934968,173.31337422604784,94.52446763992651,0.3811779300371806,83.3284362768109,0.5526679833730062,108.8203513564443,0.5338463624318441,88.75031252431977,0.687684694925944,93.7852457261515,0.6471020062764485
0.6356015205383301,0.2427621046702067,0.5751030445098877,0.4661200205485026,0.6040331840515136,0.4883200327555339,0.570346450805664,0.5608590443929037,0.6040804862976075,0.6034142176310221,0.5462120532989502,0.6788801829020182,0.6036284446716309,0.7519145965576172,0.614944076538086,0.2796050707499186,0.5895681142807007,0.47722002665201824,171.51826952214196,176.06740623532676,176.8954438334666,179.4235566247961,97.31737210392227,0.3784125487009684,83.4397856509876,0.5403171221415202,102.9428027480213,0.519039535522461,90.17441031142076,0.6776644070943196,101.55719982235294,0.619869613647461
0.6430549621582031,0.24889984130859374,0.5899691104888916,0.46843757629394533,0.6132574558258057,0.49094470342000324,0.5651874542236328,0.5588430404663086,0.6048981666564941,0.6092267990112304,0.5451948165893554,0.6843301137288411,0.6042709827423096,0.7570475896199544,0.6218831300735473,0.2823772589365642,0.6016132831573486,0.4796911398569743,175.57261343362688,166.87718017590552,179.20789726794658,173.63889875211572,95.86535991317317,0.38103419939676925,88.54735265068005,0.5444589694341024,114.7119616159231,0.5192670901616414,90.24309689782265,0.6831371943155924,99.0523008044982,0.6215865770975748
0.6521553993225098,0.26632370948791506,0.5831532001495361,0.4737074534098307,0.6130706787109375,0.49738041559855145,0.5659201145172119,0.5854471842447917,0.6101328372955322,0.6116603215535482,0.5468827724456787,0.6899191538492838,0.6039947509765625,0.7556748072306315,0.622817087173462,0.28295083840688073,0.5981119394302368,0.4855439345041911,172.34541518133318,172.7918896112922,176.31188643299913,176.25542081876324,96.95258756696133,0.3842473864555359,84.55524976960835,0.5486021280288697,107.86049817602056,0.5354955593744914,92.44054419556473,0.6836675643920899,100.32737470719887,0.6376831690470377
0.6567817211151123,0.25166042645772296,0.5803943634033203,0.46297963460286456,0.6119614601135254,0.49515453974405926,0.5699729442596435,0.5823994318644206,0.6110746383666992,0.6050034840901692,0.5487625122070312,0.6998989105224609,0.6048894882202148,0.7584238052368164,0.6276030540466309,0.27919092973073323,0.5961779117584228,0.4790670871734619,170.34984538505907,176.53155479219268,175.90521050142502,178.1144128155465,98.9350749236977,0.37912900845209757,83.25396101706028,0.5420352856318156,104.23015003559446,0.5307332595189412,92.30863284598487,0.6817136446634928,100.23255889784586,0.6411491711934407
0.6620909690856933,0.2570279916127523,0.5808371067047119,0.4538650194803874,0.6074052810668945,0.48275365829467776,0.572534704208374,0.581197992960612,0.6117285251617431,0.6096808751424153,0.55515456199646,0.7002401987711588,0.6045568466186524,0.758778444925944,0.6317625522613526,0.2804994583129883,0.5941211938858032,0.46830933888753257,169.4178350374819,179.68260834547237,175.18858825778014,178.76931011803467,101.33321654935395,0.3744043986002604,82.90056847202533,0.5389951070149739,100.82537875760147,0.5247536659240724,92.7538373160857,0.6842296600341797,98.3064858365452,0.6407190958658855
0.6750073909759522,0.26751089096069336,0.5990595817565918,0.46156949996948243,0.5989432334899902,0.46668485005696614,0.6095180511474609,0.5857577641805013,0.6089798927307128,0.5927086512247721,0.5545975208282471,0.70460999806722,0.6056550025939942,0.7549496968587239,0.6467598676681519,0.29154539108276367,0.599001407623291,0.4641271750132243,168.4122684739055,167.84406623138545,177.51535692968915,165.660308373066,105.4683331629757,0.377836283047994,85.56249078462146,0.5284179131189982,85.05827919814554,0.5249424695968627,91.17402787217826,0.673829174041748,114.80122685978861,0.6451838811238606
0.6794058322906494,0.27109816869099934,0.6062933444976807,0.4792088508605957,0.5924727916717529,0.4695974667867025,0.6117532253265381,0.5879341761271158,0.6092021465301514,0.5983922322591145,0.5562097549438476,0.7051174799601237,0.6068655014038086,0.7546305974324544,0.6461097478866578,0.2841508229573568,0.5993830680847168,0.47440315882364914,168.77332926447016,167.32919806108106,177.6136610456431,165.23872599874372,103.79892754702051,0.37927699089050293,85.47201993518773,0.5363976955413818,83.78167433944081,0.5311686674753825,90.85683131320104,0.6765114148457845,115.36038659835862,0.6465258280436198
0.6809264659881592,0.27338600158691406,0.59159255027771,0.45588054656982424,0.6040970325469971,0.4736642837524414,0.6029829502105712,0.5889589945475261,0.615245008468628,0.5905361175537109,0.5573546409606933,0.7149429321289062,0.6053319454193116,0.7593373616536458,0.6430522441864014,0.2737269878387451,0.5978447914123535,0.4647724151611328,167.1066118853874,170.38671960477893,175.18308259250682,169.28445868175353,103.31312948847298,0.36924970149993896,82.12276967831427,0.5276542663574219,87.63076653854573,0.5268657048543295,93.36090580937619,0.6749367396036784,109.90915137160097,0.6519509633382161
0.6859265327453613,0.2710496266682943,0.6049564838409424,0.45022942225138346,0.591481065750122,0.44057607650756836,0.6153443336486817,0.5780330657958984,0.579221534729004,0.5754517873128255,0.6016653537750244,0.7354073842366536,0.6042113780975342,0.7500586827596029,0.6519051313400268,0.27119789123535154,0.5982187747955322,0.4454027493794759,174.875191742592,165.84752070904196,172.98197182871212,174.35143126061712,107.12822248536723,0.3583003203074137,98.31084362817737,0.5104272683461507,82.64253454243796,0.5117179075876872,81.85510519650651,0.6627552350362143,94.96766537077922,0.656720225016276
0.6842701435089111,0.26594769159952797,0.6201471328735352,0.4799990971883138,0.5915793418884278,0.45387137730916344,0.6232680797576904,0.570005989074707,0.5794523239135743,0.5754496256510416,0.6030766487121582,0.7368336995442708,0.604761791229248,0.7466248194376628,0.644179391860962,0.26943376859029133,0.6058632373809815,0.46693523724873864,178.26386818180595,166.43552826476034,171.36371403172592,173.6904982264111,100.97924484462858,0.368184502919515,103.67904454194537,0.5211924314498901,80.4152787898038,0.5184706131617228,81.58934949917293,0.6610372225443522,96.90103570040047,0.653419844309489
0.6869830131530762,0.2758918762207031,0.6048258304595947,0.45014524459838867,0.5882786750793457,0.43381757736206056,0.6141335964202881,0.5905737559000651,0.6062106132507324,0.5951358159383138,0.602387809753418,0.7275201161702474,0.6047285079956055,0.7368089040120442,0.6519481420516968,0.283108917872111,0.5965522527694702,0.4419814109802246,168.05239761619217,166.24068102665973,177.81208652616655,173.92698992737436,109.22271517030465,0.3625451644261678,86.39154061838526,0.5185586134592692,83.25217486465996,0.5162775834401448,90.59937479585254,0.665972359975179,94.9022187157372,0.6590469360351563
0.6845657825469971,0.2740862210591634,0.6063960075378418,0.4579348564147949,0.5878267765045166,0.44607518513997396,0.6139098644256592,0.5935630162556966,0.5796233177185058,0.5813213984171549,0.6043134212493897,0.7424046198527018,0.6046660900115967,0.7507117589314779,0.6505805253982544,0.2846227804819743,0.5971113920211792,0.45200502077738447,174.25166753379023,166.46321045786644,173.03905361043255,174.89033884652264,107.71573263956026,0.3683139006296794,97.70165954261569,0.5166632095972696,83.23244578129943,0.5227840185165405,81.5902745948586,0.6660165786743164,93.68899352679952,0.6679838180541993
0.6832176685333252,0.27543010711669924,0.5983020305633545,0.46681814193725585,0.5874074935913086,0.4611703872680664,0.6131129264831543,0.5921426137288411,0.6145138740539551,0.6051608403523763,0.5607417583465576,0.7061470031738282,0.6044089794158936,0.7500097910563152,0.6489862442016602,0.29210923512776693,0.5928547620773316,0.46399426460266113,164.99322788380758,164.19864090900666,173.69609057048487,162.881147923264,108.08517986068703,0.37805174986521406,81.27716178306667,0.5345775524775187,81.01681059283473,0.5280684391657511,93.99058003662583,0.6775853157043457,114.67303408993172,0.6491448084513347
0.6780324459075928,0.287667719523112,0.5818285465240478,0.47217194239298504,0.5875494956970215,0.4783824920654297,0.5788063049316406,0.5934157689412435,0.6091111660003662,0.6627540588378906,0.5620156288146972,0.7157655715942383,0.6047700405120849,0.7616240183512369,0.6420074939727783,0.27953182061513265,0.5846890211105347,0.47527721722920735,167.67169329316172,171.46628960213982,173.474415467212,177.5717864642568,106.32116863027967,0.37740451892217,82.5780148509691,0.5690156380335489,92.85069214731448,0.5343464930852254,92.51409545225869,0.7121890385945637,97.81417476676319,0.6545906702677409
0.671459436416626,0.2806602160135905,0.594973087310791,0.4831936200459798,0.5956341743469238,0.4893034299214681,0.6056591033935547,0.5974283854166667,0.611231517791748,0.6081350962320964,0.6039084911346435,0.7520854949951172,0.6044609069824218,0.7576647440592448,0.6367546081542969,0.27131989002227785,0.5953036308288574,0.48624852498372395,168.2214312916617,169.23186017478994,175.47509122854794,177.49752262238943,100.91599934237247,0.3787842075030009,82.55489320088788,0.5471918106079101,84.6787306875098,0.5418384552001954,92.59254698193864,0.6828999201456706,90.64852117551776,0.6747569402058919
0.6635747432708741,0.28831297556559243,0.5890611171722412,0.5001260121663411,0.5934648036956787,0.5153253237406413,0.6030508518218994,0.6181630452473958,0.6131926536560058,0.6410980860392252,0.5682940483093262,0.659913444519043,0.6040305614471435,0.764188575744629,0.6321345329284669,0.2846663157145182,0.5912629604339599,0.5077256679534912,167.62070548511747,168.92335941431693,172.89308075938644,148.8055266910426,100.38323091523021,0.39619599183400467,80.66271764472356,0.5744118769963582,83.90741710610162,0.5629443566004435,94.25689224223866,0.7026433308919271,129.777053913618,0.6390382448832195
0.6470317840576172,0.27179594039916993,0.5907746315002441,0.4904862721761068,0.6079028606414795,0.5102313995361328,0.5858080387115479,0.5667685190836589,0.609333610534668,0.6063921610514323,0.5777132987976075,0.6576610565185547,0.5992196559906006,0.7055054346720377,0.6290054559707641,0.29001078605651853,0.5993387460708618,0.5003588358561198,171.05718696391023,177.355209015967,174.20671564279556,177.26145463327057,98.02783611269977,0.3951848109563192,84.61512264509837,0.5533754984537761,101.51615804504881,0.5335636774698893,95.82654524602128,0.6559487978617351,95.08924132189436,0.6122147878011068
0.6557415962219239,0.2740444819132487,0.5851247787475586,0.44991318384806317,0.6001620292663574,0.46991796493530275,0.5819769382476807,0.5537691752115885,0.6112343788146972,0.5723661422729492,0.5675795078277588,0.6539684295654297,0.6024575233459473,0.7522848765055339,0.6278067588806152,0.2806834618250529,0.592643404006958,0.45991557439168296,167.36059845407098,176.9571245667356,175.2846355043728,179.18283758336304,101.09981912520918,0.3702995181083679,80.61244625145615,0.5161408583323162,96.48384746375486,0.5068423748016357,92.79280779293427,0.6623255093892415,98.17674941114412,0.603868802388509
0.658427095413208,0.2901140213012695,0.5930001735687256,0.4673704783121745,0.5966803550720214,0.47252124150594077,0.6061152458190918,0.5896352767944336,0.6177661895751954,0.590039316813151,0.5915396690368653,0.6430861790974934,0.6060917377471924,0.6675495783487956,0.6288755655288696,0.2830765883127848,0.5948402643203735,0.46994585990905763,167.11952947505642,170.37239404673352,168.17572079873918,165.8389231600191,100.32237731824063,0.3765112241109212,79.19223279554956,0.5299925883611043,84.6185044292932,0.5297905683517456,98.56540022757676,0.6287944475809732,105.25318108115648,0.6163607279459635
0.657676887512207,0.33557297388712565,0.580167293548584,0.5139837265014648,0.5876421451568603,0.5268961588541666,0.6110817909240722,0.5983844757080078,0.6126025676727295,0.6135399500528972,0.6050069332122803,0.6574092229207357,0.6137051582336426,0.689108403523763,0.6239628553390503,0.3008074442545573,0.5839047193527221,0.5204399426778157,160.7878087883988,158.29918424366963,170.8162748175249,165.3653505388092,100.33639721269577,0.4106236934661865,72.86821440802193,0.5669899463653565,70.77776999436726,0.5594122091929117,89.16407838985131,0.6513241767883301,95.87622152017946,0.6278968493143717
0.6609424591064453,0.3909229914347331,0.5867244243621826,0.4247190793355306,0.575834321975708,0.4269196192423503,0.6062344551086426,0.616468874613444,0.5993499755859375,0.6591314315795899,0.5898715496063233,0.6338415145874023,0.5877968311309815,0.6956840515136719,0.6293548345565796,0.31425054868062335,0.5812793731689454,0.42581934928894044,170.5988912188194,168.1679281703107,161.07640536845375,134.34919270052498,113.31141153919714,0.3700349489847819,85.571140993794,0.5424753904342652,82.54266251479667,0.5211441119511923,107.54012263437076,0.6774077415466309,133.28559888544476,0.6251551946004232
0.6640695095062256,0.3046542167663574,0.5814180850982666,0.5015535672505697,0.5831911087036132,0.5283537864685058,0.6060968399047851,0.653797976175944,0.5995123386383057,0.715631612141927,0.5802278995513916,0.7026896794637044,0.6022266864776611,0.7659849802652995,0.6258140087127686,0.2900341669718425,0.5823045969009399,0.5149536768595377,171.5626392271738,167.1737052177759,178.5480599497986,152.75014000831544,100.94831772257507,0.4024939219156901,85.0989870791702,0.6152926445007324,80.27628473588821,0.5843758265177409,86.91440110097795,0.7408082962036133,117.88362836315761,0.6782438278198242
0.6608521938323975,0.3159128189086914,0.577274227142334,0.509112008412679,0.5759778499603272,0.5298301060994466,0.6096240520477295,0.6179458618164062,0.5970622539520264,0.7586402257283529,0.6017115116119385,0.7709801355997722,0.6022021293640136,0.777423604329427,0.6202102422714233,0.2943235079447428,0.5766260385513307,0.5194710572560628,172.26207400768467,159.60090068254576,170.35863212858837,171.34435978531903,100.955843132829,0.4068972826004028,85.11612779334537,0.6390556414922078,71.47446661267044,0.5687084595362345,74.69624119329126,0.7680319150288899,92.95980643207845,0.6944629987080893
0.659327220916748,0.32907772064208984,0.5819821357727051,0.5170409838358562,0.5831109523773194,0.5517974853515625,0.6168721675872803,0.5814844131469726,0.6082004070281982,0.6780705769856771,0.6060863018035889,0.562284278869629,0.5994022369384766,0.7735992431640625,0.6193776845932006,0.31050373713175455,0.5825465440750122,0.5344192345937093,168.13285720457787,143.36619500891862,170.7067842532766,10.86483422227128,99.34075707763141,0.4224614858627319,79.87461809168238,0.6062449057896933,53.89594296503748,0.5579518238703409,95.2620844459564,0.7258349100748698,60.674468428216784,0.5718843460083007
0.6675496578216553,0.3017099062601725,0.5889089107513428,0.4831032435099284,0.5892714023590088,0.5201352119445801,0.613829231262207,0.5632948557535807,0.6019873142242431,0.6601943333943685,0.6070752620697022,0.5425446192423503,0.594884204864502,0.7651577631632487,0.6242838621139526,0.3157448132832845,0.5890901565551758,0.5016192277272542,171.64663663622477,155.72519358881402,174.86909120507207,5.694119037269232,100.72153761460868,0.40868202050526936,85.35028030346798,0.5809067805608114,68.1434944488231,0.5324570417404175,93.87143058998181,0.7126760482788086,71.97051237734563,0.5529197374979655
0.6631798267364502,0.3252139091491699,0.5896480083465576,0.4932493845621745,0.5890395641326904,0.5354917526245118,0.6128567218780517,0.5674521128336588,0.5983481407165527,0.6418830235799153,0.6016627788543701,0.5465404510498046,0.5931632995605469,0.7633182525634765,0.6266067504882813,0.309682019551595,0.589343786239624,0.5143705685933431,171.0985868934387,153.05524196283474,176.67616495947098,7.206374198864267,100.31754431923254,0.41202629407246905,85.96073555051763,0.5781267960866292,66.10863210969579,0.5409113407135009,92.44483580471977,0.7026006380716959,61.840004819897416,0.5569962819417318
0.6721899509429932,0.2947345733642578,0.5884992122650147,0.4811509132385254,0.5885586738586426,0.5143530527750652,0.6161265850067139,0.5574683507283529,0.588025426864624,0.6398571014404297,0.5905107498168946,0.7546378453572591,0.5906432151794434,0.7578287124633789,0.6273801326751709,0.31488862037658694,0.5885289430618286,0.49775198300679524,173.297939625365,152.54008843103088,179.19458711762664,172.1557039365186,101.99471834656866,0.4063203016916911,90.20301332283618,0.5688045422236125,65.1962000080965,0.5276101668675741,88.72881610898868,0.6988429069519043,97.40228298728726,0.656053098042806
0.6702700614929199,0.3070558865865072,0.5855918884277344,0.4766527811686198,0.5849623680114746,0.5035497983296712,0.5994717597961425,0.5643398920694987,0.5896457672119141,0.6369550704956055,0.5844223022460937,0.7365978876749675,0.5944521427154541,0.7787267684936523,0.6300203323364257,0.3024322509765625,0.5852771282196045,0.49010128974914546,171.41414196446516,162.52268578573182,179.87903185708493,175.20568151184446,103.40986069309398,0.39626677036285396,88.29605490480655,0.5635281801223755,79.17553121571387,0.5272205909093222,88.05828947438923,0.7078409194946289,94.99301382339402,0.6504688898722331
0.6703918933868408,0.327783997853597,0.5837996482849122,0.4903937657674154,0.5816146850585937,0.5091066678365072,0.5955537796020508,0.5759256998697917,0.5897047996520997,0.6353910446166993,0.5937576293945312,0.7612479527791342,0.5943181037902832,0.7681901931762696,0.6325549364089966,0.30674883524576824,0.5827071666717529,0.4997502168019613,169.61813722697772,162.60057857026715,179.5129030751146,177.02491917910274,104.48169439996302,0.40324952602386477,87.04676152591594,0.5675706307093302,80.42742769739422,0.5378379583358766,88.01040436884482,0.7017906188964844,90.55529545139599,0.668586826324463
0.6745390892028809,0.32530167897542317,0.5852849960327149,0.48291778564453125,0.5839225292205811,0.5056831359863281,0.629929494857788,0.6100687662760417,0.5994717121124268,0.6510889689127605,0.5936085224151612,0.7590556462605794,0.5939167022705079,0.7592278162638346,0.6356917381286621,0.3195259094238281,0.584603762626648,0.49430046081542967,168.3486672262831,157.4824296407116,175.0460660793212,164.35134247744938,106.29405642982965,0.4069131851196289,84.58295118722498,0.5726947148640951,68.61860950385542,0.5521846135457357,92.94065557023318,0.7051583925882976,103.70068462284213,0.6845622062683105
0.6754973411560059,0.33501675923665364,0.5783133506774902,0.498153018951416,0.5821227073669434,0.5191391309102377,0.5979306697845459,0.5960974375406901,0.5976712703704834,0.6627583185831706,0.5926121711730957,0.6953320821126302,0.59316086769104,0.7601826349894206,0.639220690727234,0.31919652620951333,0.5802180290222168,0.5086460749308268,166.6430651068332,160.0688936509893,174.40373768043952,173.133846936616,107.29881402438868,0.41392130057017007,83.5387711212426,0.5857021967569986,78.55005003468618,0.5523717562357584,92.6507000475253,0.7114704767862956,93.06784244635013,0.6457147598266602
0.6776951313018799,0.32967548370361327,0.574891471862793,0.4989307403564453,0.579407024383545,0.5292484601338704,0.5887359619140625,0.6280539830525717,0.5891156196594238,0.6989734649658204,0.595112419128418,0.7781370798746745,0.5925794124603272,0.7610127766927083,0.6392409324645996,0.31548352241516114,0.577149248123169,0.5140896002451578,168.84995354262895,165.01621502595276,179.61988445211807,178.5409757131837,107.36119549263637,0.41478656133015945,86.29676937384814,0.6065315326054891,84.19470842154692,0.5710717916488648,86.80436691602272,0.7299931208292643,87.56718439585718,0.7030955314636231
0.6704361438751221,0.3605422337849935,0.5907031059265136,0.46375754674275715,0.5936902523040771,0.485057799021403,0.6119974613189697,0.5688702901204427,0.6044008731842041,0.6076510111490886,0.6059533596038819,0.5667154947916667,0.5956340789794922,0.7812433242797852,0.6403241872787475,0.32689159711201987,0.5921966791152954,0.4744076728820801,167.47528659569113,161.48452798478516,176.46705030827366,61.90180266680049,108.0690517353984,0.40064963499705,84.76669380706386,0.5410293420155843,78.16134927962143,0.5216389815012614,92.89110685065477,0.6944471677144368,19.621765580828708,0.5677928924560547
0.6732463836669922,0.3616083780924479,0.6003603458404541,0.4082786242167155,0.6036848545074462,0.4414679527282715,0.6517529487609863,0.4401834487915039,0.5361413478851318,0.5217979113260905,0.6983222007751465,0.42525450388590497,0.596430492401123,0.7799560546875,0.6353045463562011,0.33946379025777185,0.6020226001739502,0.4248732884724935,174.33516128044783,116.38671679620643,165.9527197224964,161.99862860001122,111.28961904886721,0.3821685393651327,124.20458803695703,0.473335599899292,17.111690030348132,0.4325283686319987,76.85498172784521,0.6508769830067953,162.2254407575308,0.43271897633870443
0.6808197975158692,0.3487644831339518,0.596410608291626,0.49117453893025714,0.5954752922058105,0.5097489674886068,0.6418079376220703,0.6031031926472982,0.6322047233581543,0.6374423344930013,0.595483922958374,0.7704319000244141,0.5972490310668945,0.7726135889689127,0.6451310157775879,0.32774831453959147,0.5959429502487182,0.500461753209432,162.7825807819698,155.2312465656764,165.22581767153352,164.62296829600552,105.89673157765564,0.4141050338745117,75.17265715852594,0.5689520438512166,65.92267833509706,0.5517824729283651,104.49921690747283,0.7050279617309569,105.47445099788226,0.6867675463358561
0.6807967185974121,0.3601633071899414,0.590049934387207,0.5011766115824382,0.5924782276153564,0.5205374399820963,0.6390444278717041,0.5883036931355794,0.6365590572357178,0.6216015497843425,0.609464454650879,0.5632589975992839,0.5970927715301514,0.7824066797892253,0.6424793004989624,0.334279187520345,0.5912640810012817,0.5108570257822673,156.57482622875577,147.55299406207826,164.98085980478646,30.592909468959526,106.17444761198188,0.4225681066513062,67.75523195079019,0.5662292877833048,58.32768983817451,0.5495803594589234,103.78950101642398,0.7020041147867839,40.25383586489272,0.5757813453674316
0.6758658409118652,0.3838204383850098,0.5885840892791748,0.49521697362264,0.5877834320068359,0.5097729047139485,0.5373688697814941,0.5337022145589193,0.5882837295532226,0.6830603917439778,0.5939586639404297,0.6787747065226237,0.5954683303833008,0.78743101755778,0.6458984851837157,0.3334791660308838,0.5881837606430054,0.5024949391682942,170.60944777187387,150.01522327615183,177.5266041550245,160.56659817113984,108.85377249095265,0.417987052599589,89.96827856064914,0.5927776654561361,148.44439882150274,0.5180985768636068,86.0621205859978,0.7352457046508789,68.69026658653446,0.6062384605407716
0.6837571620941162,0.352757994333903,0.5898086071014405,0.502909787495931,0.5917181968688965,0.5197418530782064,0.6021233558654785,0.6123455047607422,0.5858735561370849,0.6847222010294597,0.6108408451080323,0.5544179280598959,0.5903572082519531,0.7255030314127604,0.6500924587249756,0.3157241980234782,0.5907634019851684,0.5113258202870687,171.74269554317843,164.3976328739872,173.61714686543394,33.539908552212964,106.8733780376638,0.41352500915527346,91.61533530810568,0.5980240106582642,83.58387964114142,0.5618356625239055,83.72580996059891,0.7051126162211101,98.55819004787944,0.583381716410319
0.6876948833465576,0.34278097152709963,0.5913243770599366,0.49932664235432944,0.5900710105895997,0.5189852714538574,0.6375915050506592,0.6247215270996094,0.6232318878173828,0.6768155415852865,0.6159152984619141,0.5637250264485677,0.5911377906799317,0.7138858159383138,0.6505938053131104,0.30890309015909834,0.5906976938247681,0.5091559569040934,164.76498749788402,155.55628809643878,138.99200992788462,5.2391424656212875,106.6520498894353,0.4090295235315959,79.01828629136018,0.5929857492446899,67.91383395708571,0.5669387420018515,130.88482458147078,0.6953506787618001,70.43641303145647,0.5942232767740885
0.6887651443481445,0.3371767044067383,0.5961009979248046,0.48672332763671877,0.6001242160797119,0.5179037094116211,0.6433512210845947,0.586565907796224,0.648258638381958,0.611172866821289,0.6385206699371337,0.5609183629353841,0.6386464595794678,0.5633582433064779,0.6473137855529785,0.3156263510386149,0.5981126070022582,0.5023135185241699,155.45002334668268,150.92889143449796,22.217589772588852,23.91993647770568,104.76450732578076,0.40896993478139243,65.26685118244731,0.5567431926727295,61.76679800364275,0.544439713160197,78.63332812189587,0.5872655550638834,79.33365823624635,0.5737421353658041
0.6927464962005615,0.3318770090738932,0.5948336124420166,0.4880036989847819,0.5964678764343262,0.51780792872111,0.6397446155548095,0.5867542902628581,0.6441248416900635,0.6201304753621419,0.6349064350128174,0.5579278945922852,0.5963263034820556,0.7728976567586263,0.6523952722549438,0.31315115292867024,0.5956507444381713,0.502905813852946,155.99094504462835,149.61389748073188,162.48252640279642,25.97844889398306,106.64885006175474,0.4080284833908081,67.53419611445835,0.5615181446075439,62.261211295062196,0.544830052057902,107.3741114836198,0.6965140660603841,80.47236078979519,0.5723410924275716
0.6945321083068847,0.33291101455688477,0.5945379734039307,0.4889052391052246,0.5976287841796875,0.5201312065124511,0.6541991710662842,0.4739898363749186,0.655602502822876,0.40819292068481444,0.6378589153289795,0.5642191569010416,0.6380486488342285,0.5666925430297851,0.6491923809051514,0.32027982076009115,0.5960833787918091,0.5045182228088378,35.882099857933945,64.15256339071875,139.662406430955,134.75287725447456,106.08028194835626,0.4123990217844645,121.71179836126741,0.45635557174682617,152.28692989169184,0.48925402959187825,96.31976054575055,0.4874427318572998,100.26484081937534,0.5191044966379801
0.6951569557189942,0.324578062693278,0.6054015159606934,0.44688889185587566,0.6082762718200684,0.4785439173380534,0.6826241970062256,0.5218236287434895,0.6574038505554199,0.3966562271118164,0.7185282230377197,0.45913114547729494,0.6819059371948242,0.6206533432006835,0.637135672569275,0.38259557088216145,0.6068388938903808,0.4627164045969645,92.68157816958866,146.04495943641186,160.8208940816689,121.63837456989097,110.71353944201469,0.422655987739563,127.4318088147622,0.42968631585439043,37.95173375399763,0.492270016670227,83.75747849662096,0.50865478515625,119.79979514383214,0.49047738711039224
0.6960931777954101,0.3225635210673014,0.5995012283325195,0.4657867113749186,0.5972987174987793,0.49417362213134763,0.65587158203125,0.48348763783772786,0.6538291931152344,0.40863396326700846,0.640130090713501,0.566845957438151,0.6409138679504395,0.5720034917195638,0.6549840211868286,0.3267289797465006,0.5983999729156494,0.47998016675313315,37.0360171308543,93.81681140334288,150.6833467009677,143.64660526589276,110.26536668237893,0.4033545732498169,127.84381157286495,0.4443070650100708,3.492408606969687,0.4817339022954305,94.52016831054128,0.4903187274932861,100.69387659500788,0.5251667976379395
0.6965049743652344,0.32191079457600913,0.6069617748260498,0.48837369283040366,0.6034122943878174,0.5265437761942545,0.6678740501403808,0.5558377583821614,0.6580588340759277,0.5978050231933594,0.6337564945220947,0.5806364059448242,0.6303555011749268,0.5742761611938476,0.6514213800430297,0.33537972768147783,0.6051870346069337,0.5074587345123291,151.11214349437236,131.9273903475005,29.018102798733395,104.68557783423799,105.03910917103916,0.4214192310969035,59.66328530378907,0.5526318788528443,37.65934759465851,0.5316482464472453,40.341750599267016,0.5860405921936035,143.9881391748002,0.5682370821634928
0.6976995468139648,0.32449204126993814,0.6039879322052002,0.48693421681722004,0.5992367267608643,0.5250223795572917,0.6702725887298584,0.5554435729980469,0.6527560710906982,0.6062946319580078,0.6271193027496338,0.5665196100870769,0.6267592430114746,0.5681862513224284,0.653151535987854,0.3295305093129476,0.6016123294830322,0.5059782981872558,152.9045219756745,130.10424440954006,12.290575314659538,81.54878207511602,106.28272686196091,0.4177544037501017,62.986391164192575,0.5561364650726318,35.77030979828144,0.5307109355926514,55.69891923525728,0.5872404416402182,165.60478768149466,0.5609815915425619
0.6960388660430908,0.3221604665120443,0.5995932579040527,0.5008775075276692,0.6017500877380371,0.5317434946695964,0.661940050125122,0.5899593353271484,0.6611674785614013,0.6358613967895508,0.7236373424530029,0.47370214462280275,0.5951261520385742,0.7671791712443033,0.6459506273269653,0.3351928393046061,0.6006716728210448,0.5163105010986329,156.0566953066838,143.8342053265034,154.5679461952707,137.0662528123354,104.03610622815536,0.42575167020161947,63.15942492440565,0.5760859489440918,50.24297008863182,0.5531349182128906,116.6983864959364,0.701520284016927,117.95473891431351,0.5318307399749755
0.6959010124206543,0.32485151290893555,0.5962105751037597,0.5097678502400717,0.5958354949951172,0.5538124084472656,0.6553079128265381,0.5706077575683594,0.6558266639709472,0.6214429219563802,0.5906164169311523,0.6058452606201172,0.5695079326629638,0.7151989618937175,0.6514419794082642,0.337004025777181,0.5960230350494384,0.5317901293436686,147.17756165244998,124.16345960357144,145.59120199838588,122.75280352885618,105.88167797380392,0.43439707756042484,56.294405281018236,0.5766165256500244,33.21535210005583,0.5511989434560141,132.63495826807028,0.6683209419250489,151.4228391420368,0.5882265090942382
