0,1,2,3,4,5,6,7,8,9,10,11,12,13,14,15,16,17,18,19,20,21,22,23,24,25,26,27,28,29,30,31
0.3741763114929199,0.21795829137166342,0.375434422492981,0.43729956944783527,0.37280979156494143,0.44104671478271484,0.38701066970825193,0.6240185419718425,0.3642169713973999,0.6661357243855794,0.38205156326293943,0.6831465403238932,0.3717867136001587,0.6843315760294596,0.37227553129196167,0.2582976500193278,0.3741221070289612,0.43917314211527503,178.6330468440298,178.31867707567767,156.86618389444968,173.3442504392829,89.41508205695655,0.3487353960673014,92.49892543752253,0.5526544332504273,86.01143987808396,0.5315958420435587,67.41197029693096,0.6752336502075196,94.79421667350117,0.6535825411478678
0.3718050718307495,0.200054136912028,0.3519629240036011,0.4304957071940104,0.3841088771820068,0.4422792116800944,0.3644465208053589,0.5839269002278645,0.38469395637512205,0.5872239430745443,0.3818394899368286,0.6827617645263672,0.38102948665618896,0.6834139506022135,0.3678833842277527,0.2567025423049927,0.36803590059280394,0.43638745943705237,176.60951456101859,179.20812753689083,174.80732451582574,173.22602929118884,89.95136741544589,0.3465450008710225,83.69791609738772,0.5118057012557984,91.3936324592832,0.5101571798324585,92.18169403034372,0.6353189468383789,80.01927674108998,0.6333443323771158
0.3703704595565796,0.2117295265197754,0.34963579177856446,0.43008368810017905,0.38798975944519043,0.43409496943155923,0.35479280948638914,0.496754519144694,0.38805673122406004,0.5381884892781575,0.3756049633026123,0.6734048207600911,0.37798879146575926,0.6776099522908529,0.3673986911773682,0.25940446058909095,0.3688127756118774,0.43208932876586914,173.95752159170607,170.80728835902647,173.72935176116025,174.89289117507224,89.53082594960878,0.34574689467748004,79.71962012008211,0.48513890902201334,102.23288721908933,0.4644219239552816,94.13028873732658,0.6078992207845052,83.28064089868342,0.5850796699523926
0.36510801315307617,0.2866624514261881,0.3793644905090332,0.4111774444580078,0.3634286165237427,0.4174139340718587,0.39088878631591795,0.5201083819071451,0.3577399730682373,0.4999365488688151,0.3826505184173584,0.6748018900553385,0.3634441614151001,0.6751022974650065,0.3655852794647217,0.278648296991984,0.37139655351638795,0.41429568926493326,172.97015464434793,175.5447082603679,176.38835484749808,174.4779079525901,87.5468898112262,0.34647199312845867,99.06029548489401,0.4571161190668742,79.562304167987,0.46720203558603923,88.13484961183187,0.5875194231669107,93.04843110878737,0.5974551359812419
0.37084410190582273,0.24199233055114747,0.36571779251098635,0.40609896977742516,0.3716982364654541,0.41052970886230467,0.39644131660461424,0.6092715581258138,0.36212644577026365,0.5925900141398112,0.38277277946472166,0.6706856409708659,0.36740520000457766,0.6799251556396484,0.3696524381637573,0.26276776790618894,0.3687080144882202,0.40831433931986494,179.26166710963128,176.5633252265745,176.26628380337738,164.38407655997878,90.37177606264558,0.33554105361302694,92.0454999758408,0.500452176729838,82.14247167386553,0.5087929487228393,86.541107906289,0.6362575848897298,102.54744343848789,0.6399785995483398
0.36951169967651365,0.30329806009928384,0.3883866310119629,0.44025739034016925,0.3536137342453003,0.45331974029541017,0.4048952102661133,0.5899438222249349,0.36075758934020996,0.599062156677246,0.383593487739563,0.6776516596476237,0.3680755853652954,0.6874899546305339,0.36727056503295896,0.28792848587036135,0.3710001826286316,0.4467885653177897,177.35102998454718,173.78056267134727,174.57304115548897,163.22648951826545,88.6550925830706,0.36735852559407556,93.8481701098914,0.5229253609975179,76.67932101874015,0.5183661937713623,85.26916856543556,0.6432760556538899,103.65118882098365,0.6337977409362794
0.3648439884185791,0.30434840520222983,0.3914490699768066,0.4225389798482259,0.3535355806350708,0.4483108838399251,0.41017985343933105,0.5869770685831706,0.3627497434616089,0.6350128173828125,0.3860845327377319,0.6639535903930665,0.37015883922576903,0.6828641891479492,0.36192744970321655,0.2837108612060547,0.3724923253059387,0.4354249318440755,177.07129887751893,175.07562055313372,170.65815160143126,159.21497492140037,86.01653849096716,0.3595678965250651,92.79458892924211,0.535218874613444,76.0351229839856,0.511201000213623,81.19846578643893,0.6589385032653808,107.381251749811,0.6254653294881185
0.3766429901123047,0.2734380722045898,0.3897857189178467,0.4220940907796224,0.3575545310974121,0.4376400311787923,0.41419205665588377,0.5846131642659506,0.36109075546264646,0.6135845820109049,0.3930487155914307,0.6835905075073242,0.37293391227722167,0.7066728591918945,0.3689311027526856,0.2692405780156454,0.3736701250076294,0.42986706097920735,177.387338396827,173.49304969228623,172.59710828903326,163.57423604707702,88.31007174413187,0.34955381949742637,93.9170002873898,0.5217258214950562,75.3259663739657,0.507240112622579,82.74949593078817,0.6601287206013997,102.05817387381869,0.6341018358866374
0.3805347681045532,0.30441433588663735,0.3946887254714966,0.44188543955485027,0.35768976211547854,0.4583955446879069,0.41912450790405276,0.5865060170491536,0.3687770366668701,0.6755205790201823,0.40364894866943357,0.688561757405599,0.37392606735229494,0.7187538146972656,0.3713804960250855,0.2866340796152751,0.37618924379348756,0.4501404921213786,178.49992851704033,171.56956907253092,172.72539967371134,164.80747229251358,88.31540824029663,0.3683872858683268,91.88364099532743,0.5628305355707804,72.52317040673438,0.5183232545852661,83.20812848602363,0.6971371968587239,98.62254574460033,0.6375338872273764
0.38675024509429934,0.2913209915161133,0.3959836483001709,0.4604700724283854,0.36083307266235354,0.4732290903727214,0.42554140090942383,0.5999418894449869,0.3611773490905762,0.6237675348917643,0.40125188827514646,0.7034400939941406,0.37648959159851075,0.7136211395263672,0.37807599306106565,0.2852776527404785,0.37840836048126225,0.4668495814005534,176.59155206775887,169.07710033320845,169.88345167454156,161.27754949417596,89.8951201912328,0.37606361707051594,96.26648843157345,0.5453085581461589,70.4990122093426,0.5333957354227702,80.328945248518,0.6686943372090657,103.20746552096502,0.6516909917195638
0.39114224910736084,0.2825530370076497,0.3965811014175415,0.454885196685791,0.3615278959274292,0.4726702690124512,0.426604175567627,0.5853305180867513,0.366642689704895,0.5996053059895833,0.42548789978027346,0.6629421869913737,0.37567601203918455,0.7041746139526367,0.3801471471786499,0.2837397893269856,0.3790544986724853,0.4637777328491211,177.22698279591603,167.392297725063,174.25753538038953,166.05240983635866,90.34772325245103,0.3737587610880534,95.22113974780004,0.5316915194193522,68.63528739754301,0.5245541254679362,85.06270507192988,0.65188995997111,90.82401889563451,0.6241363525390625
0.3901497840881348,0.2690296173095703,0.4031184196472168,0.456498908996582,0.3648850679397583,0.4711325963338216,0.4312299728393555,0.5715844472249348,0.3624136209487915,0.6053506851196289,0.43833045959472655,0.6902948379516601,0.3757668972015381,0.7087451299031575,0.38111534118652346,0.2825868765513102,0.3840017437934875,0.4638157526652018,174.64374705978395,166.1729333745582,170.71541466130316,169.9335338231294,89.08753665816029,0.373201314608256,98.67240197153697,0.5345832188924153,66.33518903901236,0.5177000999450683,82.64104848735349,0.6570479075113932,86.57701574219358,0.6309396425882975
0.39315626621246336,0.2638933817545573,0.40259785652160646,0.44632720947265625,0.3625748872756958,0.4608463287353516,0.42929625511169434,0.576513671875,0.36485793590545657,0.617866579691569,0.4455692291259766,0.67059752146403,0.37739877700805663,0.7099066416422526,0.38386698961257937,0.2805882612864177,0.38258637189865113,0.4535867691040039,177.06648504484195,167.9218405204299,171.0815553244948,173.62866120629863,90.42412302239067,0.36708751519521077,96.1593005446492,0.5357266743977864,69.19416197376535,0.515050220489502,82.24099223408345,0.6638866106669108,80.18706702588733,0.623555596669515
0.39223852157592776,0.2518048604329427,0.40195398330688475,0.45160598754882814,0.3648532390594482,0.46050532658894855,0.4339787483215332,0.5759128570556641,0.36423301696777344,0.6145883560180664,0.45819864273071287,0.6903851826985677,0.37924971580505373,0.7159412384033204,0.3862480640411377,0.2755438009897868,0.38340361118316646,0.45605565706888834,176.820125144228,166.15131628589432,170.65651276663417,174.24395068398445,90.90277536410343,0.36579972902933755,96.89502376126433,0.5353220065434774,67.12212228508957,0.5159842570622762,81.57222501171596,0.6652647972106933,78.05362156296054,0.6331490198771159
0.4038700103759766,0.2592130343119303,0.4059440612792969,0.4549163182576497,0.3693263530731201,0.4625680923461914,0.43673028945922854,0.5747142791748047,0.3653517961502075,0.608956782023112,0.4664005756378174,0.6918036778767903,0.3780529499053955,0.7098353703816732,0.39284472465515136,0.2758812427520752,0.3876352071762085,0.45874220530192056,176.2807051285096,165.40987752700556,170.63844466748967,175.5461885494835,91.63185541761402,0.36731172402699785,98.43794167810981,0.5338494936625162,67.05534031725125,0.5167282422383626,82.82391478598312,0.6593960762023926,75.78063421802081,0.6332589785257975
0.40842380523681643,0.2681650797526042,0.41283226013183594,0.45284941991170247,0.37290382385253906,0.46036068598429364,0.44121904373168946,0.5790269851684571,0.36674745082855226,0.5982992808024089,0.4701107025146484,0.6955676396687825,0.37957401275634767,0.7148947397867839,0.3944461107254028,0.28088266054789224,0.3928680419921875,0.456605052947998,174.54224160952035,167.3641736583119,170.7758035657885,176.01052100410834,90.5145288907896,0.36874385674794513,100.44491484884198,0.5274521668752035,68.44827217971384,0.5178160190582275,83.72218614840288,0.6565970102945964,76.07648584193866,0.6372973124186199
0.4149946212768555,0.25968526204427084,0.4198965072631836,0.4588589350382487,0.37934911251068115,0.46384010314941404,0.4447242259979248,0.5851154963175456,0.36954784393310547,0.5996752421061198,0.47035980224609375,0.6951311111450196,0.37843525409698486,0.7103223164876302,0.3993497610092163,0.2811584949493408,0.3996228098869324,0.4613495190938314,173.07888151135884,168.46818519780612,170.5435944728494,176.2822446366255,89.91317804871947,0.37125400702158606,102.26641772656619,0.5305123805999756,69.97781258595919,0.5232325077056885,85.40773913551357,0.654998779296875,76.88313417431465,0.6401233037312826
0.422601318359375,0.24533718427022297,0.4234821319580078,0.4440617561340332,0.3827160596847534,0.44765876134236654,0.4454225540161133,0.577542495727539,0.373476505279541,0.5924862543741862,0.46869673728942873,0.6933834711710612,0.3803529977798462,0.7127220789591472,0.4050183892250061,0.27972790400187175,0.4030990958213806,0.4458602587381999,174.33721706878092,169.90836546212694,171.8548636317858,176.51723978169971,90.66189707535663,0.3627940813700358,101.42162827181788,0.5191732565561931,72.18228436965802,0.5117013772328695,86.72672208981157,0.6526041666666667,78.63967013884589,0.6354629834493002
0.42413578033447263,0.2444613774617513,0.4280646324157715,0.4486667315165202,0.3892542600631714,0.45299205780029295,0.45273261070251464,0.5833368301391602,0.3776792049407959,0.592642339070638,0.4699265956878662,0.6940963745117188,0.37863383293151853,0.7111179987589519,0.41144995689392094,0.2817464192708333,0.4086594462394714,0.45082939465840655,173.8762426734002,169.3967989411162,172.95806948377447,174.6879539700227,90.94551192395795,0.36628790696461994,102.32314659454559,0.5217358668645222,71.60241085430086,0.5170831123987834,89.53834423583129,0.6518801689147949,81.17600414760257,0.6387166023254395
0.43134393692016604,0.263680378595988,0.4342611312866211,0.4563075701395671,0.3938746452331543,0.463072681427002,0.4606316089630127,0.5917866388956706,0.38014094829559325,0.5996845881144206,0.46802167892456054,0.6904534022013347,0.38064873218536377,0.7026997248331706,0.41781747341156006,0.28105085690816245,0.4140678882598877,0.4596901257832845,173.12086985272313,168.42755634161463,171.8872676888607,171.12372316802544,91.20244481498749,0.3703704913457235,103.62269958149017,0.5296873569488525,70.58256166469835,0.5257383823394776,89.71757899774973,0.6511921564737956,85.71658501750733,0.6411200205485026
0.43782901763916016,0.26829312642415365,0.43799924850463867,0.452253532409668,0.39879546165466306,0.45681978861490885,0.4627042293548584,0.5884140650431315,0.3827429056167603,0.6002031962076823,0.46927990913391116,0.6883291244506836,0.38078410625457765,0.7021519978841145,0.4224054932594299,0.2814628601074219,0.41839735507965087,0.4545366605122884,173.33942486510864,169.16740201649228,172.4634097721889,171.486989490966,91.32665001292969,0.36799976030985515,103.75373889355895,0.5273699283599853,71.68798157496894,0.52147536277771,91.10072043178145,0.6511775970458984,86.23464013157475,0.6383715947469075
0.4421998500823975,0.26412353515625,0.4424623966217041,0.44299898147583006,0.40299091339111326,0.4455469449361165,0.46036133766174314,0.5755554835001627,0.38738532066345216,0.5925111770629883,0.46921229362487793,0.6866209665934245,0.38360707759857177,0.7017512003580729,0.4268026232719421,0.2769168853759766,0.4227266550064087,0.4442729632059733,173.70978597631975,170.41558539738202,173.34179760041746,173.69812399239802,91.39516665953532,0.36059492429097495,103.40951300258251,0.5183920701344809,74.00402243333306,0.509914223353068,91.98087768338192,0.6471311887105307,85.44365224378126,0.6310882250467936
0.44498162269592284,0.2599419116973877,0.4479044437408447,0.4431513786315918,0.4065284729003906,0.4444075584411621,0.4666079044342041,0.5655699412027995,0.3925052881240845,0.5916119893391927,0.4677306652069092,0.69191099802653,0.3895637273788452,0.6979140599568685,0.43450590372085574,0.2714378436406453,0.42721645832061766,0.44377946853637695,174.2596916907536,168.30560584567715,173.15740150415252,171.2358972921632,92.42196662237406,0.3576086560885111,103.21372590830946,0.5176957289377848,72.07691563238036,0.5046747048695882,91.5850680663227,0.6447630246480306,89.4908404130869,0.6287404696146648
0.44596233367919924,0.25812497138977053,0.44750328063964845,0.44490362803141276,0.40868749618530276,0.4427546501159668,0.46831412315368653,0.5644077301025391,0.3961816310882568,0.5871620178222656,0.4674562454223633,0.6850720723470052,0.3966737985610962,0.687196413675944,0.4340689063072205,0.2735305945078532,0.42809538841247563,0.4438291390736898,174.33563742556356,168.26856092541763,172.36124526089003,170.32600950816658,92.00892556073036,0.3586798667907715,102.55242555315634,0.5154955784479778,71.5539879638194,0.5041184345881145,89.71810804435269,0.6371792157491047,90.40734440915688,0.6247399012247721
0.4495957851409912,0.29442516962687176,0.45522351264953614,0.43001124064127605,0.4147458076477051,0.4277740796407064,0.46605777740478516,0.5839506785074869,0.4025265693664551,0.5915215174357097,0.4678034782409668,0.680392328898112,0.40384793281555176,0.6860396703084309,0.4360065579414368,0.2724995454152425,0.4349846601486206,0.42889266014099126,174.70401332270328,174.17949347328639,172.29499049331665,173.60234486396985,90.37437452071232,0.3506961027781169,101.28700315740956,0.5102070887883505,78.66821342555536,0.5064216693242392,89.19905737737938,0.6387805938720703,88.9629960919303,0.6321715037027995
0.4525108814239502,0.28410488764444985,0.4591838836669922,0.42596219380696615,0.4178868293762207,0.4243160247802734,0.4689640522003174,0.587245496114095,0.4108564853668213,0.587638791402181,0.4707062244415283,0.6913717905680339,0.40984411239624025,0.6925418853759766,0.4405507564544678,0.2710542678833008,0.43853535652160647,0.42513910929361975,175.6918976335756,174.50369290203616,174.42874144344577,174.0684778978801,90.74937498496986,0.34809668858846027,99.66652373710916,0.5063889503479004,79.36882213183877,0.5061923027038574,90.55291884814774,0.6400903383890788,89.04145437695017,0.6393086433410644
0.4515430450439453,0.2510814189910889,0.4622190952301025,0.43341204325358074,0.4213217258453369,0.4343907674153646,0.46801257133483887,0.5840600967407227,0.410659122467041,0.5916067759195963,0.4669639587402344,0.6905033747355144,0.4142457008361816,0.6818729400634765,0.44482095241546626,0.27129863897959394,0.4417704105377197,0.43390140533447263,174.92804048279064,174.32772526562115,171.39076953772485,173.82816616621977,91.07478290363957,0.3526000221570333,101.15971453701192,0.5127540906270345,80.08693898427842,0.5089807510375977,87.72464282473234,0.6367398579915364,90.5644239227283,0.6372817357381185
0.45238747596740725,0.2451779842376709,0.46249704360961913,0.4452793121337891,0.4243048667907715,0.4403989791870117,0.4678697109222412,0.5738608042399088,0.4134389400482178,0.5709847132364909,0.46830925941467283,0.6923797607421875,0.4168076515197754,0.6774016698201497,0.4452409267425537,0.27040123144785566,0.4434009552001953,0.4428391456604004,172.87942631438426,173.6862843125525,171.71862756813655,174.51229968327647,90.61134236951477,0.356620188554128,103.16004758519526,0.5069119294484457,79.4216679766794,0.5083499749501545,88.18686304658355,0.6241931915283203,89.7875094517537,0.6331202824910482
0.45432229042053224,0.242539644241333,0.4661086559295654,0.44766248067220055,0.4282668113708496,0.44407256444295246,0.47263689041137696,0.6060084025065104,0.4168092727661133,0.600186538696289,0.4706160545349121,0.6957258860270182,0.4169917583465576,0.6801429112752279,0.4500937938690186,0.26903048356374104,0.4471877336502075,0.4458675225575765,174.60296738359023,174.79748036473146,172.52481829931048,173.3529060901255,90.94148827677556,0.35744900306065874,101.13656027658138,0.5230270306269328,80.97021880682856,0.5259379625320435,89.86923324445677,0.6401647249857585,91.29033703330953,0.6508671442667644
0.4524930477142334,0.19272583325703938,0.4708582401275635,0.47866423924763996,0.4317121982574463,0.4735514322916667,0.473926305770874,0.6438990275065104,0.4223665237426758,0.6326546986897786,0.47307257652282714,0.6991172790527344,0.4250856876373291,0.6901360193888346,0.4525347471237183,0.26770633856455484,0.45128521919250486,0.4761078357696533,174.25938829996875,175.5696712470551,170.31268508388246,173.53430187361218,90.34352833314063,0.3719070871671041,100.46618639879918,0.5543812672297159,82.31514875108692,0.5600034316380819,87.29163220266341,0.6613953590393067,90.88577932758899,0.6715081532796223
0.46042375564575194,0.1975061257680257,0.473087739944458,0.49933481216430664,0.4320813179016113,0.48789243698120116,0.4758946418762207,0.6414152145385742,0.42017111778259275,0.6207408905029297,0.46304917335510254,0.6989490509033203,0.42012038230896,0.6824947357177734,0.454541540145874,0.26622664133707685,0.4525845289230347,0.49361362457275393,171.23372058262203,174.29493815728074,170.2945872934416,164.49662385363234,90.49310524956287,0.3799201329549154,104.3038414829326,0.5571772575378418,81.03757822901913,0.5675144195556641,90.04707282350752,0.6516178131103516,102.58589774049427,0.6701821327209472
0.4609555721282959,0.17933882077534993,0.4689188480377197,0.5188043594360352,0.4282252311706543,0.5082468350728353,0.46943960189819334,0.6672107696533203,0.4151291370391846,0.6164560953776042,0.42911038398742674,0.6780159632364909,0.41880435943603517,0.6727374394734701,0.4540459871292114,0.2624722162882487,0.448572039604187,0.5135255972544353,168.27450596995652,174.44570449530312,165.6735765277427,111.74626470543959,91.24907460612525,0.38799890677134197,107.9993738478906,0.5649908463160197,82.26759657851305,0.5903681834538778,86.26383862164207,0.6445967674255371,165.0013093523412,0.6726133664449057
0.46472692489624023,0.19492618242899576,0.46943278312683107,0.4884114901224772,0.4274099349975586,0.4744834899902344,0.4705033779144287,0.659727414449056,0.41926302909851076,0.6260808308919271,0.4607729434967041,0.7017959594726563,0.4164099216461182,0.6801753997802734,0.45499153137207027,0.26338198184967043,0.4484213590621948,0.4814474900563558,174.22775764313718,175.18047227226856,173.86845250080404,163.76819464167585,91.72576259407298,0.3724147359530131,101.39814722248333,0.5537641604741415,82.93922031351522,0.5705874522527059,93.01915125860286,0.6531281153361003,103.0234607266367,0.6807616869608561
0.4606283664703369,0.18795955975850423,0.47031826972961427,0.4624414126078288,0.43200254440307617,0.45051167805989584,0.4728717803955078,0.6358681360880534,0.4210291862487793,0.6042606989542644,0.4706581592559814,0.6986239115397136,0.419143009185791,0.6885781606038411,0.45498058795928953,0.2581216812133789,0.4511604070663452,0.4564765453338623,174.0780989500591,175.81085144262025,173.42735718540956,173.37627482030112,91.103341663249,0.3572991132736206,101.52389704104948,0.5303686221440633,83.0991798365043,0.5461723407109578,91.28148976291456,0.6464194297790528,92.02018993254444,0.6672460238138835
0.46213555335998535,0.2237548351287842,0.46702775955200193,0.46433076858520506,0.43029203414916994,0.45205551783243814,0.46769118309020996,0.6360940297444662,0.42029528617858886,0.5987403869628907,0.4641763210296631,0.6872131983439128,0.41800403594970703,0.6792508443196614,0.456861424446106,0.26202248732248945,0.44865989685058594,0.4581931432088216,174.78787507937784,175.5522060034366,173.7348294748367,172.19069136207935,92.39403498686843,0.3601078152656555,101.40991653741823,0.5284667650858561,83.89389704259776,0.5471435864766439,91.63014281325265,0.638995615641276,93.93336393417103,0.6616536140441895
0.4597381591796875,0.20351160367329915,0.4662938594818115,0.45798781712849934,0.43056683540344237,0.44328533808390297,0.4661226749420166,0.5944019317626953,0.4200134754180908,0.5644181569417318,0.46689562797546386,0.6759787241617838,0.4199692249298096,0.6728642781575521,0.4540993452072144,0.25866685708363846,0.44843034744262694,0.4506365776062011,172.3384766210875,175.03522981196733,172.72512994464623,175.85833112590512,91.6914921607125,0.3546517173449198,104.02272462120483,0.5075273672739664,82.98423237402572,0.5225192546844482,90.02337903883303,0.618641217549642,89.4571296565245,0.6351903279622395
0.45811939239501953,0.23282313346862793,0.46250243186950685,0.44114793141682945,0.4256305694580078,0.4299186706542969,0.4692842483520508,0.6170047760009766,0.41831560134887696,0.5887191772460938,0.47097277641296387,0.6944939295450846,0.4211692810058594,0.6845721562703451,0.4569493532180786,0.2562352498372396,0.4440665006637573,0.4355333010355632,177.0855583698629,174.04690330497158,173.0415867487803,175.3165005268918,94.10973099326844,0.34588427543640143,99.54233656656977,0.5121262391408286,82.08869402249239,0.5262690385182699,88.2947267655251,0.6366456667582194,88.75169337930693,0.6557493527730306
0.4596731662750244,0.21743855476379395,0.46171059608459475,0.4404052734375,0.4248244285583496,0.43233613967895507,0.47241859436035155,0.5944775263468425,0.4174903392791748,0.578157615661621,0.472990608215332,0.6927396138509114,0.4184856414794922,0.6865505854288737,0.45527465343475343,0.2576121012369792,0.4432675123214722,0.4363707065582275,176.41875980940097,172.46677732077987,173.81685646279874,173.72025634131577,93.8427614012322,0.34699140389760336,100.30396048293575,0.5072641611099242,79.55336248665554,0.515424116452535,89.47390487705762,0.6323541005452473,89.66646740016807,0.643608570098877
0.46082797050476076,0.2318076769510905,0.46356706619262694,0.44053306579589846,0.4248962879180908,0.4323824564615885,0.4695990562438965,0.6141707738240559,0.41428704261779786,0.5998726526896159,0.46964054107666015,0.6923472722371419,0.4186450958251953,0.6846906661987304,0.45591676235198975,0.26271279652913415,0.4442316770553589,0.43645776112874346,176.6549352712659,174.10568279225348,171.17368559323552,174.35973774036495,93.84758995081049,0.3495852788289388,100.38385013917694,0.5181652069091797,81.87627822192883,0.5253142674763998,87.05865940522051,0.6422816594441731,89.96959565014673,0.6532590230305989
0.4593189239501953,0.23285107612609862,0.45923557281494143,0.4482683499654134,0.42242207527160647,0.4397328694661458,0.46984295845031737,0.6259497324625651,0.4140302658081055,0.6018722534179688,0.47048311233520507,0.698690923055013,0.41838579177856444,0.6787499745686849,0.45573348999023433,0.2591125249862671,0.44082882404327395,0.4440006097157796,177.3029533222375,173.14238310740757,171.2962394314471,173.86301353089826,94.6089055784763,0.35155656735102336,99.63406905851076,0.5229364315668742,80.9397311252692,0.5349751710891724,86.75736015244416,0.6403111139933269,89.49578541798802,0.662320327758789
0.4614127159118652,0.2327894369761149,0.45831894874572754,0.4503998120625814,0.42118058204650877,0.43814611434936523,0.4649819850921631,0.6197165807088216,0.4123173713684082,0.6044287999471029,0.4645545959472656,0.6934094111124675,0.4173737049102783,0.6810033798217774,0.4556858777999878,0.2656487226486206,0.43974976539611815,0.4442729632059733,177.57534868931756,173.31983087439477,170.82253103966875,173.98189595229823,95.09819362427676,0.35496084292729696,99.71962245433238,0.5243508815765381,81.81586668727446,0.5319947719573974,86.22215864714305,0.6427160898844402,90.3322890372618,0.6565629959106445
0.45655322074890137,0.24614165623982748,0.4576732158660889,0.45109513600667317,0.4200489044189453,0.4429929733276367,0.4640021324157715,0.6431193669637044,0.41268434524536135,0.6039836883544922,0.46295695304870604,0.7023441950480144,0.4126753330230713,0.6900541305541992,0.4531515121459961,0.2654709259668986,0.43886106014251713,0.4470440546671549,177.347550404313,174.33909052765367,173.8557817277699,173.59721590067437,94.50010564291713,0.35625749031702675,99.46946516979624,0.5255138715108236,82.69331713753884,0.5450817108154297,90.00599929878562,0.6470189094543457,91.01103123258613,0.6727317810058594
0.45479869842529297,0.26617395083109535,0.45720882415771485,0.45179303487141925,0.41619153022766114,0.44347610473632815,0.46994781494140625,0.6408041636149089,0.4109194755554199,0.6099451700846354,0.46797618865966795,0.6846230824788412,0.4097015857696533,0.6772010803222657,0.44979965686798096,0.26589099566141766,0.436700177192688,0.4476345698038737,177.42219844503302,173.31031189829784,174.32985165189413,169.9056895060059,94.12256241917156,0.3567627827326457,99.0252152216069,0.5287898699442546,80.23414625438194,0.5442193667093913,91.0374154286604,0.6435731252034506,92.57627813658476,0.6627136230468751
0.4568163871765137,0.2363228480021159,0.4577967166900635,0.45393810272216795,0.4175161838531494,0.4430330912272135,0.47114901542663573,0.6203164418538412,0.40961461067199706,0.5992724100748698,0.47070894241333006,0.6792247136433919,0.4078214645385742,0.6774477005004883,0.45219788551330564,0.2683551788330078,0.4376564502716065,0.4484855969746907,176.79771771020208,172.05251118608683,173.88987618605037,171.42003668439514,94.61532284763133,0.3584203879038492,100.53495240256295,0.5238790035247802,78.97043268822469,0.5344010194142659,91.31399183174118,0.638360055287679,90.42801896126925,0.6497705777486165
0.46157026290893555,0.2808435757954915,0.457871150970459,0.4520846048990885,0.4151130676269531,0.4444790204366048,0.4736660003662109,0.5898630777994792,0.4017362594604492,0.6112229665120442,0.4673877716064453,0.6389631907145182,0.4018801212310791,0.6408998489379882,0.4535022020339966,0.2692469358444214,0.4364921092987061,0.44828181266784667,176.56676976146875,168.88699769320726,169.53535584170578,163.50984605400924,95.42737687035323,0.35876437425613406,102.0409171531876,0.5297523895899454,75.28836110103968,0.5190724452336629,89.72225493205787,0.6260614077250162,97.28663510096722,0.6144131342569987
0.45810303688049314,0.24151638348897297,0.4510032176971436,0.46143773396809895,0.41088480949401857,0.44416700998942055,0.47022223472595215,0.6110998153686523,0.3963866949081421,0.5981159210205078,0.4691318511962891,0.6743686040242513,0.39473252296447753,0.6769943237304688,0.4513387680053711,0.2651711384455363,0.4309440135955811,0.4528023719787597,175.99495244434908,169.18922988240269,172.02620899916658,169.2335710962435,96.20346453459935,0.358986755212148,103.37714388347263,0.5254591464996338,76.06468349675008,0.531951093673706,91.20138310838092,0.6375551223754883,90.9873460743913,0.6427342096964518
0.4552775859832764,0.2567777474721273,0.45071864128112793,0.4425898234049479,0.4098049163818359,0.426944637298584,0.4726097583770752,0.5833786646525065,0.3933511018753052,0.5829547882080078,0.4728405475616455,0.6860903422037761,0.3864338159561157,0.7088464101155599,0.44833757877349856,0.26299800078074137,0.4302617788314819,0.43476723035176595,175.7646996015822,168.42716420269392,174.05979076178892,170.51308417393076,96.00729980753803,0.34888261556625366,103.98666503758795,0.5088610092798869,74.0946871286088,0.5090729475021363,93.14503180544372,0.6459005991617839,89.87125880625783,0.6347345034281413
0.4488976955413818,0.24475717544555664,0.4453886985778809,0.4496082941691081,0.4064937591552734,0.4358843803405762,0.4670426845550537,0.5875778198242188,0.38671002388000486,0.5916203816731771,0.4661734104156494,0.6941930135091146,0.37583911418914795,0.7145213445027669,0.4445811033248901,0.26652967135111494,0.42594122886657715,0.44274633725484214,175.3308480045149,168.15876663566613,174.60952126672066,170.44242070441985,96.03818839660566,0.35463800430297854,104.76293454498445,0.5171833594640096,74.15668739131651,0.5151620785395304,95.05480535166726,0.653070863087972,90.46714388536068,0.6408854166666667
0.4458287715911865,0.26756464640299477,0.44213356971740725,0.44126437505086263,0.402728271484375,0.4332711219787598,0.46573195457458494,0.5782543182373047,0.3850966453552246,0.5909726460774739,0.4683732032775879,0.6882076899210612,0.36615183353424074,0.7120335261027019,0.43419532775878905,0.270664389928182,0.42243092060089116,0.4372677485148112,175.06228062962748,168.78074588576231,177.3185386122425,171.00120986164282,94.03913762120477,0.3539660692214966,103.65251106783117,0.5141201972961426,72.92677070073738,0.5077610333760579,98.89407948370234,0.6515030860900879,88.62393209870142,0.6332310040791829
0.44417691230773926,0.2653059164683024,0.4384799003601074,0.4403787612915039,0.39975695610046386,0.42948249181111653,0.46250309944152834,0.5761313120524089,0.3802432298660278,0.5933793385823568,0.4677415370941162,0.6863637288411458,0.3611800193786621,0.7102720260620117,0.4319097876548767,0.2712371508280436,0.41911842823028567,0.4349306265513102,175.32659501141765,168.65006576697078,177.3793889499329,171.77577185369944,94.46813547484264,0.3530838886896769,103.78515125378698,0.5141549825668335,72.92014249362191,0.5055309693018595,99.2624274692288,0.6518256823221842,87.27925100656587,0.6312475204467773
0.4439545154571533,0.272434933980306,0.4335376739501953,0.45354315439860027,0.3941447973251343,0.44810682932535806,0.4592740535736084,0.5694465001424154,0.37547085285186765,0.589931042989095,0.46738176345825194,0.6902801513671875,0.3581894874572754,0.7089533487955729,0.4237702488899231,0.26965098381042485,0.41384123563766484,0.45082499186197916,173.15504678353622,165.79672668966612,176.09471182491066,171.2350481013562,93.136885028894,0.360237987836202,105.42074499668745,0.5203780174255371,69.04283148379199,0.5101357460021972,98.26129262144754,0.649442195892334,86.16131524567278,0.6298633257548014
0.4398447036743164,0.27952696482340494,0.4260860919952393,0.45216487248738607,0.388578987121582,0.4408812204996745,0.4514185428619385,0.570159912109375,0.37209115028381345,0.5796018600463867,0.4674086093902588,0.6914777755737305,0.35641939640045167,0.7123042424519856,0.4195592164993286,0.272187081972758,0.40733253955841064,0.44652304649353025,173.94537399756567,166.47785213130143,175.89103378735587,173.7284635865965,94.01174713669538,0.3593550642331441,104.83237199949183,0.5130624532699585,70.3749591525963,0.5083414793014527,96.73526353485012,0.6459530512491862,82.49152013281794,0.6308188438415527
0.42552943229675294,0.27385263442993163,0.4201039791107178,0.446806526184082,0.3802878618240356,0.4470484415690104,0.4501697540283203,0.5704394022623698,0.3663144111633301,0.5822205225626628,0.4678521156311035,0.6907546361287434,0.35752665996551514,0.7172754923502604,0.40498340129852295,0.27610149383544924,0.40019592046737673,0.44692748387654624,173.14001903730124,166.69921038745613,174.75381521387018,172.85267247591787,91.60532167834265,0.36151448885599774,104.05945839987082,0.5145740032196044,67.97138081939764,0.508683443069458,93.7228713215323,0.6497480074564617,81.63926711192333,0.6305970191955566
0.42322282791137694,0.2798484166463216,0.40781240463256835,0.4499702453613281,0.3717714548110962,0.45142720540364584,0.43895649909973145,0.5676259994506836,0.36674933433532714,0.5930805206298828,0.46522016525268556,0.6909791310628255,0.35855438709259035,0.7219511032104492,0.3992730021476746,0.27861967086791994,0.3897919297218323,0.450698725382487,176.71206753255788,165.01304052123356,177.06930047536534,174.59163027310467,93.15364787394894,0.3646591981252035,99.19285403897574,0.5218896230061849,67.19464109581743,0.5091623624165853,93.63856914587143,0.6575158119201661,77.98038145438254,0.6293025652567545
0.4154709815979004,0.2933714230855306,0.4016571044921875,0.4432968775431315,0.3620052099227905,0.44804197947184243,0.43448691368103026,0.5716588338216145,0.36130855083465574,0.5924086888631185,0.4633172512054443,0.6942230224609375,0.3587340831756592,0.7260623931884765,0.3912682175636292,0.28592236836751306,0.381831157207489,0.445669428507487,177.62143194977006,165.91910131899976,176.39446026206494,175.0855732560654,93.3808199644263,0.36579589843750004,97.9616103018593,0.5190390586853028,67.31809788802366,0.5086641311645508,91.10350770245824,0.6592355410257975,76.76315447304871,0.632940928141276
0.4144777297973633,0.27397918701171875,0.39771499633789065,0.4560527801513672,0.35837066173553467,0.4614103635152181,0.4300826549530029,0.5844971338907877,0.3592383861541748,0.6043372472127279,0.4635432243347168,0.6941040674845378,0.3589374303817749,0.7316515604654948,0.3798289775848389,0.2893449624379476,0.37804282903671266,0.4587315718332926,176.38121171559564,167.18371681696976,176.1310583627098,177.01242987590692,90.604150356955,0.3740382671356201,97.35880972858952,0.5315344095230102,67.52099204209371,0.5216143528620402,90.13544010111426,0.6679944038391114,73.0237303292144,0.6393006006876627
0.4086182117462158,0.2661947250366211,0.3885804653167725,0.45485353469848633,0.3492684602737427,0.4574695905049642,0.4229284763336182,0.570889409383138,0.3539417266845703,0.5934183756510417,0.4569331169128418,0.6974906285603841,0.35752980709075927,0.718297004699707,0.38085120916366577,0.28390105565389,0.3689244627952576,0.45616156260172525,178.7391584499156,163.1340586667892,175.86520007880682,174.99853364025407,93.96064913264549,0.37003130912780763,96.22965133106518,0.5247899691263835,64.79297325066496,0.5135254859924316,88.35419943280573,0.6558576901753743,74.96540363447347,0.6341900189717611
0.4033200740814209,0.2806642214457194,0.3819128513336182,0.446306037902832,0.3427045106887817,0.448322327931722,0.4143041133880615,0.5654325485229492,0.35084807872772217,0.5835590362548828,0.4461833477020264,0.687571398417155,0.3565995454788208,0.7209391911824544,0.36763952970504765,0.28769669532775877,0.36230868101119995,0.447314182917277,178.44002629848293,165.77864727063312,176.40740022704196,175.38402756791538,91.91283330450169,0.3675054391225179,94.80826915576306,0.5154366095860798,66.241016304601,0.506373365720113,87.60269270834675,0.6522491137186686,75.37169228484942,0.6265019734700521
0.4010869026184082,0.2795875549316406,0.3781864643096924,0.4438421885172526,0.3393783330917358,0.4501611391703288,0.405033016204834,0.5522861480712891,0.34768855571746826,0.5851527531941731,0.4353798389434814,0.6822644551595052,0.35704941749572755,0.7209026336669921,0.3702370047569275,0.28347101211547854,0.3587823987007141,0.4470016638437907,179.68335396334632,163.65998570282812,175.69280980929142,175.1074362002875,94.00677407876205,0.3652363379796346,94.5911282305637,0.516077208518982,66.28450659356692,0.4996439059575399,86.05531741259935,0.6530276934305826,76.85822266072205,0.6172753016153971
0.39284801483154297,0.28038403193155925,0.37450180053710935,0.44684985478719075,0.33708040714263915,0.45689318974812826,0.4037202835083008,0.5665292104085287,0.34546575546264646,0.595727284749349,0.42102575302124023,0.6830273946126302,0.356036114692688,0.7255837758382161,0.3611621618270874,0.2860969066619873,0.3557911038398742,0.4518715222676595,178.79666422884054,165.94341329612274,175.39765351127565,172.68970448651606,91.85572042141277,0.3689842144648234,94.10540446294196,0.5237994035085043,67.31410851913535,0.5092003663380941,85.34636576705323,0.6606555302937825,81.55066392373706,0.6247783025105794
0.38492956161499026,0.28292455673217776,0.37029829025268557,0.44825785954793296,0.33400237560272217,0.4589323361714681,0.4001244068145752,0.5645848592122396,0.344338583946228,0.585438855489095,0.4075459480285645,0.6866526285807292,0.35531771183013916,0.7268365224202474,0.35953209400177,0.28125473658243816,0.35215033292770387,0.45359509785970054,179.4686426251442,164.77733418837522,176.22418927000857,170.1086539430989,92.45261985753822,0.36742491722106935,93.39081350589845,0.5195169766743978,66.62412934766792,0.50908997853597,85.56005382380397,0.6561376889546713,86.52078341336951,0.6256187438964844
0.373586630821228,0.2918495814005534,0.37019853591918944,0.4613903045654297,0.33372452259063723,0.4762601216634115,0.40233588218688965,0.5910755157470703,0.34515492916107177,0.6147337595621745,0.3985863924026489,0.6816799163818359,0.3558885335922241,0.7318775177001953,0.35320339202880857,0.28456228574117026,0.3519615292549133,0.4688252131144206,178.7255020335874,166.7121906566628,175.6200247924178,165.27503236527227,90.38614614126908,0.37669374942779543,92.67089857329299,0.5417794863382975,67.6054428930064,0.5299503644307455,84.76474218068752,0.6733056386311849,92.36972407455654,0.636377716064453
0.36950268745422366,0.29906339645385743,0.36807281970977784,0.44753185907999676,0.3331273555755615,0.4601043701171875,0.39350898265838624,0.5872795740763347,0.3497265338897705,0.6157816569010417,0.38215179443359376,0.6669652303059895,0.353635311126709,0.7220043182373047,0.3514086127281189,0.2828085422515869,0.3506000876426697,0.4538181145985921,179.98041538996378,170.04958421662832,178.54100594972275,163.46833158235097,90.27088968891738,0.3683133284250895,90.30902298867669,0.5347998857498169,72.17699882582282,0.5205488443374634,87.89258306794902,0.6688929875691731,98.11144471404837,0.6271224021911621
0.3716336488723755,0.2667606989542643,0.36322219371795655,0.4335280418395996,0.33021044731140137,0.4394084612528483,0.3862858057022095,0.5822672526041667,0.34761226177215576,0.5875556310017903,0.3667188882827759,0.6923123041788737,0.35020761489868163,0.7150072733561198,0.3520012736320496,0.2696922461191813,0.34671632051467893,0.43646825154622393,178.8691610246505,171.0752394011669,179.55154783982005,165.4472673962213,91.8150345482098,0.3530802488327026,89.66024262755928,0.5120119412740072,74.81582056225828,0.5093677520751954,88.8334223969566,0.6512814521789551,100.0822901048728,0.6372897783915201
0.3707625150680542,0.27667392094930016,0.3583036184310913,0.4363152503967285,0.32680912017822267,0.4461894353230794,0.3786410570144653,0.5645853678385416,0.3440220355987549,0.5914066950480144,0.35818674564361574,0.6883157094319662,0.35226686000823976,0.7201616923014323,0.3492464065551758,0.27110569477081303,0.342556369304657,0.441252342859904,178.50629186631812,169.41123432164594,178.33006898166516,166.99314982425705,92.25166674355121,0.3561790188153585,89.44074997023291,0.5163295189539592,73.69161765210143,0.5029188553492228,86.33606807236235,0.6557841936747233,99.38687738876482,0.6264505386352539
0.3706262826919556,0.2650594234466553,0.3523141145706177,0.4449048360188802,0.3328550338745117,0.45356391270955404,0.3734599113464355,0.5709116617838542,0.3422228336334229,0.6059466044108073,0.35212054252624514,0.6890240351359049,0.3507936239242554,0.6997016270955404,0.3554128646850586,0.2705409526824951,0.3425845742225647,0.4492343743642171,177.88022535523004,169.20018146569606,176.65391143843019,167.4815025730661,94.106184284611,0.3598876635233561,90.13225625223085,0.5275904893875122,75.76183670793286,0.5100730180740356,84.77671754949031,0.6528241157531738,100.24115577462987,0.6299678484598796
0.3654524803161621,0.26600446701049807,0.3456718444824219,0.4379971186319987,0.33026721477508547,0.4410659154256185,0.3646887540817261,0.5587871551513672,0.34000582695007325,0.5686378479003906,0.3574307918548584,0.7007482528686524,0.3579751491546631,0.7144750595092774,0.35364730358123775,0.27424877484639487,0.3379695296287537,0.4395315170288086,176.44330283891102,169.59367121328646,177.13736735131715,172.81242158239948,95.41853738737655,0.3568901459376017,89.09639156754193,0.5040846824645996,77.37143581724648,0.4991593360900879,82.97570901310323,0.6415564537048339,92.92677955627363,0.6297677040100098
0.3638742446899414,0.2747495651245117,0.3428966045379639,0.44830121994018557,0.31746249198913573,0.4418465614318848,0.3369640827178955,0.5671772638956706,0.33861479759216306,0.5653444290161133,0.31522598266601565,0.6735612233479817,0.3576723575592041,0.7208254496256511,0.34160116910934446,0.27672474384307866,0.3301795482635498,0.4450738906860352,175.39527133837132,175.90504390104473,178.70567197104174,172.1958100363194,93.88127518715902,0.36089931726455693,85.9880943051837,0.5052091598510742,86.81969566584306,0.5061255772908528,83.01201994009314,0.6430849393208822,101.54862551827601,0.6203692436218262
0.35909442901611327,0.2779577891031901,0.3381296873092651,0.45033324559529625,0.3158055305480957,0.44239943822224936,0.3371838092803955,0.5829617818196614,0.3379232406616211,0.5842711766560872,0.3053178548812866,0.6769927978515625,0.35509462356567384,0.7277030309041341,0.3377714157104492,0.2785351594289144,0.3269676089286804,0.4463663419087728,175.48621943251996,175.612124232526,178.88240331838568,166.64196216452277,93.68322263870854,0.3624507506688436,85.45776701696629,0.51531875928243,85.72271681599018,0.5146640618642171,83.17315194395964,0.6559871037801106,108.72088738085901,0.629977289835612
0.360238242149353,0.2630747318267822,0.3355097770690918,0.4454668045043945,0.3150968313217163,0.4437769254048665,0.3236121416091919,0.5861646016438802,0.3376160621643066,0.586872418721517,0.29856371879577637,0.6877967834472656,0.35601582527160647,0.727759043375651,0.33443760871887207,0.2749864339828491,0.32530330419540404,0.4446218649546305,175.63687382480254,178.69210237024708,178.75009226348513,172.42977914862038,93.08221080134689,0.35980414946873984,85.05298845479392,0.5157471418380737,90.68454143573805,0.5153932332992553,82.55929634920729,0.657315731048584,103.84527151273672,0.6369806925455729
0.3587820291519165,0.27057272593180337,0.3342647314071655,0.45338109334309895,0.3139681577682495,0.4538269360860189,0.32352356910705565,0.5845667521158854,0.3383255243301392,0.594752311706543,0.29880647659301757,0.6883883794148763,0.35656588077545165,0.7264134089152018,0.3304960012435913,0.28131084442138676,0.3241164445877075,0.4536040147145589,175.68243588548918,178.942272081592,178.895640268286,172.76150234044565,92.12054117959603,0.36745742956797284,84.25152961607257,0.5241781632105509,90.25937935810703,0.5190853834152221,82.11243780854413,0.6605828603108723,103.39127432163664,0.6364775657653808
0.35499413013458253,0.26942303975423176,0.3306057691574097,0.4579816182454427,0.3096309661865234,0.45669329961140953,0.3133917093276978,0.5846227010091146,0.33887534141540526,0.5862096786499024,0.28971147537231445,0.6919412612915039,0.35845355987548827,0.7210540771484375,0.32618849277496337,0.2808355808258056,0.32011836767196655,0.45733745892842614,174.0979163170882,179.3870089151532,179.99024163552278,174.9417744341145,91.96969874830995,0.3690865198771159,81.71891591573666,0.5217735687891643,93.02510278934469,0.5209800799687704,81.73888434829213,0.6536318778991699,102.44313702030398,0.6382819811503093
0.3506539583206177,0.2722487767537435,0.3266280651092529,0.4541288375854492,0.30782690048217776,0.4547735214233398,0.3241663217544556,0.5832806269327799,0.3362224578857422,0.5920530319213867,0.28448121547698973,0.6933404286702474,0.35796303749084474,0.7268964131673177,0.3241177797317505,0.28343559900919596,0.31722748279571533,0.4544511795043945,174.38650991198932,176.92626612000984,179.3448851662695,167.97712814225875,92.30722557419824,0.36894338925679526,82.14039035842562,0.5232521057128906,86.91699048510941,0.5188659032185872,80.84111217748492,0.6594747225443522,109.82817136942293,0.6383105278015136
0.3506795644760132,0.26376654307047526,0.3206423997879028,0.45685434341430664,0.30972511768341066,0.45885899861653645,0.3298638105392456,0.5862211227416992,0.33486487865448,0.5907297134399414,0.2831148386001587,0.698741340637207,0.35908799171447753,0.7242928187052409,0.3251821517944336,0.2851524353027344,0.31518375873565674,0.45785667101542155,173.38952923568266,174.36675306775723,179.07782129021538,165.0216790112085,93.31333506025494,0.37150455315907793,81.57462393939562,0.5242931922276814,83.47586776204648,0.5220388968785604,79.72052242860151,0.6575112660725911,112.56150433482597,0.6424812316894531
0.34653439521789553,0.2660127957661947,0.30857138633728026,0.45967413584391276,0.315151309967041,0.4685943603515625,0.3005023241043091,0.5791862487792969,0.33696918487548827,0.5964667638142903,0.2772822380065918,0.7091064453125,0.35830676555633545,0.7268704732259115,0.32742851972579956,0.28830095926920574,0.3118613481521606,0.4641342480977376,171.03008550961167,179.6500822393822,179.26785117215823,177.90127744006725,95.05941591770551,0.3762176036834717,79.25680213684885,0.530300505956014,95.63850934574374,0.5216602484385173,80.70720837808913,0.6616686185201008,100.13324081030262,0.6441463470458985
0.342811131477356,0.2689731280008952,0.29868288040161134,0.4511805852254232,0.3104579210281372,0.4608228047688802,0.2947366952896118,0.5762213389078776,0.3325248956680298,0.5921193440755208,0.27419390678405764,0.7139340082804362,0.35870330333709716,0.7295503616333008,0.3192990303039551,0.2857573350270589,0.3045704007148743,0.4560016949971517,170.8664899508583,179.8426897099905,179.59101565926275,178.23241383230175,94.94461184094733,0.3708795150121053,78.39452539760114,0.5240605195363363,94.67625926786089,0.5161115169525147,79.21527126307,0.6608348528544108,98.48432808576871,0.6450776735941569
0.333336329460144,0.27346452077229816,0.29299972057342527,0.45634854634602867,0.3095172643661499,0.4636764208475749,0.2888171195983887,0.5812302271525065,0.32973852157592776,0.5971227645874023,0.2756585836410522,0.7047321955362956,0.3553215980529785,0.7286935170491536,0.3094711661338806,0.2863110065460205,0.3012584924697876,0.4600124835968018,171.9964531136301,178.14592628439183,179.62654201099164,179.8902952705892,92.7069509586906,0.37316174507141114,78.26560250513556,0.528567624092102,95.86012215335766,0.5206213553746541,78.99651176339219,0.662908140818278,96.08164409584428,0.6429812113444011
0.33134329319000244,0.2637190024058024,0.28331499099731444,0.4519750912984212,0.30477266311645507,0.45756785074869794,0.28399612903594973,0.5801526387532552,0.32719480991363525,0.595361836751302,0.272973895072937,0.7062683741251627,0.3551157474517822,0.7292626698811849,0.30707541704177854,0.28505715529123943,0.29404382705688475,0.4547714710235596,170.4418306840476,179.8902413733194,179.23501083727902,179.79411643112968,94.39086617536144,0.36991431315739953,76.73210579442218,0.5250666538874308,94.58173321248702,0.5174620548884074,78.22148745090593,0.6623122533162435,94.99483167127367,0.643210506439209
0.3334080457687378,0.28894268671671547,0.2865494728088379,0.45683170954386393,0.29611773490905763,0.46415554682413734,0.27939233779907224,0.582745107014974,0.3268322467803955,0.5981216430664062,0.2730022192001343,0.7130665461222331,0.35454697608947755,0.7276304880777995,0.31003321409225465,0.2942009925842285,0.2913336038589478,0.46049362818400064,168.7006055133212,179.51723603126715,178.76585415720066,178.65599754932757,96.41595887315118,0.37734731038411456,75.53683489964942,0.5293076356252034,95.57883306697074,0.5216193675994873,77.92096454496154,0.6628760655721029,92.80716532027209,0.6479058265686035
0.33355283737182617,0.29013563791910807,0.2736485481262207,0.457670783996582,0.2901273250579834,0.4683556874593099,0.27819089889526366,0.5833152770996094,0.32621450424194337,0.5970978418986003,0.2727402925491333,0.7165173212687175,0.354400110244751,0.727889887491862,0.30454819202423095,0.29427947998046877,0.28188793659210204,0.46301323572794595,165.79928322176298,176.549804764006,176.85113964214213,179.7233831685192,97.64882547337572,0.37864635785420736,71.70680877353635,0.530055538813273,91.76021960047674,0.5231642564137777,77.83877391065529,0.6624938646952312,92.34322685953728,0.6499162991841634
0.33146986961364744,0.2892634709676107,0.2705653429031372,0.44707953135172523,0.2853132486343384,0.4573966026306152,0.2757121086120605,0.5811662038167318,0.3234853744506836,0.5910473505655924,0.27290074825286864,0.7195276260375977,0.35143318176269533,0.7274267196655273,0.3030411720275879,0.2881587505340576,0.27793929576873777,0.4522380669911702,165.69577173284384,175.66105400410387,176.62826435741258,179.9158968672812,98.69802530932917,0.3701984087626139,71.8343108405784,0.5216427087783813,90.98966553253311,0.5167021354039509,78.41889082846468,0.6592370351155599,91.16403054018552,0.6503469149271648
0.33443825244903563,0.30505021413167316,0.2735156536102295,0.43629372914632164,0.2767069101333618,0.4430088996887207,0.2756920099258423,0.5735171000162761,0.31712462902069094,0.5714056650797527,0.27261335849761964,0.7133514404296875,0.34619295597076416,0.7185100555419922,0.30593181848525997,0.2913337548573812,0.2751112818717957,0.43965131441752114,164.60230144851033,173.63476098664233,176.8775537779636,179.26165111123439,101.73905389652762,0.3654925346374512,72.31374734784451,0.505528489748637,89.75144464534164,0.5065842072168987,78.82216217379013,0.6449578603108724,91.26124413009853,0.6434342702229818
0.33357222080230714,0.28331193923950193,0.2756273031234741,0.41369336446126304,0.2766799211502075,0.42124160130818683,0.27179081439971925,0.5747643788655599,0.32576918601989746,0.6007818857828776,0.27280545234680176,0.717404301961263,0.3418643712997437,0.710521380106608,0.3084887504577637,0.26475003560384114,0.2761536121368408,0.4174674828847249,167.79911487114293,174.83778270247595,175.70567062865084,178.9528863054245,101.9547791777463,0.341108759244283,74.85527300598338,0.5091246843338013,91.5887524383254,0.4961159308751424,81.65607803252377,0.6556516329447428,89.59244585696132,0.6460843404134115
0.33343350887298584,0.25916956265767416,0.2772112607955933,0.43574415842692055,0.27251975536346434,0.4359365145365397,0.2720814228057861,0.5827641169230143,0.32376656532287595,0.5974831263224284,0.274397087097168,0.7191337585449219,0.3348152875900269,0.7206596374511719,0.3098870158195496,0.2603725830713908,0.2748655080795288,0.43584033648173015,165.52575431868013,174.39727250109092,173.2393041310903,178.9324283426091,101.28731116737976,0.34810645977656046,73.16809825462855,0.5166617314020793,91.08557816192724,0.5093022267023722,84.87438378473762,0.6590713818868001,89.02716587894209,0.6509489377339681
0.3355740785598755,0.2780294418334961,0.2746140956878662,0.42828009923299154,0.26945450305938723,0.4285531997680664,0.2745471954345703,0.5760705947875977,0.31567585468292236,0.5595617930094401,0.2749573469161987,0.7200965245564779,0.3126391887664795,0.7232909520467122,0.30976296663284303,0.2708741108576457,0.2720342993736267,0.42841664950052893,162.767318760053,172.44289607345124,171.09700775534446,179.58899821900349,103.46768955132022,0.3496453801790873,71.59395325659223,0.4939892212549845,89.02498751292468,0.5022436221440634,91.06253642331943,0.6414263725280762,89.83683573249505,0.6480835596720378
0.33358442783355713,0.30830790201822916,0.2667453527450562,0.42723096211751305,0.2680551290512085,0.42452818552652993,0.2745326519012451,0.5764617919921875,0.31487987041473386,0.561072031656901,0.2749783039093018,0.7243125915527344,0.31826143264770507,0.7062625885009766,0.30858454704284666,0.2941229979197184,0.2674002408981323,0.42587957382202146,161.999637491576,170.41115230357272,171.05261213147398,178.71811026874386,107.35813529608308,0.36000128587086994,70.64871064183053,0.49347580273946123,87.28818012469068,0.5011706829071045,88.66579323916096,0.6336673100789387,89.82729953479705,0.650387191772461
0.3385903835296631,0.2994924863179525,0.25789518356323243,0.43853527704874673,0.27659218311309813,0.4396657625834147,0.27397515773773196,0.580674425760905,0.31766674518585203,0.590579605102539,0.27281105518341064,0.726237932840983,0.30230515003204345,0.7366106033325195,0.3096970319747925,0.2856126626332601,0.2672436833381653,0.4391005198160807,163.0858445209141,170.37482145350575,167.27362198209673,178.43102157737374,105.46096130200193,0.3623565912246704,71.58887235751712,0.5148400624593099,87.27778352064378,0.5098874727884929,96.00509090506725,0.6635951042175292,90.45819685697398,0.653456179300944
0.3428408861160278,0.27609710693359374,0.26398649215698244,0.4211522102355957,0.2725086688995361,0.42555961608886717,0.27587690353393557,0.5844954172770183,0.3146404981613159,0.5888696670532226,0.27341628074645996,0.7279573440551758,0.3017465591430664,0.7348381042480469,0.31396173238754277,0.27863443692525225,0.26824758052825926,0.4233559131622314,164.46736188957172,170.19153898682566,168.81355553153077,178.04523012829813,107.53011619709696,0.35099517504374184,74.34200426321847,0.506112790107727,87.2892940168276,0.5039256652196249,95.04804838416747,0.6618538856506347,90.98262641081105,0.6562263806660971
0.34075376987457273,0.2847001075744629,0.27000114917755125,0.43338759740193683,0.2727885007858276,0.43290411631266273,0.2818492650985718,0.5877332051595052,0.31102709770202636,0.5809511184692383,0.27767493724823,0.7161035537719727,0.3082310676574707,0.7121176401774089,0.31336394548416135,0.29216996828715003,0.27139482498168943,0.4331458568572998,164.5262501567726,170.0448738577315,171.25684512798327,176.86607668314352,106.57849191320659,0.3626579125722249,74.98988357885789,0.507048487663269,86.13108950141205,0.5104395310084024,91.2211687894132,0.6465343793233236,91.86247932933755,0.6519183794657389
0.34864249229431155,0.2875909169514974,0.2694475889205933,0.4334104855855306,0.26794674396514895,0.4349177360534668,0.29307420253753663,0.5492988586425781,0.3092145204544067,0.57499205271403,0.2836404085159302,0.7046454747517904,0.3130840539932251,0.7141192118326823,0.3192121863365174,0.29288474718729657,0.2686971664428711,0.4341641108194987,161.91937000288254,162.22509784261584,172.5838978734173,173.36264831254059,109.67471988022619,0.36352442900339765,73.94903892195644,0.5045780817667643,78.04553042725574,0.4917314847310384,88.40684737379493,0.6445556322733561,93.47515523857793,0.6269721666971843
0.3512641668319702,0.32581040064493816,0.26830639839172366,0.4143108050028483,0.2666904926300049,0.4155044873555501,0.2942157983779907,0.5521753946940104,0.30378127098083496,0.5457732518513997,0.2852809429168701,0.7080231348673502,0.31616337299346925,0.7113850911458334,0.30649117231369016,0.3050673961639404,0.26749844551086427,0.4149076461791992,163.85881246306096,166.14194492125864,174.9541888507232,173.2470665605461,109.54460200307446,0.3599875211715698,74.50382938446707,0.48034044901529943,78.98584086812444,0.4835415204366048,85.72419039447314,0.6285791714986165,93.28121370543201,0.6300992647806803
0.36001036167144773,0.30200325647989906,0.2646754264831543,0.4139369010925293,0.2641397476196289,0.4176108042399089,0.29732868671417234,0.553453000386556,0.3066233158111572,0.5534295399983724,0.28712942600250246,0.6987290064493815,0.31334667205810546,0.7020569483439127,0.33639671802520754,0.29365774790445964,0.26440758705139156,0.4157738526662191,156.4121175100777,158.00017874584648,172.88934148990174,171.39296763642574,120.5199371024023,0.35471580028533933,72.95046760925293,0.4846016963322958,76.55224104622526,0.4846134265263875,87.40991582965766,0.6277432441711426,94.01592342095391,0.6260910034179688
0.3608833312988281,0.34393161137898765,0.28350756168365476,0.38319918314615886,0.28169889450073243,0.3765614827473958,0.3037789106369019,0.5204536120096842,0.3108006715774536,0.5102330843607584,0.30032670497894287,0.6391342798868815,0.305026912689209,0.6548938115437826,0.33786574602127073,0.31138571103413903,0.2826032280921936,0.37988033294677737,160.0431585167226,162.17334998059155,173.0530046562745,174.422990995767,128.8971248950485,0.3456330219904582,77.79404530171908,0.4450567086537679,81.43348544927728,0.4501669724782308,92.28559975534566,0.5825634479522706,91.66616062464716,0.5797939459482828
0.3648139476776123,0.36657114028930665,0.27839274406433107,0.40577144622802735,0.2623120307922363,0.42655442555745443,0.3131406307220459,0.521109422047933,0.3001627683639526,0.555966313680013,0.3119982719421387,0.6744298934936523,0.31382391452789304,0.6912921269734701,0.3364538311958313,0.3320379892985026,0.2703523874282837,0.4161629358927409,158.75741422341537,150.78924821610124,176.78574487320083,170.4129407310074,128.1586041960155,0.37410046259562174,77.9630459948335,0.48606462478637696,67.8185470693202,0.46863617897033694,84.23551765077733,0.6236292203267415,90.42689097562555,0.5977696577707927
0.36995322704315187,0.385747750600179,0.27927050590515134,0.40423243840535483,0.2661609172821045,0.4196012496948242,0.32166247367858886,0.52333984375,0.29867217540740965,0.5596842447916667,0.31594526767730713,0.6625158309936523,0.313489031791687,0.7022158940633138,0.34234575033187864,0.3283007462819417,0.27271571159362795,0.41191684405008955,159.34838916470719,150.23129189189135,177.939802187551,167.86019410657084,129.78532812045137,0.37010879516601564,80.03720165564293,0.4858005444208781,66.28470285995182,0.46762834390004476,84.06514307106762,0.6309500694274902,92.35232894824537,0.5929278373718261
0.36833646297454836,0.36227486928304037,0.29051339626312256,0.36996723810831705,0.28093371391296384,0.36767148971557617,0.3157480478286743,0.4960506439208984,0.3080946922302246,0.4912508646647135,0.3115666151046753,0.6445873896280925,0.311480975151062,0.6945855458577473,0.3512204766273499,0.3218910217285156,0.2857235550880432,0.3688193639119466,155.35875812773583,155.209655099138,176.4332890727576,173.03377626283174,144.37851897754052,0.3453551928202311,79.64493926395247,0.4300351142883301,76.72205495037319,0.43243500391642253,89.04589918200651,0.5929182052612304,91.61249790516888,0.5703190167744955
0.34304537773132326,0.32618236541748047,0.3045612573623657,0.351304562886556,0.2986817598342896,0.35983193715413414,0.29924955368041994,0.4578753789265951,0.303374719619751,0.460695743560791,0.33005709648132325,0.6633328755696615,0.31852164268493655,0.6909781138102213,0.3566467046737671,0.32690725326538084,0.30162150859832765,0.3555682500203451,157.3330779051367,157.66257290760876,179.12126127276207,176.75105283597802,152.48632610532474,0.34123775164286296,89.04456695688077,0.40813199679056805,91.32814462431809,0.4067218144734701,86.236766029402,0.5758369286855062,81.47225675548957,0.5606041272481282
0.3556915044784546,0.33520294825236,0.29635593891143797,0.3836305300394694,0.28008744716644285,0.390554936726888,0.31143124103546144,0.5028117179870606,0.30490057468414306,0.4929801940917969,0.3333220720291138,0.6699705123901367,0.32063884735107423,0.6927218755086263,0.3476629972457886,0.3344003518422445,0.2882216930389404,0.38709273338317873,155.95724974496795,156.51730708469205,178.45065403532033,178.40223664031058,138.44427176640446,0.3607465426127116,81.0485930648991,0.44003646373748784,78.65876783525545,0.44495222568511966,85.49479400730277,0.5928510348002116,82.53910064110019,0.5863911151885987
0.36753971576690675,0.3790731430053711,0.29118914604187013,0.3883088747660319,0.27686247825622556,0.3996598243713379,0.30873239040374756,0.48413524627685545,0.2958045482635498,0.4764261563618978,0.3343395709991455,0.665083376566569,0.31231567859649656,0.7023242314656576,0.36485011577606197,0.35148903528849285,0.2840258121490479,0.3939843495686849,142.9420815204211,141.74250483886166,178.9382233524091,177.54082133881326,152.265775141194,0.37273669242858887,81.86898830155302,0.43520525296529133,74.67393649596258,0.43905979792277017,85.81962429968993,0.5893751939137777,81.94517793347808,0.5746093114217122
0.3816132307052612,0.41089369455973307,0.3004631757736206,0.3920938491821289,0.2856227159500122,0.39511744181315106,0.3117660999298096,0.4978611946105957,0.297687292098999,0.4554499944051107,0.33610310554504397,0.6634517033894857,0.3146651268005371,0.7017271041870117,0.36881877183914186,0.3737364292144776,0.2930429458618164,0.39360564549764,134.66580099540442,145.13344488282516,179.92950737208017,179.2945379068169,165.30721571546204,0.3836710373560588,85.70530060723213,0.42452781995137534,79.81883518093113,0.44573342005411787,86.0563867975484,0.5785885492960612,81.63903833867367,0.5806564490000407
