0,1,2,3,4,5,6,7,8,9,10,11,12,13,14,15,16,17,18,19,20,21,22,23,24,25,26,27,28,29,30,31
0.5758354187011718,0.14370532035827638,0.5812665462493897,0.3710111300150553,0.5888892650604248,0.35775521596272786,0.5536300659179687,0.47632713317871095,0.5812650680541992,0.48270934422810874,0.5540521621704102,0.6405810038248698,0.6039445400238037,0.622213617960612,0.5892564058303833,0.20173271497090656,0.5850779056549072,0.36438317298889156,179.78351692311662,171.70098469512914,174.9512367750886,173.44350442240435,91.47160837956781,0.28305794397989903,91.8456097778352,0.42354625860850015,105.69137202993959,0.4203551530838012,80.7661013671606,0.5524614810943604,89.85276279650304,0.5584540685017904
0.5701740741729736,0.1603869120279948,0.581330680847168,0.38219960530598956,0.5869773864746094,0.3631686846415202,0.5581930637359619,0.4822502136230469,0.5782189846038819,0.4931402524312337,0.553222370147705,0.6355815251668294,0.6055644035339356,0.6424646377563477,0.5822722673416139,0.2175798177719116,0.5841540336608887,0.3726841449737549,178.02195030051644,171.86831597031681,174.16015378114486,175.14637688914254,89.30490669991009,0.29513198137283325,92.82076591716837,0.4329121987024943,103.3300331161804,0.4274671792984009,79.62254596559082,0.5678024450937906,91.85676399683834,0.5589158693949381
0.5688784122467041,0.15112679799397785,0.5790999889373779,0.37958440780639646,0.5787180900573731,0.3775371233622233,0.5541890144348145,0.47754122416178385,0.5745475769042969,0.4994160334269206,0.556270694732666,0.6322062174479167,0.6039172172546386,0.6331719080607097,0.5810855865478516,0.1989885409673055,0.5789090394973755,0.37856076558430984,179.1798832670888,171.49271096327936,173.22538993270211,174.12864175137585,90.69443285963538,0.28877465327580765,92.0668110211191,0.4389883995056152,104.02257362420538,0.4280509948730469,77.61573073236872,0.5662939707438152,89.22888630771165,0.5548737208048503
0.5684958457946777,0.1697957197825114,0.5711820125579834,0.38870086669921877,0.5794796466827392,0.38046970367431643,0.5487445831298828,0.4676171620686849,0.5672781467437744,0.4620215098063151,0.5560124397277832,0.6313143412272135,0.5941500186920166,0.606649653116862,0.5779555559158325,0.21854855219523112,0.5753308296203613,0.3845852851867676,176.57415946802718,168.93442394986505,174.31852779055308,172.98083067112165,90.90566232744749,0.3015669186909994,95.9369150623043,0.42330339749654133,107.75471496055872,0.4261012236277263,79.4744826258545,0.5343355814615885,87.45784123688148,0.5494657516479492
0.5576394557952881,0.16103431383768718,0.5803453922271729,0.38285207748413086,0.5720891952514648,0.36535008748372394,0.5479476928710938,0.47852420806884766,0.5492720603942871,0.47136255900065105,0.5549345493316651,0.6119518280029297,0.5899884700775146,0.5953704833984375,0.5730883598327636,0.2119821786880493,0.5762172937393188,0.37410108248392737,169.76137362057796,170.24018125551962,165.38440225193523,171.88930374544975,88.89431492505398,0.2930416305859883,105.48481292010192,0.4227318207422892,105.14810619874474,0.4263126452763875,71.82306986140607,0.5333665211995442,87.00247899057167,0.5452380180358887
0.5564218521118164,0.1541252295176188,0.5727463722229004,0.39183019002278646,0.575670862197876,0.38141949971516925,0.5403255939483642,0.48612887064615884,0.5587531089782715,0.47225465774536135,0.5499422550201416,0.623256238301595,0.5874569416046143,0.5989541371663412,0.5737831830978394,0.20375224749247234,0.5742086172103882,0.38662484486897786,172.97264261546826,167.95253594092634,170.80543920477675,170.13327964377285,89.86670755769174,0.2951885461807251,100.23128403021975,0.4294397513071696,108.80469032126847,0.43637685775756835,77.23508724857619,0.5356043974558513,85.9884487653297,0.554692554473877
0.5488529205322266,0.1585188070933024,0.5684896469116211,0.40915997823079425,0.5759682178497314,0.4024139404296875,0.5336869239807129,0.47438888549804686,0.5493138790130615,0.4537350654602051,0.5495099067687989,0.5972545623779297,0.5599234580993653,0.5598745346069336,0.5670881509780883,0.21998926798502605,0.5722289323806762,0.4057869593302409,158.80469074179862,158.15163163986378,169.72577560669112,165.8947598316823,88.4151043727188,0.31288811365763347,115.54377113777065,0.429761012395223,119.32819548681745,0.44008792241414385,84.29174135069151,0.5068048000335693,82.66168133335495,0.5358217239379883
0.5444493293762207,0.16224679946899415,0.5718425273895263,0.40716492335001625,0.5693967342376709,0.3953173319498698,0.5317820549011231,0.4578021685282389,0.5396998882293701,0.45509169896443685,0.553303575515747,0.609190559387207,0.556265115737915,0.5832752227783203,0.5633720874786377,0.21959775288899738,0.5706196308135987,0.401241127649943,155.8767362958727,153.07893578888144,168.12764898698714,167.14892441373655,87.71511900868065,0.3104194402694702,119.8634379084674,0.42816641330718996,124.4753961711413,0.429521648089091,82.63644559153214,0.5191834608713786,81.90899141545239,0.5334963639577229
0.5418614387512207,0.17436493237813314,0.5709756851196289,0.40702295303344727,0.5720329761505127,0.39818735122680665,0.5263052463531495,0.4515659968058268,0.5376899242401123,0.44729750951131186,0.5521054267883301,0.5982724507649739,0.5533360958099365,0.5829737981160482,0.5617847919464112,0.2179553508758545,0.5715043306350709,0.40260515213012693,148.88625086853904,145.92357822787855,167.6698084851399,164.36387368532948,86.98686342104214,0.3102802515029907,127.11128692466106,0.4249513308207194,132.71220690055662,0.4270855744679769,83.4217164335954,0.51513565381368,80.0258060418742,0.5249192237854003
0.5409124374389649,0.17556029955546062,0.561146354675293,0.3868872324625651,0.5700581073760986,0.3749261220296224,0.5307015419006348,0.44989360173543297,0.5463077068328858,0.4326623916625977,0.5487894535064697,0.5683415730794271,0.5475253582000732,0.5499879201253255,0.5601903438568115,0.22078725496927898,0.5656022310256958,0.38090667724609373,163.3033678992104,160.49936243891335,173.30293679180753,166.1918984628095,88.06419299418553,0.30084696610768635,110.44544918311036,0.4067845344543457,116.83498345492504,0.4154001394907634,89.40538278016766,0.4913251558939616,81.31757171937089,0.5091175874074301
0.5387175559997559,0.17346661885579426,0.5541727542877197,0.3874303181966146,0.5652798652648926,0.3843525886535645,0.535296106338501,0.48501380284627277,0.5446121215820312,0.47509978612264,0.5508632659912109,0.6206525166829427,0.5514050483703613,0.5869978586832683,0.5576120376586914,0.21673237482706706,0.5597263097763061,0.38589145342508957,173.2643794013252,170.90951019651393,174.15664484999823,171.29076237350043,89.28391332790605,0.30131191412607833,99.6160640468775,0.43049561977386475,103.84546646028234,0.4354526281356812,86.52604399733099,0.5310488224029541,83.45284979379443,0.5528331597646078
0.5363724708557129,0.1637079397837321,0.5638145923614502,0.408049488067627,0.5596232414245605,0.3965070406595866,0.5405032634735107,0.49568430582682294,0.5342789173126221,0.48588759104410806,0.557627534866333,0.6189036051432292,0.5488662719726562,0.6013472239176433,0.5549132347106933,0.20391939481099447,0.5617189168930053,0.4022782643636068,166.0159448115098,170.03079489836333,169.10520582420406,171.00604531342083,88.03495569938224,0.3030988295873006,108.16947623497222,0.44408292770385743,102.79668768146931,0.44898128509521484,82.79931080254845,0.5436174074808757,82.08805655934157,0.557293955485026
0.5355614185333252,0.1671919345855713,0.5581302165985107,0.3930735905965169,0.5607738971710206,0.38419850667317706,0.5397191047668457,0.4902928352355957,0.5406698703765869,0.48910191853841145,0.5593681335449219,0.6112422943115234,0.5519985675811767,0.5963714599609375,0.5543559789657593,0.21322851975758872,0.5594520568847656,0.388636048634847,172.25086065255718,172.03876782982908,171.9164852860863,170.75093993334323,88.33586591618442,0.30093228419621787,100.589260576466,0.43886898358662924,100.98526742515037,0.4394644419352214,83.97136058160054,0.5427366892496746,80.772540643302,0.5507675647735596
0.5352379322052002,0.16869646708170574,0.5576830863952636,0.3736329714457194,0.5629584789276123,0.3706977844238281,0.5364862442016601,0.478829034169515,0.5416288375854492,0.4764161427815755,0.5522776126861573,0.6036228179931641,0.5545243263244629,0.6013319015502929,0.5538221836090088,0.20590622425079347,0.560320782661438,0.3721653779347738,172.41587882530388,171.03841551207015,172.6571255448788,170.79790542875236,87.76160986320802,0.2890358010927836,100.16500504685237,0.42429076035817465,102.59610487826092,0.42549720605214436,84.10603562630111,0.5388740221659343,82.78813883398684,0.5412259260813396
0.5359689712524414,0.1720703442891439,0.5527083396911621,0.41491645177205405,0.5666884422302246,0.4000496546427409,0.5397131443023682,0.5018841743469238,0.544818639755249,0.48877731959025067,0.5547653198242187,0.6221932729085287,0.556270694732666,0.5921805699666342,0.5564587116241455,0.205836550394694,0.5596983909606934,0.40748305320739747,171.9834402228978,171.28407169175398,172.61696976238647,171.55246883524418,89.07955763146786,0.30665980180104574,100.37235715525046,0.44813018639882407,101.95334342202771,0.4546836137771606,83.68016751703667,0.5404789447784424,82.86863552216344,0.5620387236277262
0.5384390830993653,0.16676961580912272,0.5520843982696533,0.35903813044230143,0.5584057807922364,0.35816866556803384,0.5417497634887696,0.48053318659464517,0.5482594490051269,0.4724071184794108,0.556199598312378,0.5690640131632487,0.5548500061035156,0.5549376805623373,0.5513159036636353,0.20132696628570557,0.5552450895309449,0.3586033980051676,177.13339499894104,175.64644102185085,175.31898322293515,170.98988537818144,88.56889588621952,0.2799651821454366,93.51259302489363,0.41550525824228923,96.31585459286428,0.4195682922999064,85.43427935001989,0.5136723995208741,80.73003177243535,0.524798599878947
0.537610387802124,0.17500325838724773,0.5607276916503906,0.338448969523112,0.5557961463928223,0.3264788627624512,0.5512115478515625,0.48755474090576173,0.5455641746520996,0.4850181579589844,0.5576099395751953,0.5720472971598307,0.5532173156738281,0.558987553914388,0.5511049509048462,0.1932185729344686,0.5582619190216065,0.3324639161427816,176.32981221603248,177.3763969308434,172.8172429938266,175.51349285539507,87.05768588567597,0.2628412445386251,94.75800615218076,0.408741037050883,92.60285279938567,0.41000932852427163,84.0929893891405,0.5220028559366863,85.66941176027909,0.5298010190327962
0.5382258415222168,0.16773289044698078,0.5585597515106201,0.38302748998006186,0.5644340991973877,0.37284297943115235,0.5451879024505615,0.46890052159627277,0.546458387374878,0.4706568400065104,0.557828950881958,0.5828300476074219,0.5545620441436767,0.5718120574951172,0.5534611463546752,0.20174918174743653,0.5614969253540039,0.3779352347056071,172.279137745203,171.60931249113318,173.371183901384,172.64306006566235,87.38857103859495,0.2898422082265218,99.21259318934266,0.42429603735605875,100.16447801493987,0.4234178781509399,85.41975313849684,0.5212344487508138,83.66864489060438,0.5258652846018473
0.5365236759185791,0.1735171635945638,0.5568065643310547,0.38134625752766926,0.5625650405883789,0.3805806795756022,0.5442065715789794,0.46235911051432294,0.5470568180084229,0.4654256820678711,0.5579561233520508,0.5659282048543294,0.5585844039916992,0.5686228434244792,0.5511584281921387,0.20813773473103842,0.5596858024597168,0.38096346855163576,172.40931957734136,170.79888345358412,173.2899542280773,171.90200760976307,87.17526646769132,0.29455060164133706,98.50399583557805,0.42319457530975346,100.76751828158827,0.4216612895329793,83.62622711209458,0.5170242627461752,82.43778770545117,0.5141436576843261
0.5429784774780273,0.16910972595214843,0.5536357402801514,0.3794903119405111,0.5608192920684815,0.37820046742757163,0.5475652694702149,0.44116137822469076,0.5569447994232177,0.4297009468078613,0.5551172256469726,0.5038100560506185,0.5574336528778077,0.5019839604695638,0.5487282276153564,0.21846930980682372,0.5572275161743164,0.37884538968404136,177.45389313082282,171.48554369281015,179.7084261478316,172.1590040468659,86.9663915588397,0.29865734974543257,90.318516022328,0.40427316824595133,98.8136676271674,0.4100033839543661,89.61251182947693,0.4658424536387126,83.12647151354028,0.47248571713765464
0.5373176097869873,0.1643905798594157,0.5533379077911377,0.394542662302653,0.5597217559814454,0.39305715560913085,0.5458868980407715,0.46521844863891604,0.5544802665710449,0.4554590225219727,0.5525842189788819,0.5256404876708984,0.557563304901123,0.5126191139221191,0.5484371185302734,0.20996371905008954,0.5565298318862915,0.3937999089558919,176.6860575974,172.0964607459322,177.41097286538434,171.96083185185918,87.4793910226385,0.30188181400299074,91.90382594986461,0.4246294657389323,98.47595571708885,0.42950917879740397,86.91263466450842,0.4840390682220459,83.67501965746375,0.49542946815490724
0.532979154586792,0.17522110939025878,0.5576535224914551,0.34895480473836266,0.560850715637207,0.3375784238179525,0.5475845336914062,0.47273693084716795,0.5461318969726563,0.46416552861531574,0.55604567527771,0.5331532478332519,0.5544644355773926,0.5203875223795573,0.5481662988662719,0.2018875996271769,0.559252119064331,0.3432666142781576,174.25078676086653,174.97360506980664,170.02132405017733,171.06032202916984,85.51649358592614,0.27257710695266724,96.19362846375823,0.40371607144673666,95.14946201614946,0.4080017725626628,81.56968601484567,0.4922765254974365,82.02773207899406,0.5029450893402099
0.5355597972869873,0.17527368863423665,0.5574081897735595,0.4061834971110026,0.569398832321167,0.3930584271748861,0.5458005428314209,0.4639397939046224,0.5542877674102783,0.43402620951334636,0.5533024787902832,0.5087896347045898,0.5584126949310303,0.48564325968424477,0.5514616012573242,0.21354377269744873,0.5634035110473632,0.39962096214294435,164.4259527799389,165.98907413271024,172.1105247772634,165.2178215111799,86.32795412803392,0.3065823674201965,104.83966434786736,0.4168235858281454,105.30607228026314,0.4317803780237834,85.43097203715965,0.45983473459879554,80.50416735044472,0.48636471430460615
0.5390922069549561,0.16656530698140462,0.5611348152160645,0.36426658630371095,0.5714010238647461,0.3641647974650065,0.5441252708435058,0.45687472025553383,0.5568980216979981,0.43706051508585614,0.5602642059326172,0.5124011039733887,0.5633762836456299,0.49991865158081056,0.5540760517120361,0.20051891009012857,0.5662679195404052,0.36421569188435876,171.9868808345885,168.78302017547173,172.8950720745176,161.47324890516933,85.74056842280699,0.28236730098724366,97.32960600536305,0.4006381034851074,103.43987331722576,0.41054520606994627,84.11577841821433,0.46848958333333335,73.79331144105423,0.4846379121144613
0.5335547447204589,0.16795854568481444,0.5607385635375977,0.43157609303792316,0.5698347091674805,0.40339867273966473,0.5422141551971436,0.46650066375732424,0.5529302597045899,0.4308341344197591,0.5475823879241943,0.4827914555867513,0.5514557838439942,0.4715312957763672,0.5521825790405274,0.2146371364593506,0.5652866363525391,0.41748738288879395,137.00844220592649,157.05829503423706,167.71997407851163,146.59306728355006,86.30384780369961,0.31606225967407225,132.7934108443269,0.4241607586542765,115.20821282992462,0.4419940233230591,92.07494344729618,0.4511827150980632,71.76162601566774,0.47464605967203777
0.5355166912078857,0.1817313035329183,0.5621521949768067,0.3837147076924642,0.5670978546142578,0.36942068735758465,0.5464874267578125,0.4033730189005534,0.55220046043396,0.38994522094726564,0.5551214694976807,0.47260217666625975,0.5541004180908203,0.4484032313028971,0.5493727445602417,0.21629645824432375,0.5646250247955322,0.3765676975250244,136.18223863172005,146.7996932493685,169.80338103611334,167.239378162901,84.56379439844486,0.2964320778846741,132.88483294283162,0.38325645923614504,124.08392052730044,0.3899703582127889,88.13847156185791,0.4191742261250814,82.8909577101584,0.43798759778340657
0.5396814346313477,0.17369025548299152,0.5633813858032226,0.35468937555948893,0.5765626907348633,0.3379268010457357,0.5429124355316162,0.37193886439005536,0.5590633392333985,0.34437573750813805,0.5482352256774903,0.4273704528808594,0.5580449581146241,0.4026141802469889,0.5543441057205201,0.2102594534556071,0.569972038269043,0.3463080883026123,77.93963967914529,137.49107994113697,169.0418635698721,159.50432476843395,83.44714418874688,0.2782837708791097,10.04508939006621,0.3453419129053752,136.55333251742462,0.3591234763463338,91.0017952263829,0.37349495887756345,84.51501906436602,0.39965465863545735
0.5352001667022706,0.16885186831156412,0.5647428035736084,0.4288704554239909,0.5761516571044922,0.4035698890686035,0.5460342407226563,0.4511760711669922,0.5519382953643799,0.4289913813273112,0.5512204647064209,0.5031077702840169,0.5522342205047608,0.4908317565917969,0.5558389663696289,0.20538522402445475,0.5704472303390503,0.4162201722462972,125.6051557604404,147.3541308120454,166.00794643754207,161.81946715713266,86.03644311254006,0.310802698135376,145.39423228274924,0.4226057767868042,124.93021670117132,0.4336981217066447,89.72582423530734,0.45991156895955404,84.29699446810149,0.47714192072550454
0.5371215343475342,0.1768999417622884,0.5613096237182618,0.41513957977294924,0.5727525234222413,0.4018728256225586,0.5462805271148682,0.4491972287495931,0.5549508571624756,0.42713874181111655,0.5510476112365723,0.49123268127441405,0.5548851966857911,0.4787416458129883,0.5560073614120484,0.2108173370361328,0.5670310735702515,0.40850620269775395,147.32288153771114,155.3171119318408,170.2617280802781,162.59464877035728,86.80832438047035,0.3096617698669434,122.9569463106135,0.41782247225443525,117.01948433120619,0.42885171572367353,90.07290415602162,0.4529401938120524,83.52994164017902,0.4702149550120036
0.5442359924316407,0.18044872283935548,0.5604050159454346,0.3257570266723633,0.5657264709472656,0.32334012985229493,0.552120590209961,0.36410353978474935,0.562046480178833,0.35027074813842773,0.5580264091491699,0.45713850657145183,0.5663829326629639,0.4458648681640625,0.5547338724136353,0.20608160495758054,0.5630657434463501,0.3245485782623291,174.8275022793398,165.48027667899945,178.96892848712562,174.1911744204053,85.97696934450668,0.2653150916099548,92.26920769193774,0.3374096632003784,105.46716389988725,0.3443260590235392,87.40266235280693,0.3980678081512451,86.3677626697917,0.41062102317810056
0.5427793025970459,0.18247132301330565,0.553911542892456,0.3831857045491536,0.5609573364257813,0.3702363967895508,0.552667760848999,0.44203294118245445,0.5575614452362061,0.42980562845865883,0.5568531513214111,0.5170494079589844,0.5584533214569092,0.5043967564900717,0.5477294683456421,0.21356446743011476,0.5574344396591187,0.3767110506693522,177.533743507331,174.58815929224235,179.77214273197706,176.56928927240142,86.5957031471502,0.2951377590497335,89.86294514495813,0.4032583395640055,94.17359867541619,0.40937199592590334,89.31495461166308,0.4671011924743652,86.80660983541348,0.47954117457071943
0.5431817054748536,0.23087951342264812,0.5627089977264405,0.38478237787882485,0.5614911079406738,0.3723712921142578,0.5530626773834229,0.4604352315266927,0.5569091320037842,0.4531114896138509,0.5579217910766602,0.5164009094238281,0.5566599845886231,0.5037548065185546,0.5492944717407227,0.2248012940088908,0.5621000528335571,0.3785768349965413,174.10586749096126,172.7837307222459,177.79344032600102,173.30140478196927,85.23970605187428,0.30168906450271604,93.98389704803002,0.4158441623051961,96.30008598077055,0.419506033261617,90.28187293157237,0.47843314806620274,85.03784644680817,0.4884180704752604
0.5370841026306152,0.16416261990865072,0.5624243259429932,0.41135918299357094,0.567527961730957,0.398029359181722,0.5470219135284424,0.4845998446146647,0.5505599021911621,0.4750141461690267,0.5552710056304931,0.544726816813151,0.5510033130645752,0.5223960558573405,0.5526866912841797,0.20795911153157554,0.5649761438369751,0.40469427108764644,168.87063799197236,168.50943773702534,172.69371157381232,168.22348219825867,86.42554980398452,0.306326691309611,101.58564796813387,0.4398542086283366,102.66364512899615,0.44464705785115555,89.46382849067864,0.4987051010131836,82.18810119507451,0.5146633307139079
0.5413218021392823,0.18363606135050456,0.5654284477233886,0.34829476674397786,0.5697128295898437,0.3344832420349121,0.5491676330566406,0.4056949297587077,0.5514512538909913,0.39282073974609377,0.5587933540344239,0.5014956156412761,0.5540401935577393,0.4887131373087565,0.5523762226104736,0.20859561761220297,0.5675706386566162,0.34138900438944497,162.88599200366636,164.96262880441,173.20608199586113,171.1244754615962,83.47251977047665,0.274992311000824,107.40167972029778,0.36710487206776937,105.97000967446981,0.37354196707407633,88.45348229183875,0.4407669385274251,84.26237502102386,0.4535952726999919
0.5474268913269043,0.1730284849802653,0.5616064071655273,0.3270365397135417,0.5669483661651611,0.32226502100626625,0.5528005123138428,0.35399109522501626,0.5600427150726318,0.34055983225504555,0.5588986873626709,0.43449700673421227,0.5626459121704102,0.4203173319498698,0.5560544013977051,0.20667475064595542,0.5642773866653442,0.32465078035990397,163.38833408782213,159.90168266475135,177.15357857410612,172.86493218766418,86.01290527238754,0.26566276550292967,104.90538183130936,0.33260530630747476,111.36364741393798,0.3393209377924601,88.13059238941938,0.3804385821024577,85.66822215088054,0.39424405097961424
0.5480040073394775,0.17592058181762696,0.5653015613555908,0.3540533701578776,0.5749929904937744,0.3375620524088542,0.5543547153472901,0.3711930592854818,0.5680419921875,0.3475477854410807,0.5616419792175293,0.4347149213155111,0.572267723083496,0.41912002563476564,0.5612302780151367,0.2039632558822632,0.5701472759246826,0.34580771128336585,126.85855465934148,150.46806959566234,178.27782635026855,167.9910419396257,86.40285615088844,0.2748854835828145,140.42534437995366,0.3466777483622233,121.88628929975518,0.35850038528442385,86.62109498112761,0.3833339055379232,83.45560560010159,0.40295399030049645
0.5406635284423829,0.16180973052978515,0.5687020301818848,0.4226154963175456,0.582338285446167,0.4107209841410319,0.5447476863861084,0.4228008270263672,0.5635596752166748,0.4066563288370768,0.5515021324157715,0.4505841890970866,0.5629212379455566,0.43067687352498374,0.559203052520752,0.219829789797465,0.5755201578140259,0.4166682402292887,48.732043785093225,105.34436811862378,139.55528689992067,131.03111673318065,85.26124805897182,0.3182490150133769,39.932113544575884,0.41166228453318277,168.72929396664324,0.419734533627828,91.52249466157947,0.4186666011810303,76.33583688157658,0.4366925080617269
0.5419994354248047,0.18372408548990884,0.567664098739624,0.45020898183186847,0.5695559024810791,0.4375136057535807,0.5554719924926758,0.48127269744873047,0.5564605236053467,0.46160224278767903,0.5566561222076416,0.49186598459879555,0.5511120319366455,0.47792431513468425,0.5536936283111572,0.2216862916946411,0.5686100006103516,0.4438612937927246,144.93486249449495,160.25740705910985,170.9538805509914,159.63878564934302,86.15904342629015,0.33277379274368285,124.4043877968173,0.4527317682902018,109.35007944332945,0.46256699562072756,108.1431729183836,0.46976327896118164,83.62188938405568,0.48656934102376304
0.5509217262268067,0.16972301801045736,0.5685091972351074,0.3837134043375651,0.5795559406280517,0.3670268376668294,0.5596837997436523,0.3622316042582194,0.5715723037719727,0.33247483571370445,0.5645042896270752,0.39856109619140623,0.5705149650573731,0.40042365392049156,0.5634308338165284,0.21830228964487713,0.5740325689315795,0.37537012100219724,0.79615934602934,49.0123711353264,172.89921290722677,150.10581096787465,86.13851732577906,0.29683620532353716,86.71738880957564,0.3539224783579509,42.47892169596736,0.3688008626302083,90.89149684272043,0.366449244817098,82.4416852259281,0.3803963502248128
0.5476638793945312,0.19017359415690105,0.5625343322753906,0.42736590703328453,0.5706634998321534,0.4274646123250326,0.555978536605835,0.4364640235900879,0.5628928184509278,0.4177406628926595,0.5550657272338867,0.4421762784322103,0.556450605392456,0.43494675954182943,0.5553356170654298,0.23572566509246826,0.566598916053772,0.42741525967915855,18.583058766432874,130.24811956821753,147.10733819030034,151.07752868563972,86.63728042983777,0.3315704623858134,69.03940534182756,0.422577961285909,139.56837564199245,0.43193964163462323,110.52663164835191,0.42634371121724446,99.0790158944629,0.4393201510111491
0.548558521270752,0.20633500417073566,0.566792106628418,0.41678342819213865,0.5665426254272461,0.40013933181762695,0.5599252223968506,0.41931355794270836,0.5608172416687012,0.40635188420613605,0.560557746887207,0.512820816040039,0.5564876079559327,0.4847989718119303,0.5538446426391601,0.24262370268503824,0.5666673660278321,0.4084613800048828,67.73265857055605,146.17752283148653,175.56336551966635,176.26193194579687,85.57863414087544,0.3255425413449605,19.82879210053497,0.4074066321055094,121.85148613857974,0.4138874689737956,93.15905052882835,0.44557542800903316,89.61243189330075,0.4660671869913737
0.5487728118896484,0.18261831601460773,0.5645723819732666,0.48052778244018557,0.5718119621276856,0.450270144144694,0.5570534229278564,0.4687381108601888,0.5666251182556152,0.43293803532918296,0.5559052467346192,0.5251020113627116,0.5576113700866699,0.4768802642822266,0.5595807313919068,0.2329227606455485,0.5681921720504761,0.4653989632924398,0.7467321395612667,107.3015871652447,148.92944127074213,169.53785555580333,87.87860556778345,0.34916086196899415,87.23618750926198,0.4491684993108114,163.31244650413305,0.4670685370763143,101.59212237583138,0.45490914980570474,91.16699788399555,0.4969200611114502
0.5540012359619141,0.18331721623738606,0.5614852428436279,0.44816773732503257,0.5660558700561523,0.43069801330566404,0.5582021713256836,0.42644468943277997,0.566062068939209,0.3842785835266113,0.5534067630767823,0.47889601389567055,0.5606668949127197,0.45164349873860676,0.5589619398117065,0.24065019289652506,0.56377055644989,0.4394328753153483,5.209174322809648,23.440415418040345,170.31769960607878,170.5090802602897,88.61426703123095,0.3400415341059367,92.37911724699582,0.4118557294209798,66.79388261457406,0.43293878237406414,94.57897572430497,0.417961041132609,95.22379439921166,0.45267035166422526
0.5559842109680175,0.14835128784179688,0.5557707786560059,0.4456130027770996,0.565917682647705,0.42983805338541664,0.5540615558624268,0.44968942006429036,0.5662288665771484,0.4167544682820638,0.5489448070526123,0.5018653233846029,0.5544228553771973,0.4720644950866699,0.5590688228607178,0.21826462745666503,0.5608442306518555,0.4377255280812581,16.46638060483282,151.68934869492728,178.54290549423254,175.0907282599364,89.53649532093782,0.32799507776896153,104.40046889928095,0.4272399981816609,119.55014905105561,0.4437074740727742,102.0490537058037,0.4444094816843669,95.60093187074835,0.4757773717244466
0.5490476131439209,0.17803683280944824,0.5598483562469483,0.4993454933166504,0.561150312423706,0.4866583506266276,0.5594263553619385,0.5242869059244791,0.5603964328765869,0.48580074310302734,0.5598037719726563,0.5433553059895834,0.5557050704956055,0.515137767791748,0.5582704544067383,0.23961056073506673,0.5604993343353272,0.493001921971639,0.32390788086068434,177.8030577512461,176.86481571495375,178.07469378549368,89.49602812492633,0.3663062413533529,89.18132598038838,0.4894013325373332,91.96429951807,0.508644413948059,99.08539893466231,0.5004692554473877,88.8661054053185,0.5338211059570312
0.5514220237731934,0.15731269518534344,0.557863187789917,0.38250439961751304,0.5694602489471435,0.3680988629659017,0.5568270206451416,0.3383803367614746,0.5719141006469727,0.31056350072224936,0.5600482940673828,0.390126101175944,0.5687362670898437,0.3775279680887858,0.5581919193267821,0.21878952980041505,0.5636617183685302,0.37530163129170735,15.768453062733425,11.141499973962775,110.97135114857655,162.73925398461765,87.99843654625866,0.2970455805460612,97.26450236570075,0.34293256600697836,79.51239258389955,0.356840984026591,92.71696262277085,0.34404573440551756,86.43782421339463,0.3642532189687093
0.5540943145751953,0.14600815773010253,0.556665563583374,0.3764810562133789,0.5720178127288819,0.3636590639750163,0.5571901798248291,0.356951649983724,0.5707274436950683,0.3311478614807129,0.5591952800750732,0.43694527943929035,0.567381763458252,0.423883310953776,0.5619234561920166,0.20941334565480552,0.564341688156128,0.37007006009419763,13.45370244005971,30.434548137047205,174.70041992731984,174.1635935930383,89.13763938632273,0.28974170287450157,99.31720408553159,0.3506089607874553,61.40296637221532,0.3635108550389608,92.0662028796796,0.37751558621724446,88.56413902571073,0.39694846471150713
0.5530473709106445,0.21707480748494465,0.5567479133605957,0.4402220408121745,0.5589303970336914,0.43967081705729166,0.5619362354278564,0.3898342132568359,0.563758134841919,0.35792385737101234,0.5601491451263427,0.45136489868164065,0.5582507133483887,0.44055411020914714,0.5552097320556642,0.26279989878336585,0.5578391551971436,0.43994642893473307,9.262614501985247,7.704996446973156,142.07858674012428,166.89962595409023,89.14960916390476,0.3513731638590495,94.12747008899942,0.3989351431528727,94.67399908252298,0.4148903210957845,93.81320361514882,0.3992389837900797,91.66362449404122,0.42059955596923826
0.5488888263702393,0.15055699348449708,0.5598172664642334,0.4250388463338216,0.5723283767700196,0.4126373926798503,0.5536303997039795,0.36670074462890623,0.5652329921722412,0.3488422711690267,0.5508530139923096,0.4232393582661947,0.559682035446167,0.39187215169270834,0.5612682104110718,0.22170910835266114,0.5660728216171265,0.4188381195068359,1.0988328357697232,16.437821960452506,20.68349414850889,108.94104388967112,88.60381050835497,0.3202736139297485,89.31258246007499,0.38384019533793134,76.57759478486578,0.39276943206787107,97.35069514447758,0.37035721143086753,92.81231978090877,0.3949700514475505
0.5534939289093017,0.14861221313476564,0.5569326400756835,0.41925217310587565,0.5646632194519043,0.4193372090657552,0.5599676609039307,0.37451159159342445,0.565413522720337,0.36803658803304035,0.5590908527374268,0.46600046157836916,0.559815788269043,0.45574156443277997,0.5578940391540528,0.21859435240427655,0.560797929763794,0.4192946910858154,8.025907287830409,0.30016907174462,177.89166136309754,178.45588686611853,89.17105736696543,0.31894452174504595,95.14538541720184,0.3936656395594279,88.93787047385585,0.3969031413396199,93.65192639867242,0.41188907623291016,90.5490926863281,0.4202560265858968
0.5574339866638184,0.13783184687296549,0.5433334827423095,0.4925435702006022,0.5602819442749023,0.4643492062886556,0.5561478614807129,0.45536505381266273,0.5735813617706299,0.4273008982340495,0.5565351009368896,0.5022789637247721,0.5633660793304444,0.4919443448384603,0.5591302394866944,0.2225248654683431,0.5518077135086059,0.47844638824462893,27.09710795095687,9.915538877947585,130.44648532640431,169.2534680388459,91.63892194291923,0.350485626856486,113.06041533750474,0.4528736432393392,100.64938267834063,0.4669057210286458,98.97991000093714,0.4596226215362549,89.52707666722608,0.4788220087687174
0.546998405456543,0.16050777435302735,0.5532325267791748,0.4873500823974609,0.5509335994720459,0.4764110565185547,0.554565715789795,0.4719622294108073,0.5586397647857666,0.4495052973429362,0.5588141918182373,0.47455018361409507,0.5613461017608643,0.474695364634196,0.5506088495254517,0.24170341491699218,0.5520830631256104,0.48188056945800783,13.662009102041404,15.037419259299094,58.331931788498004,101.21207753734001,89.64832143669052,0.3617919921875,101.44880167448316,0.465692933400472,104.05292090184703,0.4769213994344076,83.86785370885657,0.46210033098856607,31.347634692768565,0.47325620651245115
0.5568824768066406,0.1537678082784017,0.5362259387969971,0.48340250651041666,0.5618644714355469,0.4434202194213867,0.5517407417297363,0.40176531473795574,0.5687564849853516,0.41473328272501625,0.5586538791656495,0.4667630195617676,0.5659194946289062,0.46717491149902346,0.5600088119506836,0.20850868225097657,0.549045205116272,0.4634113629659017,24.4734942172517,0.053938788030337255,99.47657738432264,115.30071337537755,92.46282804528009,0.33596002260843916,112.04456739610892,0.43907232284545894,92.5037217936019,0.4325883388519287,93.09657203682767,0.4409540971120198,83.92886152742084,0.43426416714986166
0.5473225593566895,0.14375158945719402,0.5533447742462159,0.45085204442342125,0.5568470478057861,0.45479459762573243,0.5552981853485107,0.44163230260213215,0.5596491813659668,0.44683526357014974,0.5616847991943359,0.46965039571126305,0.5637841701507569,0.4830948829650879,0.5520890474319458,0.2562071959177653,0.555095911026001,0.45282332102457684,39.5201719188604,2.027006001231036,170.49177357239154,171.4573882500415,89.12384009995536,0.35451525847117105,127.24906417018835,0.4498292922973633,91.03549138431593,0.44722781181335447,83.49418631603403,0.4649650732676188,77.15905517177994,0.45564134915669763
0.5449622631072998,0.21180157661437987,0.5501631736755371,0.44370441436767577,0.5495173454284668,0.4525022824605306,0.553691053390503,0.489311949412028,0.5582762718200683,0.49465983708699546,0.5463369369506836,0.6092926025390625,0.5634791851043701,0.5847418467203777,0.5457065582275391,0.24142414728800454,0.549840259552002,0.44810334841410315,172.5710963497381,176.50628699687553,177.60534445050945,177.73757301404424,88.85420465628616,0.34476374785105385,79.72947102924685,0.4713815927505493,84.6614210573306,0.4687076489130656,86.6944104641313,0.5397008419036866,93.50750999951119,0.5493022759755453
0.5355401515960694,0.1792422612508138,0.5493119716644287,0.40639851888020834,0.5544590950012207,0.4065446217854818,0.5495876789093017,0.47537841796875,0.5574568748474121,0.47572717666625974,0.5597063064575195,0.5481917699178059,0.5601276397705078,0.5403451283772787,0.5443665742874145,0.20302267869313556,0.5518855333328248,0.4064715703328451,178.14887388668174,176.99181556823183,178.84373525487698,175.2471074514516,87.88345545763312,0.30474712451299035,85.40068411320853,0.4410993734995524,91.90994936964528,0.44092499415079756,87.63321946235398,0.5080361525217691,82.08846631487478,0.511785093943278
0.5295961380004883,0.20603100458780924,0.5593647480010986,0.3833139101664225,0.5425398826599122,0.3631712595621745,0.5482719421386719,0.46891438166300453,0.5313129901885987,0.4569461504618327,0.5591672420501709,0.5421279907226563,0.5428948402404785,0.5224773089090983,0.5414630889892578,0.20285068353017172,0.5509523153305054,0.3732425848642985,169.08308927047767,176.9292619812446,166.8866478865703,174.32042193334496,86.8124565635043,0.2880466341972351,103.2044320237086,0.4150943676630656,91.60479801356404,0.4210784832636515,79.97715850950401,0.4897117296854655,81.53563460106695,0.5055211861928304
0.5325433254241944,0.18788572947184246,0.5461294174194335,0.3866291046142578,0.5397915840148926,0.3808146476745605,0.5440475463867187,0.466332213083903,0.5333098888397216,0.4577781677246094,0.5578243732452393,0.5486921946207682,0.5614222526550293,0.5578013737996419,0.5386078596115113,0.2156457503636678,0.5429605007171631,0.38372187614440917,173.8288245452259,179.51081971362194,170.35532817258644,175.65219117163878,88.51655173532262,0.2996838132540385,97.42463395566432,0.4207500219345093,89.24610482326952,0.4250270446141561,74.30153501307333,0.5077897707621256,80.503726988553,0.5075122038523356
0.5314356803894043,0.20410617192586264,0.5446450233459472,0.4377394358317057,0.5230359077453614,0.42598145802815757,0.5594107627868652,0.5738094965616862,0.5076148509979248,0.5755174001057942,0.5602653503417969,0.5986988703409831,0.49922590255737304,0.6208771387736003,0.5342367649078369,0.23622879187266033,0.5338404655456543,0.43186044692993164,174.14062927570183,174.05317019717248,179.89952869968675,172.96641119867135,90.11606633809238,0.334044619401296,100.34583010845306,0.503688923517863,79.78841495869098,0.5028349717458089,100.47803869985268,0.5981972694396973,88.0334968461272,0.5862541834513346
0.525718355178833,0.16285149256388345,0.5296574592590332,0.39524971644083656,0.5457894325256347,0.3952700932820638,0.49811882972717286,0.5362548192342123,0.5559259414672851,0.5347463607788085,0.49216556549072266,0.6167630513509115,0.5576183795928955,0.5538127899169922,0.535607385635376,0.20152730941772462,0.5377234458923339,0.3952599048614502,176.0544944429291,170.70060845315197,177.92059145150304,172.60680747102944,89.3742070067779,0.2983936071395874,82.56511454806257,0.4650031328201294,105.68973045709461,0.46575736204783125,84.92741537273814,0.5442795753479004,94.22909844314522,0.5765089352925619
0.5168720245361328,0.16455771128336588,0.5279342651367187,0.41439689000447594,0.5203816890716553,0.4097746213277181,0.49816322326660156,0.5520018259684245,0.5319815635681152,0.47959550221761066,0.4799366474151611,0.6327463150024414,0.5611836433410644,0.5751493453979493,0.5266606569290161,0.20712955792744953,0.524157977104187,0.412085755666097,174.5083499909349,174.19884691440043,175.79922046023873,178.61193528477628,90.69959272686253,0.30960765679677327,83.38957990860715,0.44584062894185383,100.52487764066905,0.4820437908172608,73.00639511271093,0.5273724238077799,102.72027037840402,0.592374070485433
0.5148766040802002,0.15633209546407065,0.5184979438781738,0.4097312291463216,0.5392320632934571,0.41328020095825196,0.4942788124084473,0.5352649688720703,0.5503278732299804,0.5316965103149414,0.4758718490600586,0.6360937754313151,0.5603796482086182,0.5840421676635742,0.5224621534347534,0.2074454625447591,0.5288650035858155,0.4115057150522868,174.78708070804717,169.30002100106384,179.48123863538348,177.06928541850394,88.20280547948984,0.30947558879852294,79.87522318377347,0.47160111268361404,105.61373673976887,0.4733853419621785,79.12998750084496,0.5578693389892577,100.34579510401323,0.5856793721516926
0.5133435726165771,0.17720225652058919,0.5115979194641114,0.4189435958862305,0.5350932121276856,0.42408234278361,0.49026007652282716,0.5371070226033529,0.5476345539093017,0.536740239461263,0.47445216178894045,0.6319932301839193,0.5530271053314209,0.5678290685017904,0.5204934358596802,0.2257883946100871,0.5233455657958985,0.4215129693349202,173.08512755172387,169.57456764071907,178.37304593783935,176.38096973244345,89.16513578977603,0.3236506819725037,78.09676554746818,0.4791266043980916,105.97225380230934,0.47930999596913654,80.1595994917023,0.5522846539815267,99.45853080476694,0.5845501263936361
0.5063221454620361,0.16543807983398437,0.5050851345062256,0.41736688613891604,0.5311722755432129,0.4181838035583496,0.487139892578125,0.5265936533610026,0.5391034603118896,0.5244593620300293,0.47776045799255373,0.6239697774251302,0.551950740814209,0.5691481272379557,0.5155864000320435,0.22905370394388835,0.5181287050247192,0.4177753448486328,173.4288340395444,169.5655362903691,176.55596113845036,174.4247313226164,89.22820437943714,0.3234145243962606,78.87715221419062,0.47111735343933103,105.89566642673175,0.47218449910481775,73.96093242513801,0.5468037446339925,95.50185407124626,0.5752817153930664
0.5053308963775635,0.16442054112752277,0.5003200531005859,0.40356327692667643,0.5263586521148682,0.4008949597676595,0.4849697113037109,0.5204395612080892,0.5381806850433349,0.5287044525146485,0.4759051322937012,0.6175389607747396,0.559779691696167,0.6070300420125325,0.5111754179000855,0.2239193598429362,0.513339352607727,0.40222911834716796,173.95127693139767,171.55519752032686,177.3595567780528,175.47033684564113,89.30470300255293,0.31307423909505205,78.8878478867676,0.46546678543090825,103.4953368627276,0.4613343397776286,74.58331274159413,0.5678672472635905,95.333310340049,0.5689892609914144
0.4959106922149658,0.1592097759246826,0.5040050506591797,0.42290382385253905,0.5244717121124267,0.42336676915486654,0.4820267677307129,0.4942349751790365,0.5149366855621338,0.48785263697306314,0.472119140625,0.6286042531331381,0.47313804626464845,0.6263680140177409,0.5055673122406006,0.22050449848175047,0.5142383813858031,0.4231352965037028,178.6110581136999,160.54244612969376,174.64108850346344,172.63241495633937,87.54966792719573,0.32181989749272666,89.38179892412987,0.45549396673838294,114.37283930977516,0.4586851358413696,106.79180430258015,0.557110325495402,94.21703397087529,0.5614196141560872
0.48320960998535156,0.1778490702311198,0.5137669086456299,0.41109256744384765,0.5152236461639405,0.39725621541341144,0.48879261016845704,0.40654083887736003,0.48855109214782716,0.40717045466105145,0.47274298667907716,0.6106902440388997,0.4838755130767822,0.5408597946166992,0.4976791858673096,0.2139045000076294,0.5144952774047852,0.40417439142862954,99.29151295093438,97.90165780871563,169.37628679724187,173.06548549876814,84.94931053603474,0.30903944571812947,173.4125994832654,0.4056724230448405,174.7396016832385,0.4053576151529948,92.00301538434297,0.4740151246388753,94.49517920756325,0.5086155414581299
0.48210797309875486,0.1673713207244873,0.5002299785614014,0.382113774617513,0.5203052997589112,0.37461398442586263,0.4817040920257568,0.40997406641642253,0.4963029384613037,0.3977721850077311,0.4720125198364258,0.6135908126831054,0.48657846450805664,0.4594837506612142,0.4947272539138794,0.21795001824696858,0.5102676391601563,0.3783638795216878,143.7621187545416,141.7783373483697,172.6757818566047,173.48787624778933,84.4666342298415,0.2981569488843282,125.73584211671921,0.38806803226470943,132.10154816999017,0.3941689729690552,98.95500000060966,0.42862796783447266,92.72505789145114,0.511782439549764
0.48167877197265624,0.21447466214497884,0.49201245307922364,0.3945472717285156,0.5041918754577637,0.395831298828125,0.4819962501525879,0.3865384419759115,0.4913428783416748,0.3923569361368815,0.4845401763916016,0.5044643719991048,0.49092302322387693,0.4888421058654785,0.4903152465820313,0.23279407024383544,0.49810216426849363,0.3951892852783203,66.89581718251462,64.85598210941212,175.86577327365666,171.6894652605658,87.25474640175699,0.3139916777610779,22.73518625701746,0.3937731107076009,28.24123062728711,0.3908638636271159,90.2493209525239,0.44059952100118,88.76419347812535,0.4455014069875081
0.4561701774597168,0.22921029726664224,0.49767613410949707,0.33614215850830076,0.485278844833374,0.318758233388265,0.4615654945373535,0.462404727935791,0.4576565265655518,0.4599868456522624,0.47673983573913575,0.5870255788167318,0.472957706451416,0.5949160893758138,0.4704444408416748,0.21181664466857908,0.49147748947143555,0.32745019594828284,168.63443343994766,169.5319932421306,169.56927830319503,169.80807195145937,79.69094879771903,0.26963342030843096,104.31534077985482,0.3937185208002726,102.49728687630565,0.39492746194203693,83.53021127242761,0.527451467514038,83.05760887794594,0.5247151533762614
