0,1,2,3,4,5,6,7,8,9,10,11,12,13,14,15,16,17,18,19,20,21,22,23,24,25,26,27,28,29,30,31
0.2053300142288208,0.25401074091593423,0.28791184425354005,0.43198086420694987,0.2790954351425171,0.4290086110432943,0.25046751499176023,0.5030755043029785,0.24171268939971924,0.47575095494588215,0.2977483034133911,0.6423264821370442,0.28254883289337157,0.62138245900472,0.22740696668624877,0.27153000831604,0.2835036396980286,0.4304947376251221,133.27265167847042,149.8391364666017,164.04952638906633,165.09284860097335,70.56269771458298,0.3510123729705811,132.72031189509448,0.45312284628550215,114.47330157554751,0.46678512096405034,74.33611341273773,0.5485667069753011,71.24577535028216,0.5727009932200113
0.22182767391204833,0.3695329984029134,0.27699904441833495,0.401769224802653,0.2685387134552002,0.39949022928873695,0.2582675933837891,0.5202807426452637,0.25244667530059817,0.5252298355102539,0.2976731538772583,0.6595176696777344,0.2739135265350342,0.5909398396809896,0.23126349449157715,0.30823372205098465,0.2727688789367676,0.400629727045695,165.1611040352901,165.83212668084016,162.25287284094085,169.69269293411614,65.80981679055556,0.3544317245483398,99.26334293013443,0.46292978127797446,96.91034563315291,0.46045523484547934,71.9082632735804,0.5580848375956218,74.19791159178125,0.589899206161499
0.2082285165786743,0.33370354970296223,0.28398923873901366,0.39821414947509765,0.27152109146118164,0.39637002944946287,0.2596256971359253,0.5204556147257487,0.2428976535797119,0.5023554801940918,0.28287529945373535,0.627066167195638,0.26295626163482666,0.5506142934163412,0.2249710440635681,0.3017340024312337,0.2777551651000977,0.39729208946228023,156.53926889485976,162.62308102823167,151.91675525425674,168.9740969909937,61.08473465470051,0.349513045946757,108.35460557312719,0.449823784828186,98.3737111385979,0.4588738520940145,67.42995643472382,0.5264848868052165,77.69756679966875,0.5737608909606934
0.2019212245941162,0.35804532368977865,0.28137004375457764,0.40351285934448244,0.2697345733642578,0.39607578913370767,0.2509460926055908,0.508400026957194,0.23820641040802001,0.4976359367370605,0.27125546932220457,0.5084916750590006,0.2568100929260254,0.5051241238911947,0.22188570499420165,0.3113653024037679,0.2755523085594177,0.39979432423909506,154.10090210802812,158.84432443235696,101.83580983557349,87.9948103160805,58.74689554642943,0.3555798133214315,110.89173010246743,0.44871513048807776,102.76568442247373,0.45409717559814455,21.92532839791808,0.5013800303141276,0.25855120342943455,0.5084458510080974
0.19591450691223145,0.4175671895345052,0.2732904672622681,0.4127598762512207,0.26153371334075926,0.41362311045328776,0.24713752269744874,0.5123379389444987,0.23243484497070313,0.4831141789754232,0.2730224847793579,0.457979679107666,0.25075664520263674,0.46231899261474607,0.22309722900390624,0.35418675740559896,0.2674120903015137,0.41319149335225425,149.28209007662556,159.79958950634807,22.65403851525724,32.60337940553653,53.09201982827661,0.38368912537892663,116.57547485386613,0.4481528361638387,101.55714258674053,0.4627647161483765,131.38197653743478,0.47271658579508463,115.46341074428317,0.4851588090260824
0.24434309005737304,0.608502451578776,0.2679917573928833,0.38474159240722655,0.257659387588501,0.3917756716410319,0.22676846981048585,0.45969219207763673,0.2202547311782837,0.4688754081726074,0.29051966667175294,0.670879618326823,0.25847084522247316,0.6407663345336914,0.21948659420013428,0.5328396002451579,0.26282557249069216,0.38825863202412925,27.14891085598351,21.097905061404806,166.47741306776828,168.79905705448078,106.68640501310382,0.46054911613464355,117.83693473378548,0.42856702009836833,116.78300889520703,0.42397541205088296,77.46543346880362,0.5548208713531494,73.20249793915264,0.5652859052022299
0.17363721132278442,0.5162067413330078,0.2672405242919922,0.39290380477905273,0.26084558963775634,0.3925378163655599,0.2422102689743042,0.5505523045857748,0.23316664695739747,0.5428351084391276,0.27386722564697263,0.45425259272257484,0.2588989496231079,0.48919881184895836,0.20111269354820252,0.4522491296132406,0.2640430569648743,0.39272081057230634,148.89077461094706,149.43594551546929,22.577552571059073,27.26872026593411,136.59133396726006,0.42248497009277347,101.62284105890802,0.467777959505717,97.87572919080058,0.47163655757904055,115.62961427513872,0.516016960144043,108.19743471826101,0.5024024486541748
0.15730578899383546,0.4845523516337077,0.2613429307937622,0.3760991096496582,0.25212247371673585,0.3729334513346354,0.2700178623199463,0.5633653004964193,0.2437370538711548,0.5625421524047851,0.2925936460494995,0.6736644744873047,0.2719895601272583,0.645588239034017,0.19726986885070802,0.4522682189941406,0.256732702255249,0.3745162804921468,153.1966520994288,150.80665136492672,164.4329588168358,175.26841295144493,127.40789942183928,0.4133922497431437,93.95378319023933,0.46852921644846596,85.97598305502586,0.46894079049428306,71.21155493181371,0.604065195719401,78.43259533556834,0.618514887491862
0.1776532769203186,0.532595698038737,0.25722951889038087,0.3810259501139323,0.25149245262145997,0.3896939277648926,0.2431407928466797,0.49582497278849286,0.23323369026184082,0.5007774035135905,0.28886525630950927,0.6709512710571289,0.27107925415039064,0.6505717595418294,0.20117780566215515,0.49707468350728357,0.2543609857559204,0.38535993893941245,86.21572388154311,82.4943874289069,169.42794164557031,172.25598693676764,115.45735906092945,0.441217311223348,100.37321288737738,0.44306867122650145,95.79977614191515,0.4405924558639527,75.8209363287084,0.57567458152771,75.36707529061184,0.5833881219228109
0.19395521879196168,0.5178248723347981,0.25150954723358154,0.3679624239603678,0.24105582237243653,0.3775421778361003,0.26533381938934325,0.5595434188842774,0.24191319942474365,0.573655382792155,0.2870886564254761,0.6665046056111653,0.26224188804626464,0.6604315439860026,0.20666155219078064,0.45089979171752925,0.24628268480300902,0.3727523008982341,162.73161292492944,157.45258530126083,169.99058717972508,176.41193693311251,116.88521524476782,0.41182604630788167,91.24594209774928,0.47320384184519454,84.17644589958637,0.46614785989125573,76.81531921073062,0.6170434633890788,78.50342700491416,0.6130240122477213
0.17897474765777588,0.31952657699584963,0.24630675315856934,0.36659148534138997,0.23517444133758544,0.3871771812438965,0.26388890743255616,0.5613260269165039,0.24678499698638917,0.5815484364827473,0.28403687477111816,0.6610888163248698,0.26458234786987306,0.6610156377156575,0.1935533046722412,0.27949074109395344,0.2407405972480774,0.37688433329264326,171.69701711039949,173.14082538606655,172.17294172998757,177.24415104367645,64.14976548333628,0.32818753719329835,88.3083601178958,0.4792163848876953,82.8465098314038,0.4691051801045736,77.37643026394667,0.6212820370992025,78.58219714456968,0.6112074216206869
0.17616397142410278,0.23743308385213216,0.2445448398590088,0.3890591939290365,0.23997933864593507,0.3976599375406901,0.2369011163711548,0.5076394399007161,0.23257920742034913,0.5376660029093424,0.26591317653656005,0.5517271041870118,0.253299617767334,0.570293680826823,0.2089742064476013,0.40765833854675293,0.24226208925247195,0.3933595657348633,165.87036742970975,161.70796012326207,151.1517641530635,155.14687632461226,156.7541125938506,0.4005089521408081,93.83876077235591,0.46551278432210286,92.68582813127178,0.4504995028177897,57.58215650428667,0.5539798418680827,56.65292783638248,0.529683272043864
0.17347297668457032,0.27800604502360027,0.23486182689666749,0.3888327280680339,0.22307794094085692,0.3968393325805664,0.25453848838806153,0.4853242556254069,0.21441252231597902,0.4620984395345052,0.276644229888916,0.6407217025756836,0.24898757934570312,0.6002273559570312,0.1914602816104889,0.2717555681864421,0.22896988391876222,0.39283603032430015,161.2547733540406,178.99891832903884,171.46022639457576,177.20974872022703,72.78750455788527,0.3322957992553711,101.86948879146532,0.42746723492940264,74.54640464109416,0.43908014297485354,75.94703775842439,0.5311628977457682,81.90382721380006,0.5630229791005452
0.17044248580932617,0.2552158355712891,0.2304826259613037,0.38776264190673826,0.2209599494934082,0.4065992991129557,0.2583817958831787,0.4969212849934896,0.24211633205413818,0.5417226155598959,0.2783919334411621,0.6502926508585612,0.2607134819030762,0.655651346842448,0.1857023000717163,0.2668164173762003,0.22572128772735595,0.397180970509847,174.8744985081869,179.39760409484856,178.43902550110175,175.67824524923958,72.93469069048464,0.33199869394302367,83.52872267797092,0.46945179303487145,71.86868460143693,0.44705112775166833,80.72909279454012,0.5986869812011719,82.56669046608023,0.5736069679260254
0.16475870609283447,0.275293509165446,0.2348710536956787,0.4035182952880859,0.22121288776397705,0.42857421239217125,0.25861124992370604,0.549484125773112,0.23484086990356445,0.5698075612386068,0.28208603858947756,0.6690783818562825,0.24875237941741943,0.6615629196166992,0.18182520270347596,0.28228546778361,0.22804197072982788,0.4160462538401286,172.08449333933132,176.8699391296839,176.20048222059077,179.0488163618475,70.93904414717038,0.3491658608118693,87.46818848537735,0.4929269075393677,77.09676607176871,0.4827651898066203,81.37874665907891,0.6156852404276529,78.89477395998247,0.6092812538146972
0.16041772365570067,0.2876310666402181,0.22468252182006837,0.40890979766845703,0.216512131690979,0.4241426150004069,0.24888360500335693,0.48815800348917643,0.2245941400527954,0.5257790565490723,0.28008151054382324,0.6600775400797526,0.2523031234741211,0.6125263849894206,0.18354750275611878,0.28427600860595703,0.22059732675552368,0.41652620633443194,172.44912818577984,176.220306690023,171.47419066726977,176.5603887667141,74.34981197481662,0.3504011074701945,87.9048742823838,0.4711526314417521,68.45171044666631,0.45234210491180415,72.28538721741243,0.5691527207692464,79.7145730486043,0.5741177717844645
0.15294406414031983,0.26277832984924315,0.21645920276641845,0.335932191212972,0.2073366403579712,0.3812723159790039,0.25441019535064696,0.4713815371195475,0.23295392990112304,0.5098471641540527,0.2809622287750244,0.6674630482991536,0.2551832437515259,0.6149839401245117,0.1691012740135193,0.28479029337565104,0.21189792156219484,0.35860225359598796,172.0860726783873,176.08426108331545,177.64461016402043,175.10715215920365,59.894567444943576,0.32169627348581953,82.07434040152079,0.43422470887502035,69.34601074196539,0.4149918953577677,78.06164319359166,0.5624155521392822,82.28830018709223,0.5694222927093505
0.15246559381484986,0.2411541779836019,0.2195718765258789,0.3647054354349772,0.21261675357818605,0.39314228693644204,0.2523338317871094,0.49967374801635744,0.22458927631378173,0.5164984703063965,0.27996556758880614,0.6656454722086589,0.25298757553100587,0.6187784830729167,0.16737375855445863,0.29017341931660967,0.21609431505203247,0.37892386118570964,169.34615079162725,174.63121789663535,173.22697761761827,176.89378705586665,61.23491847390022,0.33454864025115966,86.46658461803752,0.4477111657460531,73.29442176012734,0.43929880460103354,74.48255398553412,0.5676384766896566,80.54782791132544,0.5826596101125081
0.15576120615005493,0.2721067110697428,0.22207074165344237,0.3903517723083496,0.22307147979736328,0.40011879603068035,0.24730262756347657,0.5210640589396159,0.23069167137145996,0.52724822362264,0.2746433258056641,0.6519001642862956,0.25201461315155027,0.6186045328776042,0.1717652678489685,0.2950337251027425,0.2225711107254028,0.395235284169515,169.2812786269402,172.6405058554703,174.3713030073713,179.66532503949196,63.11333028360547,0.3451345046361287,86.47997890272599,0.46124175389607747,78.88031722999493,0.45814967155456543,76.86212971729138,0.5729263782501222,78.19680608504368,0.5864821116129557
0.15794451236724855,0.31165552139282227,0.2224759578704834,0.38153041203816734,0.2244189739227295,0.3805503527323405,0.23400726318359374,0.5004125912984212,0.2246257781982422,0.49476505915323893,0.26494622230529785,0.6026814778645834,0.2521049976348877,0.5937003453572591,0.17163519263267518,0.3074941635131836,0.22344746589660647,0.38104038238525395,164.79411770818487,167.13885381034234,172.15220041686197,173.77302213732435,54.83584482491474,0.34426727294921877,89.40637416576298,0.4379027207692464,84.9447112292852,0.4407264868418376,74.47739682845796,0.544232702255249,73.16808875713774,0.5515470345815023
0.1496398091316223,0.3030936559041341,0.2307194471359253,0.42361761728922526,0.23140623569488525,0.4054209391276042,0.25522623062133787,0.5187145868937174,0.21223180294036864,0.49232927958170575,0.27693982124328614,0.6610438664754231,0.25211381912231445,0.5923452377319336,0.1817211091518402,0.30335103670756025,0.23106284141540528,0.4145192782084147,157.2239472682516,174.21123297287693,165.0112711013148,178.13223049017546,66.06608406121704,0.3589351574579875,103.60474279986585,0.4534242788950602,76.94362656575487,0.46661693255106607,68.26003555860966,0.5423372586568197,81.3259035862362,0.5898792266845703
0.14610581398010253,0.311286195119222,0.2353130578994751,0.4193718910217285,0.2255030870437622,0.41606327692667644,0.25488522052764895,0.5449221293131511,0.20942912101745606,0.5236248970031738,0.26709933280944825,0.633796755472819,0.24873638153076172,0.5929175059000651,0.17845693230628967,0.30422194798787433,0.23040807247161865,0.41771758397420244,160.7603405358685,173.27599086355548,156.40748119868633,178.18801622809863,65.4046823869925,0.36096976598103836,101.20454923904548,0.47067124048868814,79.10807259192094,0.48131985664367677,60.435282101911504,0.5582712014516195,82.1748139961328,0.5893594423929851
0.14789855480194092,0.3120105743408203,0.23468165397644042,0.44337987899780273,0.22393367290496827,0.4359376589457194,0.25783350467681887,0.5798910140991211,0.1854984998703003,0.5307017008463542,0.27250373363494873,0.6648548762003581,0.2584990501403809,0.6312246958414713,0.18108392953872682,0.3101370652516683,0.22930766344070436,0.43965876897176104,153.156881545916,175.61619168056563,152.67681566189492,178.93802568706656,69.57861196733352,0.37489791711171466,115.69650453372735,0.4851802349090576,78.50185635400962,0.5097748915354411,54.012566721310364,0.5809631983439127,80.20365282798855,0.6223729451497396
0.14329729080200196,0.309373664855957,0.23016772270202637,0.43754460016886393,0.22158565521240234,0.4325059572855631,0.25936713218688967,0.5811890284220378,0.19315930604934692,0.5512909571329753,0.26865410804748535,0.6710553487141927,0.2565626621246338,0.6438039779663086,0.17712259888648987,0.3007695992787679,0.22587668895721436,0.4350252787272135,160.62060079349055,176.55944609119322,153.9367758159865,175.62750479167394,70.04183364132544,0.3678974390029907,105.71670280985789,0.4931581179300944,77.09460849591169,0.5081071535746257,55.57539636942433,0.5975474675496419,84.09987695682798,0.6261221885681152
0.14672900438308717,0.31702613830566406,0.2282869338989258,0.40933090845743814,0.2270207643508911,0.3959381103515625,0.2510782957077026,0.5758057276407877,0.24754886627197265,0.5695852915445964,0.2715914249420166,0.667572021484375,0.26214597225189207,0.6696427027384441,0.1785619854927063,0.30550899505615237,0.22765384912490844,0.4026345094045003,172.15505591771117,172.6856015805611,179.0605337080137,176.81574855208765,63.18579113786739,0.35407175223032633,83.2042833498068,0.48610990047454833,82.29649760551803,0.489220118522644,81.69982714867916,0.6196139971415202,77.39944559079719,0.6216888745625814
0.1456536293029785,0.30921621322631837,0.22740986347198486,0.4173679987589518,0.2231506586074829,0.41036704381306965,0.25189032554626467,0.5658119201660157,0.1907562494277954,0.4989093462626139,0.28046693801879885,0.6755130767822266,0.26250133514404295,0.668353525797526,0.1788433253765106,0.3080729007720947,0.22528026103973386,0.41386752128601073,154.33252340323546,174.10998391964173,165.37257667654907,177.30955526970376,66.30166007848472,0.3609702110290527,112.09543498398712,0.4563884337743123,80.06651219128348,0.48983972072601323,67.05150682887802,0.58363143603007,75.39921669378765,0.6206624984741211
0.1430461049079895,0.2922255833943685,0.22517824172973633,0.40812066396077473,0.2236621141433716,0.4040546735127767,0.2482755184173584,0.5524316151936849,0.20128180980682372,0.5277315775553385,0.28030145168304443,0.6775768915812175,0.2578005790710449,0.6650211970011394,0.17459287643432617,0.28122795422871905,0.22442017793655394,0.4060876687367757,163.05086186988171,174.058628639603,164.97000418439168,177.27638796022967,68.24472462277676,0.3436578114827474,100.76979782714795,0.4669096231460571,80.74171799626475,0.4792596419652303,67.62423648143199,0.5963763872782389,75.64550062162483,0.6150042533874511
0.14607540369033814,0.3102754592895508,0.22682061195373535,0.4142268180847168,0.2313925266265869,0.4061514536539714,0.24654552936553956,0.5612249374389648,0.24290885925292968,0.5516133626302083,0.27783880233764646,0.6869270960489909,0.26338198184967043,0.6770723342895508,0.17487884759902955,0.29273042678833006,0.22910656929016113,0.4101891358693441,170.85065833637498,171.64135136303634,178.0501866636005,176.00763334528622,65.21842168512374,0.35145978132883704,84.4258741176156,0.4809012492497762,83.41365573412331,0.4857070366541545,80.73183539796588,0.6143428484598796,76.02051214348948,0.6240760167439778
0.15047407150268555,0.3191854476928711,0.22675688266754152,0.40487829844156903,0.23117308616638182,0.39587618509928385,0.24890537261962892,0.5498146692911784,0.24032847881317138,0.5467190424601237,0.2721107006072998,0.6880060831705729,0.2619253396987915,0.6846592585245769,0.17433544993400574,0.2942400455474854,0.22896498441696167,0.40037724177042644,169.791861050502,171.3345939370123,177.71510654497632,178.99876750612472,62.764812650879634,0.3473086436589559,85.55987147807569,0.4735481421152751,82.39955613752173,0.4750959555308024,81.1016219085862,0.6156891504923503,80.46773110455261,0.6189103762308756
0.14814611673355102,0.32177241643269855,0.22454633712768554,0.38521114985148114,0.22868874073028564,0.3724466323852539,0.24349672794342042,0.5521498362223307,0.23999438285827637,0.5495624542236328,0.27462220191955566,0.6896936416625976,0.2627607822418213,0.6819107691446941,0.16685404777526858,0.29407267570495604,0.2266175389289856,0.3788288911183675,168.50483542054684,169.0221705343662,177.04011586126205,176.02745929205247,54.81148573760415,0.3364507834116618,85.52007142556079,0.46419567267100015,84.43768229788765,0.4654893636703491,80.23957207662174,0.6157366116841634,77.24901395214945,0.6209217389424642
0.1584324836730957,0.44109748204549154,0.2242049217224121,0.36902100245157876,0.21775579452514648,0.3931547482808431,0.2512639045715332,0.5602064768473307,0.22684853076934813,0.5875635147094727,0.27055583000183103,0.6779329935709636,0.2539031982421875,0.667142105102539,0.16995677947998047,0.38061842918395994,0.2209803581237793,0.3810878753662109,166.25636522000895,165.23795871298339,167.7887473610763,179.82504136612135,0.5271391530796855,0.3808531522750854,88.37205471232157,0.4843256950378418,80.40376206072179,0.4706471761067708,71.22329192870002,0.6273528099060058,80.69361615160147,0.6190697352091472
0.1377405047416687,0.38006788889567056,0.2167130708694458,0.345816961924235,0.21143922805786133,0.3580059051513672,0.24438238143920898,0.5216588973999023,0.22500500679016114,0.5573418299357097,0.26466975212097166,0.6454991658528646,0.24038684368133545,0.6169453303019206,0.1533331334590912,0.33726301193237307,0.21407614946365355,0.3519114335378011,165.00665943359476,163.84396860150483,171.19879114259885,179.52581726736435,13.558235453765828,0.3445872227350871,86.95474636665337,0.4546266317367554,79.8772305167943,0.4367851654688517,75.52944596805285,0.5871435801188152,80.69650852370104,0.5835790316263835
0.2330155372619629,0.5361129760742187,0.20960078239440919,0.33968865076700844,0.19704384803771974,0.3349957784016927,0.24201111793518065,0.5237342198689778,0.19954490661621094,0.5248943328857422,0.2673466682434082,0.6700446446736653,0.24540932178497316,0.6618757247924805,0.21378014087677003,0.4688448270161947,0.20332231521606448,0.33734221458435054,166.90335990213867,164.5083099950987,168.8774507903343,178.93140099319737,85.4530873697186,0.4030935208002726,91.1538142835633,0.43111827373504635,78.27380657527554,0.4305382172266642,71.48830873249798,0.5933850288391114,80.17591170335784,0.5968894322713216
0.2431255340576172,0.5542102177937825,0.200447416305542,0.37564764022827146,0.20548737049102783,0.3484007517496745,0.18718708753585817,0.47359609603881836,0.18636460304260255,0.4643141110738119,0.18082430362701415,0.5089293797810872,0.16511498689651488,0.4971867561340332,0.2340675711631775,0.5095615069071452,0.2029673933982849,0.36202419598897295,55.73263595917323,60.555877922383125,162.76541962608147,178.3633336616316,78.09658292755815,0.43579285144805907,99.21934214074835,0.4131691535313924,98.05030092990208,0.41781014601389566,122.87953501694129,0.48075043360392256,100.20836034123022,0.4912627379099528
0.2477773666381836,0.5883644104003907,0.2062925338745117,0.35058848063151044,0.19784175157546996,0.33471705118815104,0.19726314544677734,0.4243384679158529,0.19181059598922728,0.437203852335612,0.19722312688827515,0.4693099021911621,0.18497211933135987,0.48953739802042645,0.23617630004882811,0.5035860538482666,0.20206714272499082,0.34265276590983074,39.947309173385754,29.51827793831305,179.19373199117265,177.8607697478672,78.03347773289447,0.42311940987904867,96.19102324594796,0.38992830912272136,93.36573089676898,0.38349561691284184,97.44471532058314,0.4633706251780192,90.0509855630825,0.4468241850535075
0.24570019245147706,0.5698319753011067,0.20995543003082276,0.4175207455952962,0.2128976583480835,0.40381352106730145,0.1930145263671875,0.3486651420593262,0.1888164758682251,0.3650871594746908,0.16513787508010863,0.3702832221984863,0.15254976749420165,0.36845315297444664,0.23815617561340333,0.5940982500712076,0.21142654418945311,0.41066713333129884,165.77451099822474,173.88250036967665,139.05734911791876,101.10413690469359,81.70919841499011,0.5023826917012533,63.61616603333542,0.3878771464029948,73.46076597403453,0.37966613769531254,174.69744263010986,0.3667701562245687,142.20675955344637,0.35947418212890625
0.2532075881958008,0.5613737106323242,0.2182638168334961,0.4074580192565918,0.20726437568664552,0.4087519645690918,0.19910871982574463,0.5650424957275391,0.1962740659713745,0.5788703282674154,0.20870845317840575,0.6329876581827799,0.1950412154197693,0.6437294642130534,0.2187711477279663,0.44449243545532224,0.2127640962600708,0.4081049919128418,176.01156989702002,175.70916406034337,176.78745799954245,170.92492117590942,80.62582738011255,0.426298713684082,95.51569034146458,0.49348766009012857,94.97287029192945,0.4865737438201904,91.08895419154955,0.6112998962402344,81.95810905212316,0.5990150769551594
0.19897143840789794,0.507532246907552,0.2217836856842041,0.40896132787068684,0.2153233766555786,0.40801092783610027,0.20634279251098633,0.5788949330647787,0.20324573516845704,0.5907862345377605,0.21661181449890138,0.6668688456217448,0.20852301120758057,0.6627208073933919,0.2058551788330078,0.42332755724589033,0.21855353116989135,0.40848612785339355,176.09286166563757,175.72185534485772,173.5448106419914,172.91154287292898,130.55035273832002,0.41590684254964194,94.79988400629337,0.499636181195577,94.09855613832994,0.4936905304590861,85.80417408987,0.6267535209655761,83.34210601980978,0.6228818893432617
0.1838939070701599,0.46946989695231117,0.23190739154815673,0.4202178319295247,0.22442471981048584,0.4233911832173665,0.2254105806350708,0.6281883239746093,0.2208024740219116,0.6366747538248698,0.24148135185241698,0.6849044799804688,0.22473294734954835,0.69613037109375,0.19143698811531068,0.39772920608520507,0.2281660556793213,0.4218045075734456,171.03094947076255,170.84910423607886,175.50080924438976,167.07691520126875,33.24418417650932,0.40976685682932534,91.96275245377375,0.5292396306991577,90.76492291669152,0.5249964157740274,86.21781181678705,0.66640256245931,74.17968978886287,0.6565464019775391
0.14239394664764404,0.33635730743408204,0.22047948837280273,0.4270173072814941,0.22474374771118164,0.42467641830444336,0.21433191299438475,0.5921548843383789,0.22273147106170654,0.6358685811360677,0.2263187885284424,0.6903247833251953,0.23060364723205568,0.6887054443359375,0.1681624948978424,0.30721103350321455,0.2226116180419922,0.42584686279296874,170.60553769899008,167.9462206870021,173.26732659572528,173.84151160731105,65.34676096485158,0.36652894814809167,89.96730304132232,0.5308577219645182,92.85013790847866,0.5090008735656738,81.52582545294379,0.6622870127360025,83.03845283672631,0.6412398338317871
0.14599955081939697,0.31444857915242513,0.22121407985687255,0.4476923942565918,0.22751147747039796,0.43362979888916015,0.21592819690704346,0.6719161987304687,0.21854243278503419,0.6465979258219401,0.21876380443572999,0.6898345947265625,0.21973772048950196,0.6877145131429037,0.17385236620903016,0.2935499986012777,0.22436277866363524,0.440661096572876,171.16675854283397,171.5657250802304,177.26233861381496,169.72021781352296,71.05015485713913,0.3671055475870768,91.61890665548292,0.5436295111974081,92.0888266217361,0.5562886476516724,88.33484093207761,0.6671562194824219,81.00744787761744,0.6808753967285156
0.14396061897277831,0.35230964024861655,0.22552504539489746,0.4507030169169108,0.22679390907287597,0.44319995244344074,0.2106456756591797,0.6644629160563151,0.21047093868255615,0.5829566319783529,0.219626522064209,0.6932612737019856,0.22001914978027343,0.6906112670898438,0.17142831683158874,0.3083338260650635,0.2261594772338867,0.44695148468017576,165.32845634144573,169.6361810909006,173.48795687648175,161.16044954780628,68.45413795356797,0.37764265537261965,96.5801307433065,0.5149540583292643,94.07965990495099,0.5557072003682455,84.93152872158079,0.6367839495340983,72.67976805824483,0.6788620948791504
0.14822206497192383,0.3584622701009115,0.21535372734069824,0.44171581268310545,0.22277555465698243,0.4272585868835449,0.2082386016845703,0.6043105443318685,0.2094489097595215,0.572935422261556,0.22345855236053466,0.6863198598225911,0.21677010059356688,0.697502072652181,0.17068814635276794,0.31411016782124834,0.21906464099884032,0.4344871997833252,167.5098600210791,168.97957971229698,176.13657299212483,170.48578688181306,68.10604899602366,0.37429868380228676,93.97301955206987,0.5037113110224406,93.64760300074143,0.5193988720575968,86.63640839921253,0.6352187474568685,79.48620630826503,0.6453152020772298
0.13642022609710694,0.34666592280069985,0.21292388439178467,0.4643113454182943,0.2104625701904297,0.45914793014526367,0.20244119167327881,0.6005465825398763,0.20034890174865722,0.5856346766153971,0.21313376426696778,0.7064966201782227,0.21782548427581788,0.681870714823405,0.16832030415534974,0.3101966698964437,0.21169322729110718,0.461729637781779,168.13607320164388,169.48446776613204,171.3028073272364,174.5743719335419,74.02741483090242,0.38596315383911134,95.23122286948269,0.5236821571985881,93.81307738688221,0.5311381101608277,79.70718686052955,0.6337526957194011,84.23717066883853,0.6535216013590495
0.14110255241394043,0.3336869557698568,0.215820574760437,0.47977641423543294,0.22025701999664307,0.46927274068196617,0.20360860824584961,0.6073596954345704,0.21106493473052979,0.5743445078531901,0.21370413303375244,0.7202915191650391,0.2679824590682983,0.6740835825602214,0.16856110095977783,0.31742877960205074,0.21803879737854004,0.4745245774586996,166.60969749321694,166.9075365645427,164.3389526437141,173.8811927003821,72.51805451539367,0.39597667853037516,93.99644321642064,0.5244345426559449,96.19986247293723,0.5409421364466349,60.288142266373015,0.6242140452067058,84.89163056910542,0.6638256072998048
0.14425698518753052,0.334869384765625,0.2035628080368042,0.470772393544515,0.21138417720794678,0.4613919893900553,0.19780441522598266,0.6070899963378906,0.20083334445953369,0.594873046875,0.21301684379577637,0.7225098927815755,0.21921875476837158,0.7036304473876953,0.16652143001556396,0.3163163503011068,0.2074734926223755,0.46608219146728513,170.02640237073211,169.93673116148636,173.23548913691454,173.73005509782223,74.70684664808009,0.3911992708841959,92.9514199275921,0.5304776191711426,93.92270107176049,0.5365860939025879,80.40487956127934,0.6492517471313477,82.49165080878576,0.664799944559733
0.1389143943786621,0.3391936620076497,0.20777442455291747,0.4682968457539876,0.20852124691009521,0.46603091557820636,0.2067251443862915,0.598814582824707,0.20486674308776856,0.5914602915445963,0.21511521339416503,0.7235238393147786,0.22157468795776367,0.709757932027181,0.1626659333705902,0.3296986103057861,0.20814783573150636,0.467163880666097,169.3295630747855,170.082972735565,175.1288342395003,177.70791722322355,71.69263235101997,0.39843124548594155,91.5121041063968,0.5293120861053466,90.61914623615455,0.532989231745402,81.9609170158789,0.6506091117858886,86.15110979490649,0.6611692110697428
0.1296061396598816,0.3229739507039388,0.21192445755004882,0.4252238591512044,0.18854305744171143,0.456945006052653,0.23935990333557128,0.5415636698404948,0.1922638535499573,0.5984423955281576,0.266780161857605,0.6677771886189778,0.21503639221191406,0.7185249328613281,0.15246039628982544,0.31602749824523924,0.20023375749588013,0.4410844326019287,169.0781404528646,179.79606054566733,172.3159808557487,175.89742880205822,69.09249849622229,0.37855596542358394,92.89945284405773,0.5197634140650431,68.72429369607279,0.4913240512212117,79.26190229468438,0.6584836641947429,77.74279621816835,0.6046704292297362
0.1263776659965515,0.3154667536417643,0.20918917655944824,0.4041842142740885,0.19265432357788087,0.4260999361673991,0.23937587738037108,0.5451453526814779,0.1946253776550293,0.5913809458414714,0.2678620100021362,0.6781737009684244,0.21439588069915771,0.731235122680664,0.14649800062179566,0.2971298058827718,0.20092175006866456,0.4151420752207438,168.66491792044536,175.94775004159033,174.39456709717987,177.80815864424886,65.2422533235922,0.3561359405517578,92.04609911285836,0.5032615105311076,73.52212419828363,0.4801437139511109,81.95369174772262,0.6613080342610678,77.91345518759559,0.6116595268249512
0.12174689769744873,0.3066065788269043,0.21230478286743165,0.4441163698832194,0.19414830207824707,0.4600543022155762,0.24300038814544678,0.5715010325113933,0.19294525384902955,0.6050734837849935,0.2629035711288452,0.6789779663085938,0.21428911685943602,0.7306400299072265,0.14652707576751708,0.30092789332071945,0.20322654247283936,0.4520853360493978,167.47789837314315,178.79761531880416,172.62730152261355,175.7553917732818,69.43882876374245,0.37650661468505864,93.84467714949162,0.5285794099171957,71.5786055863479,0.5117931842803956,80.35304114187474,0.66785675684611,79.50849871382353,0.6252394994099935
0.12389975786209106,0.27375354766845705,0.20921568870544432,0.46045080820719403,0.20260369777679443,0.46336936950683594,0.24252841472625733,0.5821277618408203,0.20116541385650635,0.6155687967936198,0.26379919052124023,0.6848817825317383,0.2627732515335083,0.681953493754069,0.1478221297264099,0.3177549203236898,0.20590969324111938,0.461910088857015,168.0766134431459,177.23187032508324,151.62674031011585,177.14122133346532,68.05294830052638,0.3898325045903524,91.7684702784154,0.5387394428253174,73.05908180420535,0.5220189253489176,47.13736612324207,0.6487611452738444,78.30457628169168,0.6335047721862792
0.12095757722854614,0.2985941569010417,0.20447731018066406,0.4795090675354004,0.20587241649627686,0.4782983144124349,0.20577054023742675,0.6288810094197591,0.23776819705963134,0.5822880427042644,0.21496055126190186,0.7476266860961914,0.2617976665496826,0.6874184290568034,0.14617088437080383,0.3153428236643473,0.20517486333847046,0.47890369097391766,178.55946244720573,169.46476531427214,177.6823518028916,177.66009858583726,70.16327829508063,0.39712325731913245,72.50182843245837,0.530595866839091,89.77243497114843,0.5538923501968384,77.12517096805561,0.6348532358805339,85.57456445582386,0.6882538477579753
0.11457518339157105,0.2990177472432454,0.19973036050796508,0.4847085952758789,0.21810498237609863,0.46829570134480797,0.2017228126525879,0.6270050684611003,0.23576135635375978,0.5904935836791992,0.21645236015319824,0.7470705668131511,0.2595182418823242,0.6879526774088541,0.14381563067436218,0.3185458024342855,0.20891767144203185,0.47650214831034343,174.57064916574274,166.63062612496543,179.75852179757965,174.60108260025837,67.60088891605709,0.39752397537231443,76.74892141704015,0.5334978659947713,92.73696641308055,0.5517536083857218,76.30059964214398,0.6392231305440267,83.00594329022654,0.6870378176371257
0.11416505575180054,0.30835116704305016,0.20016813278198242,0.48444375991821287,0.2119278907775879,0.47067410151163735,0.20602648258209227,0.6214122772216797,0.22525794506073,0.5982237497965495,0.2155674934387207,0.7470597585042318,0.2634458303451538,0.6918380101521809,0.14230064153671262,0.31800459225972494,0.20604801177978516,0.4775589307149251,172.55453141012174,168.12979622243648,172.80356075414565,177.6805897064862,68.22161527834194,0.397781761487325,80.95437757474005,0.5378913402557373,90.00857492845908,0.5494856039683024,67.80807331966679,0.6450308799743651,85.65759239105645,0.6842360178629557
0.1057281732559204,0.3007440249125163,0.19291040897369385,0.48360748291015626,0.20079145431518555,0.46937767664591473,0.2032090187072754,0.6267417271931967,0.22286999225616455,0.602658462524414,0.21682918071746826,0.7460601806640625,0.27252175807952883,0.7038515726725261,0.13476825952529908,0.31300816535949705,0.1968509316444397,0.4764925797780355,174.73471433409546,170.11689976071636,172.27324634041184,177.7264602346949,69.20589022107089,0.3947503725687663,78.3473149384613,0.5395755211512248,87.57686252863199,0.551617153485616,63.8644985367318,0.65325501759847,83.48789267040851,0.6864009539286295
0.10015038251876832,0.29558273951212566,0.19016040563583375,0.47799434661865237,0.19807337522506713,0.46428680419921875,0.2038445234298706,0.6224085489908854,0.2138150691986084,0.608666737874349,0.21843595504760743,0.7429953893025716,0.2758232355117798,0.7040592829386393,0.13089476227760316,0.3127651691436768,0.19411689043045044,0.47114057540893556,172.49673061652695,170.4227335279152,166.30539434166792,178.2124011863867,68.23853201878781,0.39195287227630615,81.84883772807105,0.5399036566416423,86.32053033810716,0.5467745621999105,56.97486067675108,0.6563630104064941,83.10055232936054,0.6827019691467284
0.0994911789894104,0.29791800181070965,0.19046534299850465,0.4738590876261393,0.19207023382186889,0.4691199620564779,0.20153353214263917,0.614305051167806,0.20727038383483887,0.6029699325561524,0.21639375686645507,0.7442110061645508,0.27087619304656985,0.7044314066569011,0.12640855312347413,0.3166071097056071,0.19126778841018677,0.47148952484130857,171.1710112054099,169.94835345737064,166.78453526101157,178.73800683847492,67.27780188349281,0.39404831727345785,83.06061186994971,0.5372297286987304,85.88858505274955,0.5428972880045573,57.91655851465368,0.6537006696065267,83.474177220061,0.6792580286661785
0.09468949437141419,0.29185098012288413,0.1825297951698303,0.475393009185791,0.18657528162002562,0.4645014762878418,0.20066413879394532,0.6174847284952799,0.20645837783813475,0.6026376724243164,0.21452183723449708,0.7439778645833334,0.27287907600402833,0.7060302734375,0.12432050108909606,0.31471850077311203,0.18455253839492797,0.46994724273681643,173.45195222003974,172.07987444011928,167.79530412316137,179.98934533567441,68.79269288440055,0.39233287175496423,80.62560494168747,0.5362924575805664,83.76779951602255,0.5437159856160482,57.28280427016964,0.6543339729309082,83.74800959474358,0.6807312965393066
0.09697805047035217,0.29515819549560546,0.175731360912323,0.47344573338826496,0.17763901948928834,0.4679536501566569,0.19819449186325072,0.6145101547241211,0.195515239238739,0.606173324584961,0.23381235599517822,0.7163185119628906,0.2401287794113159,0.6932402928670247,0.12565693855285645,0.313506015141805,0.17668519020080567,0.47069969177246096,174.4880542969383,174.95740503727876,168.78137587752212,173.81083883808014,72.01551967908426,0.39210285345713297,82.08691776436548,0.538436508178711,81.49349824362874,0.542604923248291,62.86917643721604,0.6497068087259928,70.71750511786789,0.6654143333435059
0.09654555320739747,0.30141220092773435,0.17584609985351562,0.4621187527974447,0.17113833427429198,0.4571371078491211,0.1865762233734131,0.607870356241862,0.17626097202301025,0.6046911239624023,0.2259037971496582,0.727561887105306,0.2167637586593628,0.7188143412272135,0.12538804411888121,0.3185566266377767,0.1734922170639038,0.45962793032328286,171.01196002517577,173.1021550072536,169.9382186329953,172.87888537205598,71.17103909171267,0.38909227848052974,88.90655437703357,0.5321595271428425,84.95609454740482,0.5337491432825725,70.46002246056293,0.6617527325948079,71.81080027737136,0.6677161216735841
0.09080420732498169,0.298136043548584,0.1683415412902832,0.47371962865193684,0.1629688858985901,0.46987018585205076,0.1895421028137207,0.6255896886189779,0.17296268939971923,0.6134590148925781,0.21953184604644777,0.7314985275268555,0.2153935432434082,0.7146203358968098,0.12299400568008423,0.3134067376454671,0.16565521359443663,0.4717949072519938,173.49799259614016,176.79481483382662,168.8208632490577,175.90971157585278,74.92536005484683,0.39260082244873046,87.04712244439115,0.542626961072286,81.1715511748515,0.5486922979354858,67.24499486779682,0.664039675394694,74.18970102359309,0.6785441080729167
0.09325036406517029,0.29542767206827797,0.1702716112136841,0.48080218633015953,0.17261195182800293,0.4771215756734212,0.17992630004882812,0.622651481628418,0.18627067804336547,0.6121038436889649,0.2089066743850708,0.726293436686198,0.21466577053070068,0.7177888870239257,0.12309606671333313,0.31460577646891275,0.1714417815208435,0.4789618810017904,174.36637482277692,172.92649106737343,175.21972679911786,172.99141702092038,73.60863593920799,0.39678382873535156,83.64478390890903,0.5455328623453777,86.6207484695217,0.5508066813151042,74.9611243928241,0.6649463653564454,74.37793950086471,0.6744724591573079
0.09168022871017456,0.292269229888916,0.1679065227508545,0.4799466768900553,0.16822119951248168,0.4855850537618001,0.17929404973983765,0.6223631540934245,0.1807041883468628,0.6205747604370118,0.2106546401977539,0.7110039393107096,0.21444416046142578,0.7091240564982096,0.12176599502563476,0.3140908718109131,0.1680638611316681,0.4827658653259277,174.35536670981543,174.02873999648594,170.7211469099876,171.08672834255233,74.65146606226628,0.3984283685684204,84.75928940387696,0.5516703128814697,85.40062905143965,0.5525645097096761,69.14163930981579,0.6648494084676106,70.5165189790104,0.6666835467020671
0.09051700830459594,0.29838835398356117,0.16670918464660645,0.4991733233133952,0.16579246520996094,0.49783172607421877,0.1735393524169922,0.6347292582194011,0.1984019994735718,0.634121831258138,0.20361506938934326,0.7255345662434896,0.21525774002075196,0.7299153010050455,0.11972208619117737,0.31705826123555503,0.1662508249282837,0.49850252469380696,179.40031849290156,173.44727496107922,178.02253663579214,171.02034917638184,75.6172517540156,0.407780392964681,76.66314328876607,0.5663121779759726,86.93742875756091,0.566615891456604,80.02043917789827,0.6820185661315918,71.67456138263773,0.6801319122314453
0.090445476770401,0.2954934438069661,0.16463098526000977,0.4731367746988932,0.15670990943908691,0.47838687896728516,0.18671351671218872,0.585171127319336,0.14554671049118043,0.5931853612263998,0.20635702610015869,0.7272058486938476,0.21049461364746094,0.7263550440470378,0.11647189259529114,0.3198622862497965,0.16067044734954833,0.4757618268330892,166.58888930485745,178.56007962683114,165.24632187441642,177.57598504673888,74.17161468951309,0.39781205654144286,97.33909060877959,0.5344735940297445,76.61085449520175,0.5304664770762126,64.00114383937888,0.6597702026367187,82.12589973031706,0.6561884880065918
