0,1,2,3,4,5,6,7,8,9,10,11,12,13,14,15,16,17,18,19,20,21,22,23,24,25,26,27,28,29,30,31
0.6634708404541015,0.1515674591064453,0.6943676948547364,0.3590051333109538,0.6894949436187744,0.3375530242919922,0.6718696594238281,0.5621161142985026,0.671419334411621,0.5203618367513021,0.7082245349884033,0.6384748458862305,0.7005343914031983,0.6271669387817382,0.6782536029815673,0.20189979871114094,0.6919313192367553,0.348279078801473,174.43190059512403,175.65565995610294,166.518563227371,157.75411716202814,84.66176831227256,0.275089438756307,96.7974913034992,0.43432045777638756,95.35965978075284,0.4551975965499878,74.75167576429625,0.5737643877665202,64.54058505541319,0.6002954800923666
0.6762247562408448,0.23802019755045573,0.6943043231964111,0.39458564122517903,0.6751401901245118,0.3786975860595703,0.684242057800293,0.531890074412028,0.6698738098144531,0.47746073404947914,0.6976273536682129,0.593229103088379,0.6902611732482911,0.5534420013427734,0.6806325674057007,0.2341656525929769,0.6847222566604614,0.3866416136423747,173.24662383604436,179.11598109239182,166.88204410044523,171.26449652636293,88.46358884976355,0.3104036331176758,99.28540459445848,0.43205117384592695,90.18942209527982,0.45926584402720133,74.98013022689882,0.5154513676961263,77.689991326674,0.5625595887502035
0.7220098495483398,0.3327930450439453,0.6817773818969727,0.41399097442626953,0.6609409332275391,0.397002124786377,0.6839256286621094,0.48752209345499675,0.6713921070098877,0.454637082417806,0.6802308559417725,0.4743670463562012,0.675604248046875,0.47737096150716146,0.6787336826324463,0.34209392865498855,0.671359157562256,0.40549654960632325,176.2292704523325,173.33455364219662,172.88336305865948,8.347860983712279,96.63441135068172,0.37379523913065593,89.96158234565937,0.43006681601206465,81.28989945066387,0.44650932153066003,79.50325141395513,0.4660040219624837,74.31188516742695,0.480944569905599
0.6898188591003418,0.27024259567260744,0.6769794940948486,0.45500208536783854,0.662662935256958,0.44164826075236,0.6754946231842041,0.5325740178426107,0.6709897518157959,0.5027272860209148,0.6722649574279785,0.5421252568562825,0.6724289894104004,0.5422850926717122,0.6813388109207152,0.28142943382263186,0.6698212146759033,0.4483251730600993,176.09199398326373,174.81441226226627,179.50610390862295,159.82512481332992,93.94776426932184,0.3648773034413656,88.76949719704153,0.47552622954050705,86.14745662264815,0.490449595451355,87.91631817519034,0.5225061893463134,108.68250465911792,0.5373496373494466
0.6799643993377685,0.36853644053141277,0.6780087947845459,0.39332640965779625,0.6555304527282715,0.38446343739827477,0.6770432949066162,0.46985594431559247,0.6562180042266845,0.44983174006144205,0.6732275009155273,0.4532583236694336,0.6670068740844727,0.4542844772338867,0.6714958667755127,0.34893671671549475,0.6667696237564087,0.3888949235280355,178.78676651726443,175.39474293434955,112.63459678346608,7.217751099792611,96.74558460201534,0.36891582012176516,99.82373986120625,0.4193633317947388,82.76801833163823,0.429375433921814,22.426713687971716,0.4520581086476644,77.05267402327102,0.461557133992513
0.6668491363525391,0.39433619181315105,0.6746581077575684,0.4392896970113119,0.6598919868469239,0.41739050547281903,0.6589542388916015,0.438497257232666,0.6539278507232666,0.43756999969482424,0.6577763080596923,0.48523788452148436,0.660360050201416,0.4829065004984538,0.6686363220214844,0.3844887733459472,0.6672750473022462,0.42834010124206545,140.15247966712076,150.8388792877686,164.7025662702552,171.9658523534523,91.778059197055,0.40641443729400634,145.33523567661217,0.43295505046844485,129.32455772390298,0.43341867923736577,81.92494904706695,0.460238250096639,91.44363023295348,0.4618675708770752
0.6672636032104492,0.39423694610595705,0.672545337677002,0.43809757232666013,0.6599478244781494,0.4177924474080404,0.6590159893035888,0.44918479919433596,0.6539422035217285,0.43808717727661134,0.6576429843902588,0.48483540217081705,0.6602598667144776,0.4827706336975098,0.6687287092208862,0.3683637777964274,0.6662465810775757,0.4279450098673503,141.47137334664333,168.0527490759139,165.7207045152614,173.60579360519696,92.38553777568347,0.3981543938318889,140.5021590716112,0.4330160935719808,108.7999460644054,0.4385649045308431,81.9524587051431,0.46042890548706056,92.20553148283132,0.46701010068257653
0.6768767356872558,0.5480334599812825,0.6593744277954101,0.4054811159769694,0.6472433567047119,0.410979175567627,0.6654621601104737,0.3771811485290527,0.6579957485198975,0.3944821993509928,0.6691267013549804,0.4790809631347656,0.6661311626434326,0.47889957427978513,0.6579819917678833,0.4877036730448405,0.653308892250061,0.4082301457722982,161.18353475145014,162.49539623739173,175.2207931467906,169.4744024344917,86.63484250999325,0.44796690940856937,108.82492042302056,0.4013561725616455,111.37647951572721,0.39270564715067546,84.49532933070806,0.436690886815389,87.9404054400946,0.42813105583190914
0.6509480476379395,0.5452627182006836,0.6636840343475342,0.42593437830607095,0.6336812019348145,0.4091148058573405,0.659664249420166,0.45547990798950194,0.6274643898010254,0.4387494087219238,0.662373685836792,0.43665091196695965,0.6461380958557129,0.4315330187479655,0.6482128858566284,0.4356375535329183,0.6486826181411743,0.4175245920817057,143.5207395872979,166.14678744075735,58.57605639872812,43.78445729965558,91.48554648840219,0.426581072807312,134.99110615684458,0.4281370004018148,73.86323002443466,0.43650225003560383,158.87114556101702,0.43514121373494463,98.18848279301142,0.4460654099782308
0.6594666481018067,0.18875818252563475,0.6633893966674804,0.46435155868530276,0.6334324359893799,0.4560939153035482,0.6867250442504883,0.6325967152913411,0.6116841316223145,0.664625612894694,0.6738348007202148,0.6639343897501627,0.6108625411987305,0.6598962148030599,0.6554429292678834,0.2153004248936971,0.6484109163284302,0.4602227369944255,175.37624423699702,171.75549583074147,20.505096571280255,150.52706110987342,91.64457866249549,0.3377615809440613,100.18612549254584,0.5624241749445598,77.46840510479844,0.5464097261428833,80.14493647663525,0.662260913848877,112.35902009100836,0.6482655525207519
0.6327478408813476,0.14214199384053547,0.65859956741333,0.4696324348449707,0.6293645381927491,0.46527112325032555,0.6848063468933105,0.6323213577270508,0.6118360042572022,0.6467351277669271,0.656388521194458,0.658328628540039,0.600786828994751,0.6461568196614583,0.6456928014755249,0.21305956840515136,0.6439820528030396,0.4674517790476481,174.2987044802339,171.42218414011742,100.59236924650395,128.7451199743937,90.38529953786254,0.34025567372639975,100.16528910194766,0.5570934534072876,76.09240358265613,0.5498865683873495,2.9960975361058786,0.6464459737141928,137.53604352515146,0.645324993133545
0.635181474685669,0.2790947596232096,0.6542520523071289,0.44143095016479494,0.6234390735626221,0.4408574104309082,0.6842954635620118,0.6333398183186849,0.6141000270843506,0.6437070210774739,0.6627874851226807,0.601780382792155,0.614595890045166,0.6600449244181316,0.6422800064086914,0.22913399537404378,0.6388455629348755,0.4411441802978516,176.92374091970854,172.62960155836174,171.94016814136185,25.797497081290036,90.9280776099856,0.3351390878359477,96.9648720991822,0.5424256006876628,76.69526335460843,0.5372419993082682,88.2615801098912,0.6518759727478027,55.725293315691005,0.6175601005554199
0.6392829418182373,0.1923784573872884,0.6505895614624023,0.4412488301595052,0.622153902053833,0.4419509251912435,0.6799248695373535,0.6082120895385742,0.6145297527313233,0.6425230026245117,0.6626642227172852,0.6252338409423828,0.6068670272827148,0.642487907409668,0.6418878555297851,0.20804879665374756,0.6363717317581177,0.44159987767537434,177.39890589223256,170.7803108683807,98.09296178065033,126.4525806038436,91.35298822785303,0.32482433716456094,96.20415499798932,0.5420614401499431,75.35044735984296,0.5249059836069743,0.26241232907653966,0.6425054550170899,135.39925671063983,0.6167229652404784
0.6281978607177734,0.21088717778523763,0.640933895111084,0.4480653127034505,0.634516429901123,0.4510175387064616,0.6143449783325196,0.6617752075195312,0.6116991519927979,0.6596062342325847,0.6590811729431152,0.5961146036783854,0.6599503517150879,0.599719746907552,0.6296356201171875,0.22869318326314292,0.6377251625061036,0.44954142570495603,175.32084423229068,175.73558535421301,47.276988146364175,42.557351685831996,87.90222686251643,0.3391173044840495,97.0626784301416,0.5545738299687704,96.28649229488292,0.5556583166122436,128.8587741473845,0.6296629905700684,124.26757298547876,0.6289449055989583
0.6279430389404297,0.28182922999064125,0.6271080017089844,0.4130328814188639,0.6372084140777587,0.42215410868326825,0.6131707668304444,0.6542318979899089,0.6809082508087159,0.6349386850992839,0.6165567398071289,0.6964121500651042,0.6633773803710937,0.6047624588012696,0.6242812156677247,0.24380539258321127,0.6321582078933716,0.4175934950510661,175.5957809695642,176.96316399182632,20.68486110495023,172.20780550082702,87.40482965196497,0.33069944381713867,77.35791797072764,0.526266090075175,94.58748244210203,0.5359126965204875,59.84556576043937,0.6198505719502767,85.41048605086208,0.6753220240275065
0.6309704303741455,0.3000362714131673,0.6189880847930909,0.44178250630696614,0.6170029640197754,0.4542672793070475,0.6119003772735596,0.6639698028564454,0.6768689155578613,0.6322361628214518,0.6007503032684326,0.6328639984130859,0.6674902439117432,0.6134459813435872,0.6249557971954346,0.23773390452067056,0.6179955244064331,0.44802489280700686,169.7728310008845,179.86237492715404,9.867569527955636,25.05072533558162,91.89570046720125,0.3428793986638387,72.27627003847118,0.5401305278142293,91.61677119526931,0.5559973478317262,63.47501542890379,0.6228410720825195,70.27945799719362,0.6484169006347656
0.6094118595123291,0.1355327288309733,0.6108531475067138,0.47158021926879884,0.6337185382843018,0.4540445645650228,0.6107940196990966,0.6838254928588867,0.6554111003875732,0.5786013921101888,0.6212379455566406,0.6558581670125325,0.6659155368804932,0.6195133845011394,0.6142746448516846,0.18969079653422039,0.6222858428955078,0.4628123919169108,170.07300528545477,177.42710025493048,178.84142254641105,20.16628575912258,88.3198828862467,0.3262515942255656,74.0350778521664,0.5207068920135498,92.97647762504943,0.5733189423878988,75.59997079150261,0.599057388305664,110.47729751347366,0.6698418299357096
0.59736008644104,0.1440688451131185,0.621544599533081,0.4714814821879069,0.6092618942260742,0.4740083376566569,0.6277791023254394,0.5468985875447591,0.6200034141540527,0.5464961369832356,0.6281400203704834,0.5828545252482097,0.6187778949737549,0.5913135528564453,0.6017500877380371,0.19937978585561117,0.6154032468795776,0.4727449099222819,179.44101165342644,174.80839848776705,176.80336699304655,173.9768204294636,87.14075115018338,0.3360623478889465,86.4308504841037,0.5096205234527588,80.52496628386332,0.5098217487335205,91.56634607356446,0.5689048449198404,89.42489648241714,0.5648765563964844
0.5973556518554688,0.1521132787068685,0.6219685077667236,0.46223602294921873,0.6091074466705322,0.4642045338948568,0.6282081127166748,0.537387466430664,0.6197804927825927,0.5335553487141927,0.6310603618621826,0.552614974975586,0.6234591960906982,0.5625261306762696,0.6037825345993042,0.19160712560017903,0.6155379772186279,0.4632202784220377,179.22679379538073,174.34623000750818,177.3239158283256,179.2414703917094,87.52177991274404,0.32741370201110837,86.54817892482833,0.49838781356811523,80.30562511183582,0.5003038724263509,82.76332349795756,0.5480407396952311,79.39091783552549,0.545001220703125
0.6000123500823975,0.32718687057495116,0.6144363880157471,0.4550622304280599,0.6077635765075684,0.46796887715657554,0.6237398147583008,0.5359537760416667,0.6235877990722656,0.5447518666585286,0.6250980854034424,0.6205949783325195,0.6231356620788574,0.6217701594034831,0.5943662643432617,0.2373645305633545,0.6110999822616577,0.4615155537923177,176.8980976020024,175.9812889005965,175.36859863656372,175.89061213904301,85.73057399366743,0.3494400421778361,81.46763898432191,0.5031337102254232,80.36292598499286,0.4987346649169922,90.33635183244407,0.5832610130310059,89.08063101635987,0.5782743771870931
0.6005661964416504,0.226300843556722,0.5971441268920898,0.4438175201416016,0.6089443683624267,0.45242112477620444,0.6113185882568359,0.549183209737142,0.6246882915496826,0.549213155110677,0.6123100280761719,0.600343894958496,0.6231643199920655,0.5918525060017904,0.5942479372024536,0.2017696221669515,0.6030442476272583,0.448119322458903,172.9225301653982,178.13254322586448,169.98446052189664,177.6269446702036,87.95503125900083,0.3249444723129272,77.91549573389783,0.49866623878479,85.31949767645179,0.49865126609802246,92.04693516377672,0.5705328305562337,88.88980752127735,0.574763552347819
0.6020066738128662,0.34792509078979494,0.5953561782836914,0.3965195973714193,0.5890378952026367,0.39847052892049156,0.5994879245758057,0.48197587331136066,0.6056571483612061,0.4856692314147949,0.6033691883087158,0.5643175125122071,0.6085271835327148,0.5612567265828451,0.5956959486007691,0.2779054164886474,0.592197036743164,0.3974950631459554,174.0655275749583,176.1319949359441,176.47980837427787,178.86730697280709,91.67586170733273,0.3377002398173014,81.32059342755889,0.44158214728037515,85.06746446782041,0.43973546822865806,87.82554051362003,0.52346297899882,87.30129789859654,0.5231466929117838
0.6050523281097412,0.34794823328653973,0.5906619548797607,0.41026236216227213,0.5789931774139404,0.4132203737894694,0.5996090412139893,0.4860822677612305,0.5941780090332032,0.4877607027689616,0.6038384437561035,0.5734225591023763,0.5985076427459717,0.5730128606160482,0.5973665237426757,0.3169963200887044,0.5848275661468505,0.4117413679758708,171.91808863964823,169.5141824792831,178.05875112230444,176.06616102992658,97.53895294600238,0.3643688440322876,82.98779185446492,0.44975103537241623,78.75433663931173,0.4489118178685506,87.09266255241056,0.5303867816925049,87.22765100593134,0.5297524134318033
