0,1,2,3,4,5,6,7,8,9,10,11,12,13,14,15,16,17,18,19,20,21,22,23,24,25,26,27,28,29,30,31
0.9516934394836426,0.31097758611043297,0.945242977142334,0.6151379903157552,0.9302399635314942,0.5952160517374675,0.9083073616027832,0.7415337880452474,0.8968367576599121,0.7420614242553711,0.896629810333252,0.8402707417805989,0.8861639022827148,0.8235265731811523,0.9547138214111328,0.39219957987467446,0.937741470336914,0.6051770210266114,172.75572581670264,175.38599087707016,174.17334882084228,176.8257874480018,94.5563198805671,0.49868830045064294,106.63754919660533,0.6736192226409913,102.18102414110778,0.6733554045359293,97.46388521508273,0.7827939987182617,96.74499984000178,0.7909022649129231
0.9524867057800293,0.32528934478759763,0.9399171829223633,0.6424521764119466,0.9267057418823242,0.6124959945678711,0.904564380645752,0.7622280756632487,0.8956795692443847,0.7632633845011393,0.8915115356445312,0.8417884190877278,0.8857830047607422,0.8260712305704753,0.9541509628295899,0.4045739968617757,0.9333114624023438,0.6274740854899088,173.76869061588732,175.85099735396062,175.4954719174775,178.28063725648266,95.34120311081325,0.5160240411758422,105.48988593553935,0.695368734995524,102.04239777067544,0.6948510805765787,98.9544118658505,0.7946673075358073,99.31706934933057,0.8020082473754883
0.9465880393981934,0.29572827021280923,0.9422854423522949,0.5977673212687175,0.928044319152832,0.5594400405883789,0.8946831703186036,0.7913544972737631,0.8904216766357422,0.7627456665039063,0.8737380027770996,0.8349164962768555,0.8747025489807129,0.8226308822631836,0.9515196800231933,0.35923240979512533,0.9351648807525634,0.5786036809285482,174.95286561974652,176.71971827907328,179.20822288615855,167.79824581932803,94.26368787425851,0.4689180453618368,103.65717905339476,0.6706746737162272,100.77331632198997,0.6849790891011556,104.70764020979246,0.7926882743835449,115.67884419238976,0.8131354967753093
0.9512735366821289,0.32739330927530924,0.9337304115295411,0.5921523412068684,0.930782699584961,0.5537604014078776,0.8874789237976074,0.7519972483317058,0.9054018020629883,0.7027694702148437,0.8724692344665528,0.81771240234375,0.879918384552002,0.77477601369222,0.955785083770752,0.38102210362752276,0.9322565555572511,0.5729563713073731,177.2117794251122,176.39130197236824,175.0492434255558,179.13894962190574,96.98881378309522,0.4769892374674479,101.68804479281076,0.6378629207611084,104.04148783130616,0.6624768098195395,109.48908477887534,0.7387727419535319,102.86595525519277,0.7848548253377279
0.9441421508789063,0.3365065892537435,0.9393484115600585,0.5690985361735026,0.9362237930297852,0.5278423309326172,0.8935470581054688,0.6563187917073567,0.9028334617614746,0.6331553777058919,0.8766051292419433,0.772755495707194,0.884768295288086,0.7519380569458007,0.9543599605560302,0.3855501969655355,0.9377861022949219,0.5484704335530599,169.3276757375434,170.35494203837334,174.04274299076437,173.0205824056296,95.80871047091361,0.4670103152592977,112.42776879804119,0.590812905629476,112.30327833375725,0.6023946126302083,98.6476111011633,0.6925467173258464,98.27863038084935,0.7145371437072754
0.9441872596740722,0.28370641072591146,0.9532892227172851,0.49413267771402997,0.9496901512145997,0.4724438985188802,0.8946537971496582,0.653622563680013,0.9051241874694824,0.6545389811197917,0.8937829971313477,0.892927614847819,0.8985979080200195,0.8572289148966471,0.9582382202148438,0.33352084159851075,0.9514896869659424,0.4832882881164551,174.24533322381583,172.7824427468402,173.79343477674553,172.18988791271232,92.58000724343958,0.4084045648574829,105.14942457476951,0.5689136346181234,108.45244452587986,0.5684554258982341,91.84419186715684,0.7558839480082193,90.20849098416151,0.773275089263916
0.9483777999877929,0.282325013478597,0.9532648086547851,0.49368321100870766,0.9496698379516602,0.47231330871582033,0.8966574668884277,0.653597895304362,0.9051980972290039,0.654449462890625,0.8938016891479492,0.8928881327311198,0.8986190795898438,0.8571247100830078,0.9583061695098877,0.33331545193990075,0.9514673233032227,0.48299825986226397,174.28785730163452,173.08412135298116,173.8189447050973,172.6756185199314,92.61596318546289,0.40815685590108236,105.10253595085082,0.5687238613764445,107.81105310648624,0.568298077583313,91.85921879665014,0.7557870864868164,90.68375645368744,0.7732430140177409
0.942530345916748,0.31532602310180663,0.939422607421875,0.603341801961263,0.9371268272399902,0.5838448206583658,0.8837181091308594,0.6809022903442383,0.8984672546386718,0.6774465560913085,0.8706147193908691,0.8468304316202799,0.8809859275817871,0.8258878707885742,0.9520183563232422,0.3894818782806396,0.9382747173309326,0.5935933113098144,165.13963180320067,161.19039333164085,172.86265157440653,169.55639752339997,93.85213927628703,0.491537594795227,115.39498982531175,0.6355199337005615,121.99995424585269,0.6372478008270264,96.71655363047931,0.7516672134399414,94.51529236239276,0.7638663609822591
0.9295130729675293,0.3091327667236328,0.9407756805419922,0.5775290171305338,0.9417668342590332,0.545643170674642,0.8820524215698242,0.6874840418497722,0.894377326965332,0.6899801254272461,0.8945931434631348,0.9120801289876302,0.8836528778076171,0.8762090682983399,0.9484190464019775,0.34579987525939937,0.9412712574005127,0.5615860939025878,168.85954489045318,165.80094569458237,172.91803154834776,169.21820503128836,91.89719463299518,0.4536929845809936,110.0639377626642,0.6257831096649169,115.19096708852004,0.6245350678761801,93.29587742681517,0.7830945968627929,86.80410684041475,0.7997820854187012
0.9200546264648437,0.3026336669921875,0.9302248001098633,0.6031476974487304,0.9292905807495118,0.5857760111490885,0.8887832641601563,0.7552098592122396,0.8813787460327148,0.7285447438557943,0.8862860679626465,0.9138105392456055,0.8715907096862793,0.9021132787068685,0.9490310192108153,0.3889928976694743,0.9297576904296876,0.5944618542989095,171.4279117868021,175.04217419989436,172.52124904496725,173.15026566047567,95.35875902200826,0.4917273759841919,109.84013863243727,0.661503299077352,104.30009157274687,0.6748358567555746,93.22765766565689,0.8153290112813314,90.90205780248793,0.8345101992289226
0.9201447486877441,0.3157715161641439,0.932923698425293,0.6383994420369467,0.9504277229309082,0.6284393946329753,0.8705904960632325,0.6959028244018555,0.9105129241943359,0.7330258051554362,0.8943812370300293,0.8948876698811848,0.895562744140625,0.8950645446777343,0.9495849609375,0.3834001859029134,0.9416757106781006,0.633419418334961,169.00379216378306,145.501310833935,175.27605657484588,162.9292235258161,91.8119229351076,0.5084098021189372,107.37277862532903,0.6832226117451986,138.68475527529858,0.6646611213684082,95.27135684093948,0.8140451749165853,83.18204811608616,0.7953952471415202
0.9201334953308106,0.3163771629333496,0.9314825057983398,0.6483761469523112,0.9495105743408203,0.6372927347819011,0.8642024040222168,0.6788756052652994,0.9068563461303711,0.7423862457275391,0.8771143913269043,0.895465596516927,0.8966318130493164,0.8909493128458659,0.9501935005187988,0.37988754908243816,0.9404965400695801,0.6428344408671061,168.14646512763554,131.33154904391222,173.91121162339974,162.50423225769748,92.1119977569543,0.5113609949747722,108.670957657158,0.6926103432973225,154.71406353620293,0.6608550230662027,93.93705038182964,0.8166677792867025,86.58835648665286,0.7871706008911132
0.9193921089172363,0.3155448277791341,0.9381667137145996,0.621674919128418,0.9595762252807617,0.6089452743530274,0.864711856842041,0.6949445724487304,0.9185603141784668,0.7448259353637695,0.8642043113708496,0.8833300272623698,0.8995205879211425,0.8898375193277995,0.9508341789245605,0.36034059524536133,0.9488714694976806,0.6153100967407227,171.62607622137153,147.85132306054328,177.28900796175617,162.62310417002638,90.44104390824495,0.487825345993042,103.17210791148688,0.6800680160522461,136.58250715054717,0.6551273345947266,97.48003208997791,0.8173317273457845,90.15436511846627,0.7891372998555501
0.9158313751220704,0.333767573038737,0.9235161781311035,0.6372021993001302,0.9497853279113769,0.6303045272827148,0.8587071418762207,0.7133211135864258,0.924806785583496,0.7382525761922201,0.86484375,0.8655221303304036,0.89779052734375,0.8857238133748372,0.9453479290008545,0.3882205645243327,0.9366507530212402,0.6337533632914225,176.89214801988976,150.51351702055268,178.38609485721727,160.4770185526966,92.02866267665993,0.5109869639078776,96.46632365178797,0.6860029697418213,134.40922978494356,0.6735372384389242,100.38128904132796,0.8119881947835286,87.69113627237381,0.7894216219584147
0.914547348022461,0.330410639444987,0.9203681945800781,0.6179330825805665,0.9524599075317383,0.6236045837402344,0.8584682464599609,0.6990655263264974,0.925025749206543,0.7395819981892904,0.829462718963623,0.8475636800130208,0.8953322410583496,0.8830242156982422,0.9401504039764405,0.3941070079803467,0.9364140510559082,0.6207688331604004,177.03166557752527,150.1231995285766,177.20750010333813,165.80468639205532,90.94439310916495,0.5074379205703736,95.47510310021875,0.6801754156748454,134.8713256595517,0.6599171797434489,101.69542410029831,0.8113031069437663,101.05219359560277,0.7733146031697591
0.9138102531433105,0.32622852325439455,0.9168858528137207,0.615269152323405,0.9517913818359375,0.6210638046264648,0.8533695220947266,0.6998387654622396,0.9179842948913575,0.8075477600097656,0.8221391677856446,0.8284009297688802,0.8927408218383789,0.8847245534261068,0.9393671989440917,0.39090692202250166,0.9343386173248291,0.6181664784749349,178.00234136997705,150.80338327546195,170.7575557354878,165.56556134216987,91.26757924216659,0.5045367002487182,94.9356235972347,0.7128571192423503,134.75227910462036,0.6590026219685872,108.11221244218436,0.8461361567179362,103.65383399013585,0.76411984761556
0.9098963737487793,0.3232362429300944,0.9128192901611328,0.6027191162109375,0.9529180526733398,0.6146228790283204,0.8465452194213867,0.6956790288289388,0.9177617073059082,0.8066802342732747,0.8093308448791504,0.8120227813720703,0.8944024085998535,0.8871295928955079,0.9365186214447021,0.38177674611409507,0.9328686714172363,0.608670997619629,178.16473462228407,151.2201126103124,171.67386214857865,166.4586770406179,90.92161301711529,0.495223871866862,94.36288584265742,0.7076756159464519,134.7737093400279,0.6521750132242838,106.19119861163351,0.8469049135843914,107.73769070510434,0.7538509051005046
0.9070679664611816,0.32746108373006183,0.9090143203735351,0.6075958251953125,0.9489629745483399,0.6213958740234375,0.8412111282348633,0.6976585388183594,0.9176273345947266,0.7722360610961914,0.7978493690490722,0.80448424021403,0.8963168144226075,0.877346420288086,0.932499361038208,0.38591709136962893,0.9289886474609375,0.6144958496093751,178.08497139800525,149.77535638693917,175.62437867296197,167.47745348754341,90.87992978063906,0.500206470489502,94.11964149727142,0.6933659553527832,136.5464241995195,0.6560771942138672,101.46103845926288,0.8247912406921387,112.09278929038571,0.7510713895161947
0.9068243026733398,0.3270549774169922,0.9091658592224121,0.6078252156575521,0.9485593795776367,0.6293970743815104,0.8410203933715821,0.7004847208658854,0.9176470756530761,0.7720623652140299,0.7978346347808838,0.8044623057047526,0.8963567733764648,0.8767281850179036,0.9325383663177491,0.3861401240030925,0.9288626194000245,0.6186111450195313,178.02949414711952,149.21816168318085,175.67993815728602,167.37049230870832,90.90586446305896,0.502375634511312,94.18023866087341,0.6953367551167806,137.0141765032703,0.6595479329427083,101.49779251742417,0.8243952751159668,112.55492949860745,0.7524735132853191
0.9019742012023926,0.33045419057210285,0.90440673828125,0.608866818745931,0.9450572967529297,0.6278116861979167,0.8392569541931152,0.6906272888183593,0.9161741256713867,0.7420560836791992,0.7940929889678955,0.7957019805908203,0.8954683303833008,0.8780532836914062,0.9288934707641601,0.3923746267954509,0.9247320175170899,0.6183392524719238,178.12613314935368,146.94946041087596,177.77188323272338,166.8853216062988,91.05506229775497,0.5053569396336873,93.95703033896388,0.6801976680755615,139.7781050319858,0.6544832706451416,98.65689377715476,0.8100546836853026,113.25935070014349,0.7431646347045898
0.89827880859375,0.3374607086181641,0.8998096466064454,0.6036817550659179,0.9472058296203614,0.6264495213826498,0.8286355018615723,0.6976092656453451,0.9151945114135742,0.7663770039876302,0.7949413776397705,0.7799245198567708,0.8989310264587402,0.8625330607096354,0.92518310546875,0.39311378796895347,0.9235077381134034,0.6150656382242838,178.38814326950938,148.617381240009,176.07166816982124,164.31163220644157,90.43247963660853,0.5040897130966187,93.14473676324764,0.6907213211059571,138.97508726785097,0.6563374519348144,99.59994515268014,0.8144550323486328,112.26077030869584,0.738766892751058
0.8968052864074707,0.3363498051961263,0.8900068283081055,0.5894673029581706,0.9393989562988281,0.6084095001220703,0.8238384246826171,0.703143564860026,0.9131821632385254,0.7855009078979492,0.7826876163482666,0.7794759750366211,0.8936851501464844,0.8789093653361003,0.9194165706634521,0.3888956228892009,0.9147028923034668,0.5989384015401205,179.5664427987268,155.82941007719364,172.503216848587,172.15355653682852,91.28558836009321,0.49391701221466067,90.46702539111551,0.6922196547190349,131.08766769792294,0.6510409832000732,101.78999023827159,0.8322051366170248,118.32911048455416,0.7413097699483235
0.8956089019775391,0.3272555351257324,0.8836452484130859,0.5890182495117188,0.937946891784668,0.6054303487141927,0.8219655990600586,0.6908368428548177,0.9111897468566894,0.7646731694539388,0.7775152683258056,0.7779579162597656,0.898600959777832,0.8500528971354167,0.915471076965332,0.3911650816599528,0.9107960700988769,0.5972242991129557,179.208573205243,153.83075056952399,174.37397897968734,170.62460783333475,91.29968570118795,0.49419469038645425,89.86529634322942,0.6809487342834473,133.49854563060777,0.6440305709838867,98.3875251734037,0.8073630332946777,117.03127953563941,0.7343973795572917
0.8936491012573242,0.3222898165384928,0.8746907234191894,0.5789152781168619,0.925876522064209,0.5880815505981445,0.8159244537353516,0.6970287958780924,0.9096623420715332,0.7862172444661458,0.7784559726715088,0.776950454711914,0.892948055267334,0.8822254816691081,0.9103097915649414,0.3868739604949951,0.9002836227416993,0.5834984143575033,177.25822588563008,160.3115569885317,171.53090626707484,172.91696035660726,92.91906746404682,0.4851861874262492,87.35111862329703,0.6848578294118246,126.61433092893111,0.6402636051177979,99.87577110920387,0.834221363067627,115.11789317950712,0.7369896252950032
0.8969779968261719,0.31647914250691733,0.8716311454772949,0.5920502344767252,0.9194559097290039,0.613476053873698,0.8162402153015137,0.6923665364583333,0.908778190612793,0.7618397394816081,0.7793496608734131,0.7760381062825521,0.893923282623291,0.8790451685587565,0.9079782485961914,0.3907691319783529,0.8955435276031494,0.6027631441752116,175.36764366929663,155.40801368668562,173.1127084043347,169.94772518229175,93.35689499793925,0.49676613807678227,85.2441274718964,0.6823014418284099,131.5103740818075,0.6475648403167724,97.22329657143479,0.8204424540201822,113.79254440022056,0.7342023213704427
