0,1,2,3,4,5,6,7,8,9,10,11,12,13,14,15,16,17,18,19,20,21,22,23,24,25,26,27,28,29,30,31
0.5400101661682128,0.30819209416707355,0.5455221652984619,0.5103666305541992,0.5613672256469726,0.5061598459879557,0.48646841049194334,0.4987035115559896,0.5200628280639649,0.49515228271484374,0.526748514175415,0.6038830439249675,0.5244353294372559,0.593621826171875,0.5587313413619995,0.3559412479400635,0.5534446954727172,0.5082632382710774,84.0808895681924,108.72433783734161,158.68699418515197,143.44564695160665,91.98776920582631,0.43210224310557044,21.44275581571773,0.5017077604929606,8.123132157462464,0.5034833749135335,87.45747364498526,0.5443870544433593,69.04489755487913,0.5512932777404785
0.5350773811340332,0.31084518432617186,0.5468151092529296,0.514921506245931,0.5540766716003418,0.5061455408732096,0.48569650650024415,0.4980855305989583,0.5165136337280274,0.4981264114379883,0.5106620788574219,0.6417835871378581,0.5207490921020508,0.5882699330647786,0.553555178642273,0.3517099062601725,0.5504458904266357,0.5105335235595703,84.11261666120846,103.98982072058502,156.4020797477146,153.2811985465794,91.12153558302893,0.4311217149098714,20.08461521427057,0.5043299674987793,10.882274441933731,0.5043095270792644,87.3098949251636,0.5431981722513834,80.1440212782909,0.5699345588684082
0.5332909107208252,0.3076909065246582,0.545195198059082,0.5161651611328125,0.5582314968109131,0.5072335879007975,0.4848453998565674,0.4967949867248535,0.5172244548797608,0.49887348810831705,0.5124307155609131,0.6496865590413411,0.5206384658813477,0.6083129247029623,0.5558298349380493,0.35095459620157876,0.5517133474349976,0.511699374516805,84.22795454540487,103.38801227072875,160.38329141741008,153.8817323152757,91.46695789233085,0.4313269853591919,20.399390306787467,0.505286431312561,12.565418763558796,0.5042471806208293,88.21321260182268,0.5535932064056397,79.77249459567099,0.5732407728830973
0.5352502822875976,0.3117273648579915,0.5432070255279541,0.49329229990641277,0.5557512760162353,0.4844598452250163,0.4840880870819092,0.4947068532307943,0.519888973236084,0.49704135258992516,0.5093020439147949,0.6316004435221354,0.5203013896942139,0.6013743082682291,0.5551013708114624,0.35236605008443195,0.5494791507720946,0.4888760725657145,119.10580927155824,121.60989926989342,165.2335496147609,153.84186984338967,92.35841678897475,0.42062106132507326,164.57338994315012,0.49295871257781987,174.9045344412798,0.4917914628982544,89.77351739700933,0.5492078304290772,79.56385382844879,0.5631536483764649
0.53443284034729,0.3139731725056966,0.5469995498657226,0.48951899210611977,0.5546455383300781,0.4807433764139811,0.4845940589904785,0.49471511840820315,0.5270791530609131,0.5045938491821289,0.5053277015686035,0.6242748260498047,0.5345641613006592,0.6089255015055338,0.5524756908416748,0.35265318552652997,0.5508225440979004,0.4851311842600504,138.83091076343266,123.77405044151352,168.41443858417693,152.8021227787538,90.71493694265449,0.41889218489329016,140.6582275835401,0.49486251672108966,171.76587853241182,0.4899231513341268,85.89649105157424,0.5567596753438313,80.90795977439419,0.5594949722290039
0.5271645545959472,0.31432727177937825,0.5430436611175538,0.5050766626993816,0.5435759067535401,0.48803803126017253,0.48469014167785646,0.49748770395914715,0.5116559028625488,0.5170243581136068,0.5081211566925049,0.6424820582071941,0.5145388126373291,0.6265310287475586,0.5501933097839355,0.3536911169687907,0.543309783935547,0.49655734697977705,136.16197966003992,115.39979587318476,166.0102391989937,157.26278428652992,92.75847000586883,0.42512423197428384,147.11378696944936,0.506790852546692,179.09073049149399,0.49702252546946213,88.49196019496898,0.5717776934305827,80.82038843667878,0.5699848810831706
0.5269525051116943,0.31228644053141275,0.5416892528533935,0.493302853902181,0.5473373889923095,0.4840471585591634,0.48445754051208495,0.4993966420491536,0.5149845123291016,0.514617379506429,0.5094432830810547,0.6356908798217773,0.5163533210754394,0.6041173934936523,0.5486641645431518,0.3511479059855143,0.5445133209228515,0.48867500623067217,142.94250745122068,123.53972565378135,165.41527326761616,156.19483371911903,91.72877668330072,0.4199114561080932,138.69925416657725,0.5016461928685506,169.87774209767693,0.49403582413991287,89.1237895205506,0.5593673865000407,79.61176622818891,0.5675437609354654
0.5291782855987549,0.31549208958943686,0.5477735519409179,0.49983460108439126,0.5562180042266845,0.4917077700297038,0.5204160213470459,0.5470666885375977,0.5321322917938233,0.5395316441853841,0.5284424781799316,0.61962890625,0.5384323596954346,0.6085035324096679,0.5513124227523803,0.3507564544677735,0.5519957780838012,0.4957711855570475,161.38755129970443,157.325891000066,167.92036267251063,162.92085325913717,89.73000614285469,0.4232638200124105,114.41396471739172,0.5176514148712158,121.61827083483901,0.5214189370473226,84.78094045215215,0.574017588297526,83.68789825317543,0.5833477973937988
0.5296910762786865,0.3160034815470378,0.5435974597930908,0.4965781847635905,0.5563245296478272,0.4863138198852539,0.48190832138061523,0.501298745473226,0.5208094596862793,0.5175031344095866,0.5244933605194092,0.6180894215901692,0.5321585655212402,0.6092975616455079,0.5532740592956542,0.35074938138326006,0.549960994720459,0.4914460023244222,142.80884158196267,123.60071591898672,164.36189409255468,148.5964111636979,91.3489275195697,0.42109769185384116,138.20802743270286,0.5044745683670044,171.7618950813488,0.49637237389882405,82.95193947258059,0.5634003480275472,69.96677668842683,0.5596940835316976
0.5275365352630615,0.3100834528605143,0.5389955520629883,0.4947803497314453,0.5468585014343261,0.48595012029012047,0.4811060905456543,0.5025438626607259,0.5157801628112793,0.5180378595987956,0.5107040882110596,0.6277292887369792,0.521148681640625,0.6046823501586914,0.5495723247528076,0.3511394818623861,0.5429270267486572,0.4903652350107829,146.99551999616457,125.47732634610668,165.6684023977969,153.4958765857913,92.73267536310496,0.4207523584365845,134.4505066801656,0.5042015473047892,168.85552510737807,0.4964545488357544,86.45446873574339,0.5613601048787435,76.69765197493669,0.5651365756988526
0.5277395248413086,0.3186964988708496,0.5482015132904052,0.4805671056111654,0.5536264896392822,0.47145020167032875,0.5180927753448487,0.5267220179239909,0.5226601123809814,0.5139129320780437,0.5283216953277587,0.6211188634236654,0.5278385162353516,0.6135202407836914,0.5516410827636719,0.34871829350789385,0.5509140014648437,0.47600865364074707,153.24955835200305,157.7627429525533,167.49806266470767,164.9661398685936,90.32726937599541,0.41236347357432046,126.70088490093569,0.49496079285939537,122.91057531749539,0.501365335782369,87.02397527661773,0.5637165864308675,83.81551299762887,0.5739204406738281
0.5271611690521241,0.3101199467976888,0.5424054145812989,0.49268773396809895,0.5466800212860108,0.48316977818806967,0.5122252464294433,0.5366890589396159,0.519233226776123,0.523295529683431,0.5207318305969239,0.6224692026774089,0.5242236614227295,0.606539535522461,0.5508664369583129,0.3497416337331136,0.5445427179336548,0.4879287560780843,154.74114591645377,158.1426044459231,166.84834852837977,164.30039970095336,92.62014145511775,0.41883519490559895,125.5886109630484,0.5056121428807576,123.53571744126317,0.51230890750885,86.56925399444246,0.564917532602946,84.33664927883967,0.5795791308085124
0.5248710155487061,0.3100296974182129,0.5397750854492187,0.5083279609680176,0.5481655597686768,0.4985157012939453,0.4751447200775146,0.502322769165039,0.5178537368774414,0.5138482411702474,0.5130100250244141,0.6059947967529297,0.5229933738708497,0.5783837636311849,0.551181960105896,0.3506422678629557,0.5439703226089477,0.5034218311309815,123.30480841026994,115.70968202599924,159.813087134162,143.13997167760374,92.70252061176016,0.4270320494969686,158.2368497819331,0.5086350361506145,0.9148668218914509,0.5028723001480102,85.44654994773853,0.5461160024007161,69.93571926731258,0.5541587829589844
0.5262537956237793,0.3086757024129232,0.5416919708251953,0.5003542264302572,0.5487429618835449,0.48450536727905275,0.4743191242218018,0.5076285362243652,0.5163600444793701,0.5156256675720214,0.5051222324371338,0.5986837387084961,0.5190106868743897,0.5807175954182943,0.5516559839248658,0.34876720110575354,0.5452174663543701,0.49242979685465493,140.73648671679152,128.05731732720554,161.13546243464305,140.63566642842866,92.56610423070421,0.42059849898020424,141.2073473885194,0.5040277322133382,167.9004235516598,0.50002916653951,87.66811700655587,0.5481716314951579,71.30981118825329,0.5531561374664307
0.5297651290893555,0.30475597381591796,0.541837739944458,0.5037127176920573,0.5644025802612305,0.49536139170328775,0.4720932483673096,0.5079788525899251,0.5241646766662598,0.4922307014465332,0.513968563079834,0.6012655258178711,0.5298704624176025,0.5734329223632812,0.55513277053833,0.3469667593638102,0.5531201601028443,0.4995370546976725,87.87259544712687,123.22963656294468,158.51561238086353,134.7753320484187,90.75576569817223,0.42325190703074134,14.161850674942059,0.4958838780721029,174.05209143997155,0.5037579536437988,85.98063956613066,0.5328318119049072,65.82523663977317,0.554622189203898
0.5300219058990479,0.3086231549580892,0.5394345283508301,0.5053272883097331,0.5534708023071289,0.49698848724365235,0.4720023155212402,0.512255064646403,0.5173916816711426,0.5235104560852051,0.5071600437164306,0.6274370829264323,0.5109633445739746,0.6227139155069987,0.5550966501235962,0.35059909820556645,0.5464526653289794,0.5011578877766927,139.86739903656564,125.68184221929876,167.43194012881528,145.7420289127855,93.28589753107066,0.42587849299112956,142.4339280855159,0.5123341719309489,171.5222098573981,0.5067064762115479,93.70755580699972,0.5731121857961019,73.02591043779071,0.5698460737864177
0.527052640914917,0.30367647806803383,0.5387072563171387,0.5159380912780762,0.5496014595031739,0.50896209081014,0.4691911220550537,0.5128518104553222,0.5138113975524903,0.5169162114461263,0.48879756927490237,0.6171960830688477,0.511360502243042,0.6374612172444661,0.5556250095367432,0.35054922103881836,0.5441543579101562,0.5124500910441081,112.48126695716704,118.34447362107167,166.4657081829678,141.50229834621868,94.05262519121844,0.43149965604146323,171.62686802633343,0.5146831512451172,179.69296140671455,0.5126509507497152,91.16476507089682,0.5771887143452963,79.3581223653548,0.565023946762085
0.5284785270690918,0.30449371337890624,0.5335487842559814,0.5004788080851237,0.5428472995758057,0.4893842061360677,0.4699388980865479,0.5137843132019043,0.4709605693817139,0.5088060379028321,0.48286967277526854,0.6215546290079753,0.4826220989227295,0.617440923055013,0.5538039684295655,0.3490150292714437,0.5381980419158936,0.4949315071105957,129.06381119895175,132.41526924988952,149.47174078231774,149.55502540305588,96.10464065977445,0.42197326819101966,168.34059970479217,0.5018687725067139,164.56013558529622,0.50435791015625,83.8729847744759,0.5631234804789225,83.15809827643119,0.5676694711049398
0.5295743942260742,0.3041465441385905,0.5372651100158692,0.503058910369873,0.5533486366271972,0.5020558675130208,0.4676490783691406,0.5119691530863444,0.5100708961486816,0.512891165415446,0.4778744220733643,0.619166374206543,0.5263937950134278,0.5895519256591797,0.5552618265151978,0.34959365526835123,0.5453068733215332,0.502557388941447,121.8139000152,125.2601939651373,155.7143283896607,144.5112831641737,93.7235857072539,0.4260755221048991,163.6549879050617,0.5077242771784465,173.08971952127976,0.5072632710138957,77.9798709365863,0.5512215455373128,84.55114834470534,0.5655677636464437
0.531104564666748,0.3150503158569336,0.534012746810913,0.4996976216634115,0.5400940895080566,0.49415890375773114,0.4687828063964844,0.5140565554300944,0.5221896171569824,0.5435324350992838,0.48177289962768555,0.6475793838500976,0.5335023880004883,0.5867523829142253,0.5560184955596924,0.3507563908894856,0.5370534181594848,0.49692826271057133,172.2636699054694,132.19546660704043,163.06806426066734,154.29302078214965,97.39254709105016,0.4238423268000285,107.68941335000348,0.5202303489049276,165.91586853746657,0.5054924090703329,75.33196783723045,0.5651424090067545,84.44332767019912,0.580817969640096
0.5314291000366211,0.3133530298868815,0.5526488780975342,0.5028179486592611,0.5624735832214356,0.49153019587198893,0.5193814277648926,0.5348260243733723,0.526308250427246,0.5291488329569499,0.5213883399963379,0.6258224487304688,0.5329969882965088,0.5967379887898763,0.5602815866470336,0.3477010250091553,0.5575612306594848,0.49717407226562504,146.25900875057334,146.9304981853734,160.48917268129384,163.03182390151974,91.04264758263088,0.42243754863739014,134.3459646480512,0.5131614526112875,135.39881885692878,0.5160000483194986,84.34831400405484,0.562943410873413,88.73655516665087,0.5803242365519206
0.5300728797912597,0.3114120165506999,0.5395549297332763,0.5088522911071778,0.5470261573791504,0.497893492380778,0.46970458030700685,0.5206487973531088,0.5094784259796142,0.5182761510213216,0.4680577278137207,0.6413830439249675,0.5160606861114502,0.5207393010457356,0.5531533241271973,0.35512669881184894,0.5432905435562134,0.5033728917439779,128.77290201748613,129.96732931034185,53.04491390630731,152.18556799264735,93.80626411827878,0.4292497952779134,156.2137070152396,0.5108245213826498,166.78784259875127,0.5120108445485434,20.51637048929891,0.5195077260335286,90.78148370222424,0.5810159206390382
0.5319537162780762,0.3124898274739583,0.5462812900543212,0.4775303840637207,0.5600086212158203,0.46884358723958336,0.5287247657775879,0.5221817016601562,0.5382894515991211,0.5153252283732096,0.5368181228637695,0.5842350006103516,0.5384496688842774,0.5606713612874349,0.5567676067352294,0.3477248509724935,0.5531449556350707,0.47318698565165207,166.87182391195677,162.6390081203118,170.26225740153674,164.20510433289266,91.65392501914238,0.4104559183120728,109.41969900989126,0.49425610701243083,116.49281164701215,0.49768434365590414,89.79756297933028,0.5379982948303222,82.5690927034056,0.5532083511352539
0.5322702884674072,0.3146574338277181,0.5431324481964112,0.48890711466471354,0.5492595672607422,0.4702630043029785,0.4717374324798584,0.5226476351420085,0.5100862503051757,0.5185916582743327,0.5227334499359131,0.543478520711263,0.513911771774292,0.540705680847168,0.5607516288757324,0.3455174763997396,0.5461960077285767,0.479585059483846,153.52525678988647,146.72378245411142,142.34224141910934,92.05513440583506,96.19629183540347,0.4125512679417928,132.79149863428717,0.49908835887908937,149.95737047932278,0.5011163473129272,80.18549288572419,0.5296486695607503,22.219063943422494,0.5330630779266358
0.5314908027648926,0.3060221354166667,0.5302293300628662,0.48577683766682944,0.5438961982727051,0.47657044728597003,0.46871371269226075,0.5235552787780762,0.5118723392486573,0.5273457209269206,0.4759091377258301,0.6472492853800456,0.5152291774749755,0.5463174819946289,0.5553907632827759,0.3487570603688558,0.5370627641677856,0.4811736424763997,165.07904520742812,148.17747219954254,151.43693941376662,156.45569258136916,97.8803353046939,0.41496535142262775,118.61586755851674,0.5042596817016601,148.1979238128516,0.5023644606272379,79.96601298489044,0.5368316014607748,86.67078933333424,0.5854022820790609
0.5320154666900635,0.3162360191345215,0.5350591659545898,0.5075479507446289,0.5437621593475341,0.49477243423461914,0.4735293388366699,0.527322514851888,0.493373966217041,0.5180836995442708,0.4711160182952881,0.650473149617513,0.4912392616271973,0.530951976776123,0.556040620803833,0.3539526621500651,0.539410662651062,0.5011601924896241,131.08117574458055,137.10967247011448,131.15383428644347,156.5436458141197,96.44534837645931,0.42755642731984456,159.81611456274175,0.5096219460169474,158.3413355045231,0.514241353670756,99.41895941632951,0.5245178381601969,91.1226526438994,0.5888978322347005
0.5340842247009278,0.3166853904724121,0.5421318054199219,0.5047274271647135,0.5502301692962647,0.4965217590332031,0.46875786781311035,0.5232321421305338,0.5089930534362793,0.515600840250651,0.4747752666473389,0.6430280685424805,0.5180634975433349,0.5275295575459799,0.5584954261779784,0.34964332580566404,0.5461809873580933,0.5006245930989583,128.5444982332698,133.61471980411682,96.48868756707179,150.49375486916452,94.66287649264929,0.4251339594523112,158.06447079753795,0.5081127166748047,163.72219688463903,0.5119283676147461,52.751105691418886,0.5215651988983154,87.12442616693795,0.5831301053365072
0.5323235034942627,0.312217648824056,0.5519774436950684,0.49346911112467445,0.5479574203491211,0.4775100072224935,0.5256068229675293,0.5424990971883138,0.5196951866149903,0.5288607279459635,0.5371031284332275,0.6001083374023437,0.530203914642334,0.58170166015625,0.5573270320892334,0.3458678722381592,0.5499674320220947,0.48548955917358394,156.70636788172885,166.02652073299467,157.14406718308834,162.31067137630697,93.0173259490402,0.41567871570587156,124.91430319599716,0.5071751435597738,113.13738699898892,0.5139943281809489,78.75207241953711,0.5552811940511068,78.71449614204512,0.5713037172953288
0.533034372329712,0.3089876174926758,0.5281647682189942,0.48274253209431967,0.5360678195953369,0.4737136205037435,0.48790979385375977,0.5246013641357422,0.49851837158203127,0.5172308603922526,0.4880660057067871,0.562399419148763,0.4958517551422119,0.5403003056844076,0.5565500259399414,0.34125272432963055,0.5321162939071655,0.4782280762990316,157.50842367370396,156.89472219377222,156.29879548752544,152.13831690891928,100.11407006281796,0.40974040031433107,130.7423890707271,0.49772946834564213,133.62967085965622,0.5014147202173869,96.59360464350844,0.5287655830383301,89.76320927283808,0.5435003916422526
0.5386205673217773,0.3049322764078776,0.5547445774078369,0.48256266911824547,0.5612898349761963,0.47520682017008464,0.5307053089141845,0.5315917332967123,0.5385015964508056,0.5283673286437989,0.5369359493255615,0.5690183639526367,0.5424211502075196,0.5444109598795573,0.560465121269226,0.3369792938232422,0.5580172061920166,0.4788847446441651,165.02262132780712,161.30177451825222,152.88321287985633,157.3840914082388,90.98827276976546,0.40793201923370365,111.52395413296217,0.503626036643982,117.39245016330608,0.5052382389704386,76.27122240814046,0.5363891442616782,80.54830034074313,0.5503050486246746
0.5384210109710693,0.30156946182250977,0.5438951015472412,0.4995726585388184,0.5752933025360107,0.4898890177408854,0.4764571189880371,0.517142391204834,0.5331981658935547,0.5322342236836751,0.5195559501647949,0.5309587160746256,0.5284112930297852,0.5450539271036784,0.565970778465271,0.33949623107910154,0.559594202041626,0.49473083813985186,154.51105087295514,131.82975419437327,168.69101923281715,59.91424391303926,92.35221799614604,0.4171135346094767,125.13906133627123,0.5134825309117634,164.91320447722032,0.505936614672343,110.47561467432745,0.5386440753936768,17.774451519234667,0.5240505536397297
0.5407211780548096,0.2978393872578939,0.5522138595581054,0.5037543296813964,0.5728357315063477,0.49526713689168295,0.47307496070861815,0.5137510617574056,0.5119446754455567,0.5054527600606282,0.47475199699401854,0.6455261866251628,0.5184848785400391,0.5458471934000652,0.5700778961181641,0.33380106290181477,0.5625247955322266,0.4995107332865397,115.40993566331393,127.37263207792923,127.25875687246588,148.25994968323712,92.60975392367072,0.41665589809417725,173.29974495690922,0.502481746673584,170.95447438967923,0.5066308975219727,80.8031340420023,0.5256499767303466,89.27086455581697,0.5796386241912842
0.5421658515930176,0.2957161903381348,0.5489316940307617,0.49547268549601237,0.5732741832733155,0.4937975565592448,0.4753895282745361,0.5106080055236817,0.5133501529693604,0.48113307952880857,0.4999232292175293,0.5309686024983724,0.50489821434021,0.522640323638916,0.5680371761322022,0.3345213254292806,0.5611029386520385,0.4946351210276286,94.66761796762793,128.30712285232084,127.99529581737178,70.39467075106673,92.47982646377032,0.4145782232284546,15.788185214771374,0.4878841002782186,169.44388727771053,0.5026215632756551,101.50953591429942,0.5018867015838623,39.689389138245,0.520788304011027
0.5401033401489258,0.2935070037841797,0.5567766189575195,0.5199803034464519,0.5810951232910156,0.5116614023844401,0.5047159671783448,0.5152814229329427,0.5397457599639892,0.5135749181111654,0.5212331295013428,0.5533184051513672,0.5460658073425293,0.5434613545735677,0.5708937168121337,0.3350571632385254,0.5689358711242676,0.515820852915446,95.49762796625417,109.6818095490308,128.4549055358467,104.69732794213829,90.62054447383733,0.4254390080769857,4.399762253444948,0.5146978855133058,0.48125787465133385,0.5155511379241944,78.05964593161472,0.5285181363423666,66.5276073983398,0.5342999140421549
0.5413662433624268,0.29515380859375,0.5430477619171142,0.49866072336832684,0.5654323101043701,0.4893757184346517,0.4961089611053467,0.5107851982116699,0.513521146774292,0.5093173662821452,0.5122210025787354,0.5384779612223307,0.5129178047180176,0.5309656778971354,0.5702973365783692,0.3347683111826579,0.5542400360107422,0.4940182209014893,128.61084098557632,128.94402372853907,133.39729125388254,106.42519000292623,95.75772098285309,0.4143932660420736,159.40749511229404,0.5016677935918172,163.91064133866234,0.5024017095565796,91.59642967897578,0.5201415220896404,59.80854946718796,0.5246315797170003
0.5419572830200196,0.3003182093302409,0.5550080299377441,0.5166208267211914,0.5718606948852539,0.5068441390991211,0.5022443771362305,0.5085460344950358,0.5245409488677979,0.5201684951782226,0.5159836292266846,0.5829208374023438,0.5302275657653809,0.5699651718139649,0.5688326358795166,0.33738876978556315,0.563434362411499,0.5117324829101562,115.85943786074913,108.27741896916606,143.79157415622072,135.84822936624053,91.773505295614,0.4245606263478596,167.7620649521553,0.5159504890441894,2.9809663065369136,0.5101392587025959,83.4852318292014,0.5450668334960938,79.53374441487011,0.5457334359486898
0.5426293849945069,0.3012418746948242,0.542580509185791,0.5077573776245117,0.5583362579345703,0.5066214561462402,0.48432188034057616,0.5036238034566244,0.5010700702667237,0.5004370371500652,0.48059234619140623,0.640040906270345,0.5180119514465332,0.5713451385498047,0.567302942276001,0.3384339173634847,0.5504583835601806,0.5071894168853759,104.45133970989474,113.58609422306318,139.7346200875761,153.8263379537788,95.70017499920482,0.4228116671244303,7.7852213152892205,0.5038132270177205,3.0859963982875627,0.5054066101710002,76.56239470277977,0.535891087849935,91.56603055662929,0.5718323548634847
0.5430497646331787,0.2944029808044434,0.5540999412536621,0.525561777750651,0.5698975086212158,0.514579963684082,0.4831845760345459,0.5098094940185547,0.5274420261383057,0.5133022626241048,0.5245389938354492,0.5679832458496094,0.5328353881835938,0.5561960856119792,0.5677540540695191,0.3405382951100667,0.561998724937439,0.5200708707173665,92.05195678041675,109.12912412383065,133.91997157708732,106.57217219509094,91.83611902903452,0.4303045829137166,11.082202502117582,0.5166865666707356,7.418019363331297,0.5149401823679606,82.83338191369211,0.534749174118042,54.591831060527774,0.5388963699340821
0.5427720546722412,0.29731067021687824,0.5439032554626465,0.5163029670715332,0.556887149810791,0.5094585100809733,0.48298211097717286,0.5045929590861002,0.49226088523864747,0.5082287788391113,0.47957262992858884,0.643179448445638,0.5126996040344238,0.586268933614095,0.5666782140731812,0.3422582149505615,0.5503952026367187,0.5128807385762533,109.57524073786136,110.26581738651194,138.13671467878862,152.88344327401077,95.45139605221155,0.4275694767634074,4.575110476330593,0.5105547587076823,7.008785289015094,0.5087368488311768,75.32386063332383,0.5472488562266031,91.40929666368757,0.5738862037658692
0.5420827388763427,0.2996045748392741,0.5521010875701904,0.5259814580281575,0.5618874073028565,0.5157661120096843,0.5170382499694824,0.525527826944987,0.5202775955200195,0.5194215456644694,0.5366965293884277,0.5984994252522786,0.5280520439147949,0.5851476033528645,0.567019248008728,0.3466549555460612,0.5569942474365235,0.5208737850189209,102.87381798484066,112.25535434458757,149.0122598566882,150.2689380299155,93.29331517681409,0.43376437028249104,2.265016884045366,0.5201476653416952,173.35617297890317,0.523200805981954,83.25407770666484,0.552284574508667,74.9226683881464,0.5620136260986328
0.5416679382324219,0.302248477935791,0.5545961380004882,0.5154751459757487,0.5659092426300049,0.5058209101359049,0.5200834274291992,0.5429686228434245,0.5314186096191407,0.5364179611206055,0.5369519710540771,0.6015657424926758,0.5426533699035645,0.5835926055908203,0.5669235467910767,0.3421987851460775,0.5602526903152465,0.5106480280558268,142.14793849625224,141.952857881097,153.0398937367002,149.56572014532838,92.26781846702092,0.4264234066009521,138.21182970050373,0.5235329945882161,141.17949288136546,0.5268083254496256,76.60439655111429,0.5600052833557129,73.94030539030223,0.5722671826680501
0.5422175884246826,0.28738152186075844,0.5489227771759033,0.5274707794189453,0.576186227798462,0.5305139541625976,0.47237610816955566,0.495098082224528,0.535691785812378,0.5062124888102214,0.47656874656677245,0.6476544698079427,0.5655265331268311,0.6135849634806315,0.5683325052261352,0.34268124898274743,0.5625545024871826,0.5289923667907714,60.98954519562692,101.59396762045488,166.48357224728844,142.4976635129669,91.7763250064565,0.43583680788675944,40.29830964183813,0.5176024278004965,20.599139632293287,0.5120452245076497,74.47140089322876,0.5598987261454265,88.4257621877927,0.5713762760162353
0.5430802345275879,0.2834821065266927,0.5481692314147949,0.5261893272399902,0.5794919013977051,0.5313819567362468,0.47420644760131836,0.496198844909668,0.5252847671508789,0.5088297843933105,0.47617225646972655,0.6479057312011719,0.5290440559387207,0.5754343032836914,0.5722658872604369,0.3407097339630127,0.56383056640625,0.5287856419881185,78.24159165935276,102.2566760147488,140.05717161925207,142.908929646814,92.56803015686077,0.4347476879755656,27.371420083229197,0.5188077131907145,19.98096566115271,0.5124922434488932,86.76954210236762,0.5421320438385009,89.25760622408247,0.57205228805542
0.5431575298309326,0.2882495880126953,0.54866943359375,0.5316870053609212,0.557642650604248,0.5257784207661946,0.4756607532501221,0.4940034866333008,0.4779090404510498,0.4933362325032552,0.47688732147216795,0.6479037602742513,0.47989377975463865,0.6468198140462239,0.5766393423080445,0.34165190060933426,0.5531560420989989,0.528732713063558,97.86735512370541,99.39704617799609,147.44330985618768,146.92438121789945,97.15462628262458,0.4351923068364461,25.19247470917631,0.5110344727834066,24.139360099020934,0.5113680998484293,89.25913347537863,0.5700780232747396,89.54336861904088,0.5709536234537761
0.542731523513794,0.28265724182128904,0.5445267200469971,0.5138411521911621,0.5570943355560303,0.509751574198405,0.4764876365661621,0.49424352645874026,0.4771728515625,0.4935682932535807,0.4788845062255859,0.6480178833007812,0.4753101348876953,0.6512527465820312,0.5653173208236695,0.33709362347920735,0.5508105278015136,0.5117963631947835,105.489833727014,106.18943681456163,152.246096468407,151.27260494242643,94.74678025158246,0.4244449933369954,13.903363345409389,0.5026823282241821,13.28806200453971,0.5030199448267618,90.6768000122342,0.572410519917806,89.10700718649618,0.5711307048797607
0.54245924949646,0.28085352579752604,0.5448527336120605,0.5218377749125163,0.5599118709564209,0.5198970794677734,0.47478203773498534,0.49312092463175455,0.4743202686309814,0.49322783152262367,0.47758307456970217,0.6482742309570313,0.4749755382537842,0.6527766545613607,0.5675787210464478,0.3387742837270101,0.5523823022842407,0.5208674271901448,101.62577742777971,101.34037876254787,149.3594909421612,148.5489735451487,94.77051312167201,0.4298208554585774,19.49763885962554,0.5070476293563843,19.674855727403155,0.5069941759109496,89.76468662053662,0.5730022430419922,88.96573163315216,0.5706975777943929
0.5425638198852539,0.28700030644734703,0.5456865310668946,0.5312862714131673,0.5639420509338379,0.5279918352762858,0.48900594711303713,0.49404786427815756,0.4844645023345947,0.498060417175293,0.4797651767730713,0.6480712890625,0.48084430694580077,0.6491193135579427,0.5716613292694093,0.3397534052530925,0.5548142910003662,0.5296390533447266,94.67196729963996,89.77201344588501,149.61129190306286,151.07144080394423,95.0701217884141,0.43469622929890955,24.174373686524717,0.5138497352600098,28.405894637190016,0.5118434588114421,91.37285671341952,0.5735898653666178,93.43339493905093,0.5710595766703288
0.5439616203308105,0.28332754770914714,0.5513851642608643,0.5367008209228515,0.5515940189361572,0.5246440887451171,0.47709946632385253,0.49221404393513996,0.4767273426055908,0.49284499486287436,0.47977442741394044,0.6503364562988281,0.47699966430664065,0.6511205037434896,0.5646035671234131,0.3431145032246907,0.5514895915985107,0.5306724548339843,93.57045669921344,93.06979747408407,148.1671027770759,148.09637521887052,93.9995883623122,0.4368934790293375,26.83804480580187,0.5117587248484293,27.33818349459611,0.5114432493845621,89.90141956355787,0.5719827493031819,89.0308182098616,0.571275250116984
0.5454671382904053,0.28188838958740237,0.5490879058837891,0.5373279571533203,0.5602309226989746,0.5338920593261719,0.4768550395965576,0.4928032239278158,0.4762061595916748,0.4929762840270996,0.47903170585632326,0.6504840215047201,0.4772199630737305,0.6511410395304362,0.5754373073577881,0.34166736602783204,0.5546594142913819,0.5356100082397461,94.73668136783036,94.29651653176994,145.79914588851273,145.8500761661916,96.11501412595209,0.43863868713378906,28.520911762330826,0.5142931461334228,28.818922280441967,0.5142066160837809,89.63275089253267,0.572058661778768,89.20912456558736,0.5716436227162679
0.5451525211334228,0.2876927693684896,0.5516490936279297,0.5384102503458659,0.5683267116546631,0.5325447718302408,0.47595715522766113,0.49010435740152997,0.4749165058135986,0.49069169362386067,0.4795557498931885,0.6486119588216146,0.4768270969390869,0.6491076151529948,0.5768482208251953,0.3408688386281331,0.5599879026412964,0.5354775110880534,96.46479184434229,95.69353814328932,143.11027898621177,143.28877789782877,94.95157230760503,0.43817317485809326,27.764551689373803,0.513084602355957,28.36722503117653,0.5127909342447917,89.30901200103756,0.5698996543884277,88.699438566841,0.5693581581115723
0.5429893493652344,0.2889250119527181,0.550958251953125,0.5329846382141114,0.5559377193450927,0.5176886240641276,0.5140869140625,0.5500871658325195,0.4783149242401123,0.49286235173543297,0.5177737712860108,0.5774483362833659,0.47691850662231444,0.6485664367675781,0.5760392665863037,0.3446151733398437,0.5534479856491088,0.5253366311391194,100.01767943368995,138.9406969958128,148.67229217177535,137.93129535111933,97.12535932447001,0.43497590223948157,23.375138206276603,0.5090994914372762,147.83801304476071,0.5377118984858195,90.51383809824654,0.5707143942515055,82.32574467979383,0.5637677510579426
0.543384599685669,0.28113476435343426,0.5541708946228028,0.5332629839579265,0.5612935066223145,0.5259517033894857,0.5197741508483886,0.5187419255574545,0.47667875289916994,0.4877224604288737,0.5219792366027832,0.5772534688313802,0.47594594955444336,0.646157964070638,0.5760136842727661,0.33999878565470376,0.5577322006225587,0.5296073436737061,96.59041734427349,91.49193333582062,145.2067831853123,140.9577202767932,95.50726225943102,0.43480306466420493,27.327946645563202,0.5086649020512899,15.973666784103472,0.5241746346155802,90.26500524503604,0.5669402122497558,87.84175329922213,0.5479976971944174
0.5435449123382569,0.2803627014160156,0.5494109630584717,0.5290692965189616,0.5730130195617675,0.5240191141764323,0.4788456916809082,0.4946019172668457,0.4764345645904541,0.49134429295857746,0.4770791530609131,0.644101079305013,0.4730405807495117,0.6463415781656902,0.5731685400009154,0.33916316032409666,0.5612119913101197,0.526544205347697,99.8936781566649,100.05340159490538,144.90117117891543,145.08654173646926,93.6510218480648,0.4328536828358968,22.548412151671585,0.5089442491531372,21.196677917965246,0.5105730613072713,91.25440828459101,0.5688429355621338,90.67699708481645,0.5693514982859293
0.5416723251342773,0.28529237111409506,0.5579880714416504,0.5347237904866536,0.5387238502502442,0.511031182607015,0.47924489974975587,0.4922434171040853,0.47773427963256837,0.4916826248168945,0.47991480827331545,0.6426814397176107,0.47492661476135256,0.6411020278930664,0.5591871023178101,0.3416513760884603,0.5483559608459473,0.5228774865468343,94.66588177497756,94.05599607157457,149.2320445183461,150.00655895390867,93.42026530823432,0.4322644313176473,23.83190642095326,0.5072800556818644,23.905725467554532,0.5075604518254598,91.07648949830268,0.5663923263549804,89.74486053001169,0.567462428410848
0.5432206153869629,0.2848791758219401,0.553455400466919,0.5423728942871093,0.565928840637207,0.5366669336954752,0.4775832176208496,0.49148257573445636,0.47769765853881835,0.49189189275105794,0.4803318023681641,0.6466533025105794,0.4770853519439697,0.6471844355265299,0.5758915662765502,0.34084776242574055,0.5596921205520631,0.5395199139912923,92.87696129366556,92.8000308203001,142.72829811389144,142.45557587223803,94.66150419373544,0.4401838382085164,30.15096552803155,0.5157059033711751,30.329521286204596,0.5155012448628743,90.22591169686612,0.569538164138794,88.98520912136193,0.5690679391225179
0.5422188758850097,0.2770167668660482,0.549483346939087,0.535865592956543,0.5745118141174317,0.5395647048950195,0.4849661350250244,0.4953948974609375,0.5223406314849853,0.5031816164652506,0.4787460803985596,0.6506402333577473,0.4757673740386963,0.6483559290568034,0.5716259717941284,0.3396828492482503,0.5619975805282593,0.5377151489257812,65.72543222641269,90.31372405482226,159.85490530029665,145.8957157658175,92.78354641433994,0.43869899908701576,41.049562835460904,0.520448382695516,28.783922421262417,0.5165550231933593,107.78671968460431,0.575768772761027,92.2943836704069,0.5730175654093425
0.5424474239349365,0.2788007418314616,0.5510030746459961,0.5350378672281901,0.5827118396759033,0.538873291015625,0.47859530448913573,0.490239683787028,0.5304766654968261,0.4938285191853841,0.4787875175476074,0.644845453898112,0.47618699073791504,0.647598139444987,0.5713401794433594,0.33526810010274255,0.5668574571609497,0.5369555791219076,54.6016067993131,93.00736251613695,160.11173903271072,140.70418550689425,91.27325101310964,0.4361118396123251,49.84994945683846,0.5153920491536459,27.89162904502996,0.5135976314544678,109.44601323269929,0.5707133293151856,89.92876726828696,0.5675425688425699
0.543873929977417,0.2817511240641276,0.5500584602355957,0.5364348093668619,0.5850377082824707,0.5375923792521159,0.47637233734130857,0.48982226053873695,0.5362417697906494,0.4935344378153483,0.47919473648071287,0.6461906433105469,0.47624988555908204,0.6488367080688476,0.5706339836120606,0.3344415505727132,0.5675480842590332,0.5370135943094889,47.953353333773805,93.87760484474158,161.89111668947993,139.98384899450897,90.8727528768267,0.43572757244110105,54.244965616234126,0.5152740160624186,27.365472891820275,0.513417927424113,111.12110266171864,0.5711855729420979,88.96594184854189,0.5680064519246419
0.5429001808166504,0.28032061258951824,0.5521680831909179,0.5484676996866862,0.5854215621948242,0.5492493311564127,0.4772899627685547,0.4913089434305827,0.5367723941802979,0.49865538279215493,0.47719268798828124,0.6448415120442709,0.47623248100280763,0.64817320505778,0.5702983140945435,0.33567059834798174,0.5687948226928711,0.5488585154215495,44.155652885228115,88.69547546972566,159.05853851639068,136.37414337962397,90.40406738293586,0.4422645568847656,57.46794061107332,0.5237569491068522,32.16675898246615,0.5200837294260661,112.04307345773852,0.5734142939249675,90.03630131161937,0.5680752277374268
0.5423230171203614,0.2812449137369792,0.5525428771972656,0.5434225082397461,0.5856189250946044,0.5405841827392578,0.4764884948730469,0.4904858907063802,0.5388370513916015,0.4921159108479818,0.4762268543243408,0.6446599960327148,0.4732210636138916,0.6384764353434245,0.5691540002822876,0.334642759958903,0.569080901145935,0.5420033454895019,42.12332978643925,91.64492779642914,159.330216118711,137.96755158627798,90.02019801311248,0.43832305272420247,58.774003761954205,0.5170596281687418,29.091109190772983,0.5162446180979411,114.147529507396,0.5652961730957031,90.09723348008119,0.5675729433695476
0.5407691478729248,0.28153909047444664,0.550568962097168,0.5371366500854492,0.5870458126068115,0.5369129816691081,0.4746548175811768,0.4884247144063314,0.54757719039917,0.49100961685180666,0.4773447513580322,0.6496612548828125,0.5507590770721436,0.594999122619629,0.5680255651474,0.3355492750803629,0.5688073873519898,0.5370248158772786,32.26069766913215,94.11298098556787,160.9552179365898,139.96704956254865,89.77766587629566,0.43628704547882075,65.2326481079121,0.5140172163645427,27.30208378088497,0.512724765141805,88.24740186489447,0.5430043697357179,89.0442144458796,0.5690429846445719
0.5408809185028076,0.28053105672200523,0.547941017150879,0.5333920796712239,0.5845986843109131,0.5302071253458659,0.4751169204711914,0.4873713811238607,0.5380191802978516,0.4937678654988607,0.47812886238098146,0.6510550181070963,0.47365570068359375,0.6391431808471679,0.5677541732788086,0.3350268840789795,0.5662698507308961,0.531799602508545,47.215204622296504,95.31809312877242,163.0938458267716,142.4779270857167,90.43219306559993,0.43341324329376224,53.39435914599703,0.5127837340037028,25.984747851628384,0.5095854918162028,113.88089250523065,0.5664555231730143,88.94581957413646,0.5692131996154786
0.5406814575195312,0.2749763488769531,0.5507558345794678,0.5353919982910156,0.584522008895874,0.534762191772461,0.47519493103027344,0.4879299799601237,0.5399588584899903,0.4898575146993001,0.47783808708190917,0.6473489761352539,0.4732829093933105,0.6384141286214192,0.5679448604583741,0.3355967203776042,0.5676389217376709,0.5350770950317383,41.754631832769526,94.31372975174504,161.7728523201791,140.39550644316807,90.08787322448444,0.43533690770467126,58.52813211900572,0.5124673048655192,27.021915959963962,0.511503537495931,114.1717438469075,0.5641358216603597,89.05012692675038,0.5676394780476888
0.5410162925720214,0.27468029657999676,0.5512028694152832,0.5350238800048828,0.5871020793914795,0.5289766947428386,0.47536334991455076,0.490064811706543,0.5491697311401367,0.471219539642334,0.4755002498626709,0.643809954325358,0.5435268878936768,0.5947407404581706,0.5672115564346314,0.33591453234354657,0.5691524744033813,0.5320002873738607,25.794317025488144,96.69736716360218,160.39866428982722,139.9993057798038,89.43288702276054,0.4339574098587037,71.80080799617609,0.5016099135080974,24.090619101030853,0.5110325495402018,92.61563577513508,0.5329801400502523,89.94898188628144,0.5669373830159505
0.5392780303955078,0.27864917119344074,0.5508787155151367,0.5310691515604655,0.5871672630310059,0.5300638834635417,0.4754024505615234,0.4904077847798665,0.5442906856536865,0.47316608428955076,0.47387351989746096,0.6435173034667969,0.5390425205230713,0.5970074335734049,0.5660977363586426,0.33631943066914877,0.5690229892730713,0.5305665175120036,32.364090623448064,97.26374013649158,158.14007231585552,140.46142308375715,89.13722269776159,0.4334429740905762,66.69008900903147,0.5018663009007771,23.217017521657567,0.510487151145935,92.42663617071383,0.5350867589314778,90.57212878305823,0.5669625441233317
0.5407360553741455,0.280698299407959,0.5536882877349854,0.5284996668497721,0.5856900691986084,0.5280380884806315,0.47586970329284667,0.48949337005615234,0.5406169414520263,0.4924678166707357,0.48005194664001466,0.6465543746948242,0.5416548728942872,0.611599858601888,0.566673469543457,0.33543883959452314,0.5696891784667969,0.5282688776652018,48.499813154987635,98.06094345086683,160.90679753481032,141.31968274624901,89.10401247499583,0.4318538586298625,50.92168910873124,0.5103683471679688,22.45526529919647,0.5088811238606771,89.50082626412666,0.5520338376363119,88.47468006887796,0.5680238723754882
0.5394042491912842,0.28150091171264646,0.5546890735626221,0.537870724995931,0.5816881656646729,0.5394010543823242,0.4795557498931885,0.49102528889973956,0.5235754013061523,0.497989559173584,0.48009676933288575,0.6477874755859375,0.4748643398284912,0.6438866297403971,0.5696127414703369,0.3363164742787679,0.5681886196136474,0.5386358896891277,63.558498650329255,91.96076023669141,156.8998304456946,140.8966584797847,90.4032970545827,0.4374761819839478,42.33610913851331,0.5183127244313559,28.243198645211436,0.5148305892944336,108.46276186512897,0.5709380944569906,89.80226093987416,0.5694063822428386
0.5401815414428711,0.27860355377197266,0.5479302883148194,0.5295007069905598,0.5798554420471191,0.5312370618184408,0.4761223316192627,0.4882205963134766,0.5323445796966553,0.49122050603230794,0.4736184597015381,0.6422953287760417,0.5243669509887695,0.5829964319864909,0.5660993814468384,0.334790579477946,0.5638928651809693,0.5303688844045003,51.040817933609034,94.73815608665049,148.059574909517,142.04308018939275,90.64638409668746,0.4325797319412231,51.13589479790764,0.5107946952184041,25.650784139058317,0.5092947403589885,94.96795214562,0.5371084690093995,90.93103303743268,0.5652579625447591
0.5403716087341308,0.2772170702616374,0.5518651962280273,0.5286499341328939,0.5868203163146972,0.5286501566569011,0.4751923084259033,0.49187841415405276,0.5388355731964112,0.49311532974243166,0.4751130104064941,0.6433342615763347,0.548591423034668,0.6142787297566732,0.5657217979431153,0.33573883374532065,0.5693427562713622,0.5286500453948975,50.34149859501199,98.77134136047796,161.77409717362283,140.6219243395729,88.92468006963587,0.43219443957010906,49.35332538044378,0.5108826875686645,21.333750708317496,0.510264229774475,85.39658234265836,0.5536970297495525,90.0299984549825,0.5676063378651937
0.5401520252227783,0.280030632019043,0.5525805473327636,0.5267074902852377,0.5871952056884766,0.5268170356750488,0.47518467903137207,0.4912745793660482,0.5390779972076416,0.49149678548177084,0.4776576519012451,0.6485150655110677,0.5400888919830322,0.601705805460612,0.5657044887542724,0.33599761327107747,0.5698878765106201,0.5267622629801432,50.85892448709271,99.69810581133355,157.79075403804987,141.95429536766392,88.74372924401158,0.4313799381256103,48.85773303785632,0.509129524230957,20.542245015593892,0.5090184211730957,89.47446788035272,0.5466012954711914,89.09896470598297,0.5698948224385579
0.5382322311401367,0.2812785784403483,0.553261137008667,0.5324338595072429,0.5892463684082031,0.527119255065918,0.47569260597229,0.49064292907714846,0.5512329578399658,0.4745034217834473,0.4776881217956543,0.6484921137491862,0.5494794845581055,0.6019741058349609,0.5662198066711426,0.3318462053934733,0.571253752708435,0.5297765572865805,25.90838750429782,97.41691194712446,164.0051667432639,141.03230903406632,88.54311531192432,0.4308113813400269,70.08882033020107,0.5021399895350138,22.269786989228834,0.5102097431818644,90.78810499125137,0.5382387638092041,89.27571026393728,0.5695675214131674
0.536851453781128,0.28080736796061195,0.5505945682525635,0.5275834083557129,0.5868016719818115,0.5246977806091309,0.47478437423706055,0.48941335678100584,0.5664358615875245,0.4717517534891764,0.478237247467041,0.6495082219441731,0.47548422813415525,0.6513668696085612,0.5658623933792115,0.33131340344746907,0.5686981201171875,0.5261405944824219,2.147836082778001,98.5861461736934,170.19360911619918,142.51325125134747,89.16611382093029,0.4287269989649455,87.61820271368111,0.49894617398579916,21.359183046887722,0.5077769756317139,116.85626738113119,0.5615593115488688,88.76445508509632,0.5694607893625895
0.5360789775848389,0.2821877797444661,0.5494936943054199,0.5269928614298502,0.5864779472351074,0.5255146026611328,0.4754352569580078,0.48755683898925783,0.554124402999878,0.46367702484130857,0.4772483825683594,0.6440526326497396,0.5515230178833008,0.6007505416870117,0.5635952472686767,0.3347950458526612,0.5679858207702637,0.5262537320454915,16.692764555754277,97.29897412283547,168.62590015008666,141.73008561419795,88.68631059478061,0.43052438894907635,77.51004030934263,0.49496537844340005,22.690596419620704,0.5069052855173747,91.08723042445341,0.5322137832641601,89.33621348536445,0.5658047358194986
0.5371028423309326,0.28269484837849934,0.5512158870697021,0.5261944135030111,0.5866004943847656,0.5185433705647786,0.47548637390136717,0.48918511072794596,0.5463292121887207,0.46175594329833985,0.47675037384033203,0.6445789337158203,0.5447214603424072,0.5924372990926107,0.5652926683425903,0.3319756031036377,0.5689081907272339,0.5223688920338949,28.744112829990108,100.18203760631945,161.66083693261425,142.5142422636346,88.91209779902624,0.4271722475687663,69.56909385044095,0.49206241766611736,19.555230008795974,0.5057770013809204,90.70486526202902,0.5270966211954753,89.5339566063789,0.5668820222218831
0.5368683815002442,0.2834081013997396,0.552838945388794,0.5268253326416016,0.584108829498291,0.5243507067362467,0.4755227565765381,0.48903013865152994,0.5222123146057129,0.49282054901123046,0.47735061645507815,0.648335329691569,0.47496676445007324,0.6461044947306315,0.5662951231002809,0.3299870014190674,0.5684738874435424,0.5255880196889242,69.83791504305506,98.24533325449794,159.32306288363725,142.75373068917503,89.36181907407293,0.4277875105539958,35.31027042625385,0.5092042843500774,21.469821776460435,0.507309079170227,107.13047165789489,0.5694625218709309,89.34261990858792,0.5686827341715495
0.5364103794097901,0.28177153269449867,0.5513859748840332,0.5258736292521159,0.5798786163330079,0.5215807278951009,0.47421555519104003,0.4895135561625163,0.5176694393157959,0.4965115865071615,0.4765045642852783,0.6458947499593098,0.4743503093719482,0.6475702921549479,0.5666768074035644,0.334863026936849,0.5656322956085205,0.5237271785736084,77.29394836069199,100.35516898704397,159.60821572832208,143.04866355921888,90.31687065460618,0.4292951027552287,29.57190249111352,0.5101193825403849,20.518860791214223,0.5066203673680624,106.00131187096846,0.5720409393310547,89.16140047316603,0.567704153060913
0.5363664150238037,0.2829464276631673,0.5544206142425537,0.5286431312561035,0.5822448253631591,0.5295777320861816,0.4745972156524658,0.4904568354288737,0.5216364383697509,0.49724502563476564,0.4769723892211914,0.6467593510945638,0.4745961666107178,0.6463818232218425,0.5676193237304688,0.33226971626281737,0.5683327198028565,0.5291104316711426,71.26501538797864,98.0479808806492,158.87035654289826,141.29825495391958,89.79234781268457,0.43069007396698,34.3095133036619,0.5131777286529541,22.40972249158324,0.5097836335500081,107.50615701961226,0.5718134244283041,89.12940014474368,0.5686080932617188
0.5363599777221679,0.2812244733174642,0.5542976379394531,0.5261510213216146,0.5831630229949951,0.5268044153849284,0.47609796524047854,0.4905970573425293,0.5299059391021729,0.5049727121988933,0.4776571750640869,0.6490159352620443,0.4747112274169922,0.6484720230102539,0.566844129562378,0.3323280652364095,0.5687303304672241,0.5264777183532715,73.09437370169186,98.65490640751626,163.41756017455612,142.8155340758633,89.4433780873839,0.4294028917948405,28.982267095197784,0.5157252152760824,21.173615571346517,0.5085373878479004,111.03843938090117,0.5767223676045736,89.4360946188653,0.5698064963022867
0.5361111640930176,0.28111906051635743,0.553978157043457,0.5248575210571289,0.5827442169189453,0.5257984161376953,0.47599081993103026,0.49004220962524414,0.5303245544433594,0.50523255666097,0.47685837745666504,0.6447868982950846,0.47464547157287595,0.6477914174397786,0.5660015344619751,0.3336506207784017,0.5683611869812011,0.5253279685974122,73.89785275228388,99.01544323053358,163.90889032422706,142.22749204042228,89.29469338504697,0.4294892946879069,27.848269769013882,0.515280262629191,20.907007782915485,0.5076850891113281,111.33407934497778,0.5765119870503743,89.67878145383676,0.5674145539601644
0.5377233505249024,0.2796168009440104,0.5518804073333741,0.5257957458496094,0.5726765155792236,0.5219870249430338,0.4757570743560791,0.491636848449707,0.5093924522399902,0.49835999806722003,0.4749625205993652,0.6483506520589193,0.4720503807067871,0.6420576731363933,0.5670596599578857,0.3344194412231445,0.5622784614562988,0.5238913853963216,83.61015750907731,99.7004043482411,157.20277776295057,145.23843688609907,91.4455141223328,0.42915541330973306,25.769512542881188,0.5111256917317708,20.445085278824138,0.5077641169230143,104.56699889013359,0.5702088356018067,90.29049251393815,0.5699937502543131
0.5373737335205078,0.2792314211527506,0.5509343624114991,0.5250715573628744,0.5722794532775879,0.5203674634297689,0.4754790782928467,0.4894375483194987,0.5092891693115235,0.5021947224934896,0.47546067237854006,0.6484661102294922,0.47318544387817385,0.643526268005371,0.5678410530090332,0.33345042864481605,0.5616069078445435,0.5227195103963216,87.71546221956979,99.50253216020876,158.12865686210162,145.5924443659911,91.88652638989562,0.42808496952056885,21.42058879416959,0.5124571164449057,21.12778728737794,0.5060785293579102,104.32997969271266,0.5728604952494303,90.00663139495494,0.5689518292744955
0.5372438430786133,0.2819371223449707,0.5489407539367676,0.5199291229248046,0.5700496196746826,0.5203572591145833,0.47473816871643065,0.49120880762736,0.5117733955383301,0.5017327626546224,0.4734212875366211,0.645529047648112,0.4718712329864502,0.6407139460245769,0.5675629615783692,0.33377200762430825,0.5594951868057251,0.520143191019694,87.27839074793646,101.67471830456275,160.01150806217242,146.0204036873229,92.47871490391832,0.4269575993220011,21.095946931731504,0.5109379768371582,18.848898124636747,0.505675999323527,106.01902566263871,0.5712233543395997,90.48891773588406,0.568368927637736
0.5364850044250489,0.2830784479777018,0.5507688522338867,0.5223524729410808,0.571047019958496,0.5221411705017089,0.4752185821533203,0.4908182462056478,0.5115783214569092,0.50234956741333,0.4721940517425537,0.6412726084391276,0.4726238250732422,0.6419303258260091,0.5685499429702758,0.33372713724772135,0.5609079360961914,0.5222468217213949,86.70147392590891,100.57380549208516,159.17925966767064,144.45325155211572,92.3213233386412,0.4279869794845581,21.966838449817345,0.5122981945673625,20.141693769276202,0.5065325339635214,105.59346846922979,0.5721399466196695,91.15164151539445,0.5660454273223877
0.5372590065002442,0.2820017178853353,0.5524852275848389,0.5382668177286783,0.5755626678466796,0.5409284591674804,0.475950813293457,0.49163716634114585,0.5172893047332764,0.495588747660319,0.4753293037414551,0.6415108362833659,0.4714970588684082,0.6410505930582683,0.5706525087356568,0.3342357158660889,0.5640239477157593,0.5395976384480794,65.0207850678264,92.46289112862539,155.10894046625233,139.2046786080473,91.84872032768394,0.43691667715708415,43.279468026465395,0.5175931930541993,28.57062546862514,0.5156174023946126,107.47430906900743,0.5683196703592936,90.23759790594698,0.5665740013122559
0.53681640625,0.27989788055419923,0.5521513462066651,0.5376707077026367,0.5758397579193115,0.5409756342569987,0.47531590461730955,0.4895247141520182,0.5126179695129395,0.4949379285176595,0.4751568794250488,0.6416149139404297,0.47251219749450685,0.639659055074056,0.5684693574905395,0.3343765417734782,0.5639955520629882,0.5393231709798176,68.35643531774657,91.66469573865595,153.13170387873436,139.08613818841917,91.25051808514296,0.4368498563766479,40.82382983294957,0.5171305497487386,29.316585463805325,0.514423942565918,105.48935712511026,0.5672984917958577,90.05990832443528,0.565569814046224
0.536394453048706,0.2797723134358724,0.5541882991790772,0.5294321060180665,0.5700770854949951,0.5236503918965657,0.4749172210693359,0.4884937286376953,0.4807441234588623,0.4887184460957845,0.4760570049285889,0.6423251469930013,0.47280335426330566,0.6408226648966472,0.5658987283706665,0.3309954643249512,0.5621326923370362,0.526541248957316,93.43941899781778,96.44448688797928,144.9751200138156,142.9477557577819,91.1033288100764,0.4287683566411336,24.925181811691374,0.5076298475265503,23.569110143365407,0.5075174887975057,92.98847658538327,0.5647705554962159,89.57548587668296,0.5654094378153482
0.5379287719726562,0.28766552607218426,0.5562017917633056,0.5307187716166178,0.5701797008514404,0.5232489585876465,0.47691001892089846,0.489180056254069,0.5129040241241455,0.49548304875691734,0.4763173580169678,0.6441715240478516,0.47259020805358887,0.6401667277018229,0.5723563432693481,0.33007221221923827,0.5631907463073731,0.5269838651021321,77.70553932815233,97.29831083243975,156.89310418185855,143.66886113618813,92.66500861644903,0.42852803866068523,32.0640220134149,0.5112334569295247,23.66057816845472,0.5080819606781006,105.56965344746595,0.5678248882293702,90.21908820827312,0.5666757901509603
0.5378461837768554,0.2864225387573242,0.5561809062957763,0.5372261683146159,0.5669552326202393,0.5372206370035807,0.47825140953063966,0.4908413569132487,0.5064327716827393,0.49383233388264974,0.47861528396606445,0.6462454477945964,0.47231593132019045,0.6420383453369141,0.5732812404632568,0.332618506749471,0.5615680694580079,0.5372234026590983,74.31920896083898,91.8848346621813,152.5484840054575,142.5990326348626,93.27647854520987,0.43492095470428466,38.20248210534541,0.515527868270874,29.104508650267775,0.5140323797861734,102.96358009986808,0.5679353396097819,89.86584374192536,0.5685434023539225
0.5375641345977783,0.2827018102010091,0.5517283916473389,0.5330990155537924,0.5695784568786622,0.5295813878377279,0.4766956329345703,0.49140974680582683,0.5075700759887696,0.49471734364827474,0.4758036136627197,0.6423768997192383,0.47161359786987306,0.6397810618082682,0.5710536956787109,0.33117141723632815,0.5606534242630006,0.5313402016957601,76.61244408590638,95.05632874614534,154.5320378473353,142.95292141521514,92.97427147183521,0.43125580946604414,34.60227358167077,0.5130287726720174,25.43583249465064,0.5113749742507935,103.92115155003582,0.5672492027282715,90.33853950189618,0.5668933232625326
0.5374965190887451,0.28539450963338214,0.5529463291168213,0.5273788770039877,0.5695456981658935,0.5277909914652507,0.47551889419555665,0.490250301361084,0.5041486740112304,0.49290806452433267,0.4755712509155273,0.6428180694580078,0.47247653007507323,0.6399264653523763,0.5713080644607544,0.3296844005584717,0.5612460136413574,0.5275849342346192,81.09349705292526,97.28574137406531,153.84250226784278,143.34987886802116,92.91063909907844,0.42863466739654543,31.27152335958968,0.510246499379476,23.533390731564424,0.5089176177978516,102.15741550705073,0.5664172649383545,89.98033779347284,0.5665341854095459
0.536482572555542,0.2834567387898763,0.5509201526641846,0.5295084317525228,0.5594146251678467,0.52383820215861,0.47628016471862794,0.4899362246195475,0.5065614223480225,0.49414882659912107,0.47567024230957033,0.6416707356770833,0.47219257354736327,0.63785400390625,0.5640876293182373,0.3336551348368327,0.5551673889160156,0.5266733169555664,75.93104317458513,94.35873030731045,156.71613609269866,145.57439536254347,92.646013587941,0.4301642258961995,33.788302855189556,0.5104110717773438,24.97098487272703,0.508304770787557,103.45033752906406,0.5660014152526855,90.23030879008192,0.5658034801483154
0.5370863437652588,0.29161335627237955,0.5515854835510254,0.5372853597005208,0.5804969787597656,0.5399893442789714,0.47599220275878906,0.493489138285319,0.5327840328216553,0.49118986129760744,0.4800070285797119,0.6555224100748698,0.4732061862945557,0.6549550374348958,0.5646394968032837,0.3361266295115153,0.5660412311553955,0.538637351989746,46.63668767363141,92.76595923327882,161.39747089596392,142.22539756062173,89.6034176423088,0.43738199075063067,54.972372350659015,0.5149136066436768,26.627981912961502,0.5160632451375325,109.99141010205975,0.5730724493662516,88.58062782716338,0.5745057741800944
0.5349243640899658,0.29194895426432294,0.551544189453125,0.5271276156107585,0.5815994739532471,0.5290072441101075,0.4765655517578125,0.4957328160603841,0.5268203258514405,0.5030059814453125,0.48204941749572755,0.6509954452514648,0.47141351699829104,0.6488065083821615,0.5682695627212524,0.33289322853088377,0.566571831703186,0.528067429860433,71.46421429758779,99.62553081102214,162.56491621132588,143.46565865567837,90.49837718387742,0.4304803291956584,32.22949640185132,0.5155367056528728,19.76074541338383,0.5119001229604085,110.80768677640113,0.575906244913737,87.97715776185984,0.5733641306559245
0.5337691307067871,0.29377063115437824,0.5496517658233643,0.5294189453125,0.5792251110076905,0.5295174598693848,0.47537593841552733,0.49346303939819336,0.5221457481384277,0.4968775749206543,0.48120684623718263,0.6535900751749675,0.4732822418212891,0.6525831858317057,0.5654695749282836,0.336715571085612,0.5644384384155274,0.5294682025909424,67.51852966960682,97.87703586094428,160.90608367813616,144.07017691682586,90.30650272455048,0.4330918868382772,37.61774503625412,0.5131728887557984,22.011932271521033,0.5114656209945678,107.42289091587459,0.5747303803761801,87.91453792521654,0.5735265572865804
0.5346120357513428,0.2931936264038086,0.551767110824585,0.5362213770548503,0.5842156887054444,0.5358362833658854,0.47586703300476074,0.4932912190755208,0.5439611911773682,0.4812380154927572,0.4784648895263672,0.6522907257080078,0.47412900924682616,0.6518396377563477,0.5644754648208619,0.3380261421203613,0.5679913997650147,0.5360288302103678,31.83317754232615,94.82587042807012,163.23661662946972,141.46616882731075,88.98270540504053,0.4370274861653646,66.31865817659798,0.5086334228515625,24.887157269996635,0.5146600246429444,112.26070585205215,0.5665388266245525,89.06394067101319,0.5727909723917644
