0,1,2,3,4,5,6,7,8,9,10,11,12,13,14,15,16,17,18,19,20,21,22,23,24,25,26,27,28,29,30,31
0.40658960342407224,0.3370402654012044,0.41713671684265136,0.46182705561319987,0.38680922985076904,0.4604978561401367,0.44564504623413087,0.48273334503173826,0.3591050386428833,0.4749526341756185,0.43265609741210936,0.5715348561604817,0.3742487907409668,0.5747411727905274,0.4048710227012634,0.35972339312235513,0.4019729733467102,0.46116245587666826,129.4941120012901,134.62486130875797,157.6532638005607,156.14265251319608,91.6364587604646,0.4104429244995117,162.16754522517266,0.4680575450261434,26.286086926567886,0.47194790045420326,81.37072620513274,0.524846903483073,98.32161113241365,0.52713410059611
0.4061924457550049,0.33159818649291994,0.41712260246276855,0.45965407689412435,0.38733861446380613,0.45537195205688474,0.44559617042541505,0.48440612157185875,0.3580904245376587,0.4775116284688314,0.4313666343688965,0.5719451904296875,0.37438244819641114,0.5718355178833008,0.4045594453811645,0.3595053831736247,0.40223060846328734,0.4575130144755045,135.86762398213793,139.99325715550555,156.51009402052284,156.48250393853763,91.361194228323,0.4085091988245646,155.62612343035073,0.4675123214721679,31.805076373271167,0.47095956802368166,80.2003191479547,0.5246735731760661,99.23271583232872,0.5281756560007731
0.4054741382598877,0.32132301330566404,0.41611433029174805,0.46216421127319335,0.3872984886169434,0.457688045501709,0.445219898223877,0.48372360865275066,0.3594503402709961,0.4794618288675944,0.43230881690979006,0.5740551630655925,0.3730824708938599,0.5721655527750651,0.40340031385421754,0.3586800416310628,0.4017064094543457,0.45992612838745117,134.80729611603388,137.16620388321,157.32764485965166,156.85568309024143,90.95850143110522,0.409303085009257,155.18809527606405,0.4696939786275228,28.674201729272774,0.4718248685201009,81.63457967376038,0.5258136908213298,98.13418840873726,0.5288893858591716
0.40392155647277833,0.3321414311726888,0.4159632682800293,0.4623159726460775,0.3864695310592651,0.4597315788269043,0.44517130851745607,0.48327706654866537,0.35865819454193115,0.47937901814778644,0.4323019027709961,0.5738337834676107,0.37326047420501707,0.5733452479044596,0.40329877138137815,0.3578656037648519,0.4012163996696472,0.4610237757364909,133.50230817864093,135.31517216559854,157.19044774248343,156.50573445506708,91.15642712933425,0.4094446897506714,156.66958994565402,0.4702013969421387,26.851973523181638,0.4721504211425781,81.16693088197395,0.526362133026123,98.08838831111643,0.528555425008138
0.40380244255065917,0.3269507090250651,0.4170253276824951,0.4631913185119629,0.38665385246276857,0.4604119618733724,0.44492225646972655,0.4819011370340983,0.3580216884613037,0.47869625091552737,0.4312283039093018,0.5727519353230794,0.37430262565612793,0.5717185974121094,0.4030587792396545,0.3563928763071696,0.4018395900726318,0.4618016401926677,131.3006143477582,133.45681813423093,156.00798335862447,156.5924271261414,90.66267050623621,0.4090972582499186,158.9151504108661,0.4702489455540975,25.010616487577686,0.471851388613383,80.0725433596626,0.5252074241638184,98.57167400312267,0.5273265361785888
0.40280795097351074,0.32783714930216473,0.4171018600463867,0.46659126281738283,0.3870456457138062,0.46292810440063475,0.4464273452758789,0.48765408198038734,0.3588575839996338,0.47213252385457355,0.43050289154052734,0.5721463521321615,0.37394778728485106,0.5763212203979492,0.40359399318695066,0.35667773882548015,0.40207375288009645,0.46475968360900877,120.86201082713609,135.4111986178833,157.60879449723026,154.49843336715753,90.80584791525392,0.41071871121724446,170.31833764352592,0.4684461037317912,27.301838387178794,0.476206882794698,81.75885411682842,0.5242268721262614,100.67346329440713,0.5299002170562744
0.40277562141418455,0.32751248677571615,0.4170986175537109,0.46651525497436525,0.38703489303588867,0.4628618240356445,0.44641895294189454,0.4876564343770345,0.3588546276092529,0.4721538543701172,0.43050236701965333,0.5721296946207682,0.37394735813140867,0.5763193130493164,0.4035977959632874,0.35665683746337895,0.4020667552947998,0.4646885395050049,120.97785919986933,135.4790280715746,157.61721395832558,154.5052027669001,90.81194959099112,0.4106726884841919,170.19834638388184,0.468421196937561,27.377491419037014,0.47617248694101966,81.75567937475839,0.5242365837097168,100.67065659375425,0.5298930644989014
0.4027671813964844,0.32656914393107095,0.4166279315948486,0.466404660542806,0.3867107152938843,0.46298672358194987,0.4460309982299805,0.4890986442565918,0.3589912414550781,0.471791140238444,0.4282900333404541,0.5724773406982422,0.3746119260787964,0.5765972773234049,0.4035434126853943,0.3573674996693929,0.40166932344436646,0.46469569206237793,120.71340403820284,136.69099283293016,157.9298209061185,154.11431144366384,91.00035685437336,0.41103159586588545,170.5606238305533,0.468243416150411,28.814790794931557,0.47689716815948485,81.52283341323,0.5241942087809245,102.01201530263234,0.530787992477417
0.4047482967376709,0.3288074811299642,0.41585407257080076,0.4670442581176758,0.38512678146362306,0.4662660280863444,0.44424853324890134,0.49202362696329754,0.35885584354400635,0.46789890925089517,0.43006362915039065,0.5754819869995117,0.37366724014282227,0.5743233362833658,0.4028706908226013,0.35697121620178224,0.40049042701721194,0.46665514310201006,113.35372537216703,137.13694591035735,158.0876495024633,155.15122071581442,91.24318732341919,0.4118131796518961,178.2888897224872,0.4672770261764526,30.102741021365162,0.47933938503265383,82.07687299603273,0.5211111227671306,99.64603218054897,0.5337528069814046
0.4021721363067627,0.3251949310302734,0.41510920524597167,0.463296381632487,0.38692007064819334,0.46182352701822915,0.4423672676086426,0.4834742228190104,0.36007027626037597,0.4685446421305339,0.43074212074279783,0.5731390635172526,0.37229113578796386,0.5764199574788411,0.40435194969177246,0.3588816483815511,0.4010146379470825,0.46255995432535807,120.30457396536006,133.7960403778581,159.37808767935675,157.56542839829933,91.84366320253245,0.41072080135345457,171.68417294120047,0.46555229822794597,26.828199350530962,0.4730170885721843,83.53669489070913,0.5224822998046875,97.38725400911486,0.5283066431681316
0.40172457695007324,0.3237987836201986,0.41551814079284666,0.4594335873921712,0.3857694149017334,0.45937490463256836,0.4440309524536133,0.4901929537455241,0.3593477964401245,0.4732933680216471,0.4312410831451416,0.5727773666381836,0.37218775749206545,0.5750460942586263,0.4033345580101013,0.35553023020426433,0.40064377784729,0.4594042460123698,129.07100412007173,142.17586949641196,158.98384423955753,156.09328093029526,91.48387327902613,0.4074672381083171,161.4106080583094,0.4663488070170084,35.36053815077822,0.4747985998789469,82.80797991665278,0.5241697311401368,98.80347356270386,0.5314851601918538
0.4004998683929443,0.32635151545206703,0.41345806121826173,0.4640064239501953,0.3842992067337036,0.46205161412556967,0.444356107711792,0.4873803456624349,0.36024811267852785,0.4700328509012858,0.43007216453552244,0.573133913675944,0.3707678556442261,0.5765010833740234,0.4025524497032166,0.35484244028727213,0.39887863397598267,0.4630290190378825,120.4423224114759,135.67297502787378,160.44319479373127,154.72526733297812,91.94491112857747,0.4089357296625773,169.72372576257754,0.4665309349695842,28.1672277135452,0.47520468235015867,84.35712585804507,0.5232669671376546,99.45691459912528,0.5302571296691895
0.4006056785583496,0.32756064732869467,0.41420760154724123,0.4645610491434733,0.38428757190704343,0.46281611124674477,0.4451615810394287,0.48861239751180013,0.3596991777420044,0.48292086919148763,0.43038315773010255,0.5744548161824544,0.37184293270111085,0.5755592346191406,0.40356806516647337,0.35478312174479165,0.39924758672714233,0.46368858019510906,134.83254663759217,135.75975090651957,158.76727455807583,154.5315685243826,92.271836870503,0.40923585096995035,154.06646505205373,0.4733047246932983,28.49474950252095,0.47615048885345457,82.53180865104346,0.5292400519053141,99.76815043833098,0.5315336068471272
0.40665249824523925,0.330368709564209,0.4123069286346436,0.4619513193766276,0.3822901725769043,0.4629920641581217,0.44464759826660155,0.4854591369628906,0.3636151313781738,0.4894169489542643,0.4307434558868408,0.574965222676595,0.37126750946044923,0.5736220677693685,0.40324151515960693,0.35705609321594234,0.3972985506057739,0.4624716917673747,145.32499924734026,133.76900206239478,161.62642629924605,154.61259317547206,93.22672101839365,0.4097638924916585,141.34172496315614,0.47594432036081946,25.896066408904517,0.4739654143651326,84.80734779768446,0.5315195083618164,98.82992243506479,0.5302121798197428
0.4019277095794678,0.33095607757568357,0.4137146472930908,0.46352917353312173,0.38188297748565675,0.46493536631266275,0.4436140537261963,0.4832556088765462,0.36172053813934324,0.4985559145609538,0.4293692111968994,0.5742377599080404,0.37269065380096433,0.5731531778971354,0.4051375150680542,0.357209587097168,0.39779881238937376,0.46423226992289224,150.6475591568023,129.52435410142854,158.65325280974798,155.088674408201,93.92271524987433,0.4107209285100301,136.42768926082243,0.481394092241923,22.5491323939361,0.47374393939971926,81.63416659517947,0.5358545462290446,98.89841283762095,0.5287466843922933
0.40265769958496095,0.3286998748779297,0.4152064800262451,0.4662812868754069,0.3819721221923828,0.4665524164835612,0.44298453330993653,0.48536332448323566,0.36284618377685546,0.5058871269226074,0.4303147315979004,0.5759958902994792,0.37242465019226073,0.574380366007487,0.40483491420745854,0.3558756987253825,0.39858930110931395,0.46641685167948405,153.4740614916486,129.5272651556518,158.41625244540006,155.8951810333207,93.23379307327306,0.4111462752024333,132.16306010863738,0.48615198930104575,23.111247597868783,0.47589008808135985,82.03907580008203,0.5401337464650472,97.95797996160114,0.5306796073913574
0.4032742500305176,0.33407843907674156,0.4135290145874023,0.46736313501993815,0.3821699142456055,0.46924111048380535,0.44209842681884765,0.4847492853800456,0.36405129432678224,0.4991671880086263,0.4299753189086914,0.5755416870117187,0.3727172613143921,0.5768863042195638,0.4048030853271484,0.3582705974578857,0.39784946441650393,0.4683021227518718,148.53441769400595,126.81934402254184,160.60574954462896,155.7178476955497,93.61609094244814,0.41328636010487874,137.5971390304637,0.48373465538024907,20.38989929780892,0.4765257040659587,83.63759131804173,0.5380267461140951,97.60546550820169,0.5301454861958821
0.404367733001709,0.3398633321126302,0.41356048583984373,0.46382633845011395,0.3827183961868286,0.4658086140950521,0.44253153800964357,0.4825951894124349,0.36244356632232666,0.49016971588134767,0.429200553894043,0.5757741292317708,0.3731553554534912,0.5749092102050781,0.40457087755203247,0.35778263409932454,0.3981394410133362,0.464817476272583,143.03522276001613,128.7413173007186,160.00946844494314,156.21900824195768,93.43861531123764,0.4113000551859538,144.6165319509023,0.47749359607696534,21.82463157750176,0.47370633284250896,82.79554007854924,0.5325394630432129,98.14197748935389,0.5291846593221029
0.4043576240539551,0.3404590924580892,0.4136465072631836,0.4638898213704427,0.38276057243347167,0.465809694925944,0.44252743721008303,0.48281545639038087,0.3624452590942383,0.49000765482584635,0.4291950225830078,0.5758091608683268,0.37312684059143064,0.5749744415283203,0.40459818840026857,0.3578843593597412,0.3982035398483276,0.46484975814819335,142.82335858689103,128.95243046140448,160.00647315084555,156.2358605969794,93.4212075193044,0.4113670587539673,144.8715276563558,0.47742870648701985,22.064070017167186,0.4738326072692871,82.83466298918843,0.5324910481770834,98.15884112789917,0.5293123086293539
0.40475997924804685,0.33293914794921875,0.41230363845825196,0.46262311935424805,0.37981257438659666,0.46546096801757814,0.44100403785705566,0.48159602483113606,0.36201725006103513,0.49627440770467124,0.42880849838256835,0.5740088144938151,0.3706462621688843,0.5713068008422851,0.40457515716552733,0.35539093017578127,0.39605810642242434,0.46404204368591306,150.24532771674004,127.43420766665895,160.11149883363788,155.89760031985253,94.48219234587526,0.40971648693084717,136.56312412693921,0.48015822569529215,21.333515398454825,0.47281903425852456,83.43958738046013,0.5337906042734781,97.51777340021948,0.5278024196624755
0.4029991626739502,0.34285554885864256,0.4140604496002197,0.45695807139078776,0.38084228038787843,0.4586119016011556,0.4403315544128418,0.49428043365478513,0.3603794813156128,0.49561182657877606,0.42946600914001465,0.5744525909423828,0.3715390205383301,0.5722334543863933,0.40394651889801025,0.35551497141520183,0.3974513649940491,0.45778498649597166,152.8520481246666,145.09370215163648,158.95614797239708,156.9370954363271,93.63396606583566,0.40664997895558674,134.42249548898198,0.47669840653737383,40.40119757773943,0.4760327100753784,81.7134343126687,0.5339226404825846,97.71813753213712,0.5343665122985839
