0,1,2,3,4,5,6,7,8,9,10,11,12,13,14,15,16,17,18,19,20,21,22,23,24,25,26,27,28,29,30,31
0.7115673065185547,0.3999680201212565,0.7879345893859864,0.5473660786946615,0.756038236618042,0.5385942459106445,0.7172209739685058,0.5767503102620443,0.6964335441589355,0.5691246032714844,0.7272002696990967,0.6717597961425781,0.7138130187988281,0.6628545761108399,0.7424248218536377,0.4342803160349528,0.7719864130020142,0.542980162302653,127.9206973430203,131.69152330806835,143.6088211149481,154.82761897421832,74.7860129287766,0.4886302391688029,160.91224765628132,0.5560523827870687,148.3406684265238,0.5598652362823486,79.49547844515055,0.6159895896911621,84.00393885469335,0.6242550532023112
0.7214439392089844,0.39318612416585286,0.7869046688079834,0.539434814453125,0.7543389320373535,0.5303890228271484,0.7155543327331543,0.5776576360066732,0.6937677383422851,0.5671290079752604,0.7272186756134034,0.671899922688802,0.7095562934875488,0.6611752192179362,0.7438725233078003,0.4312562147776286,0.7706218004226684,0.5349119186401368,132.98542722971817,138.76757469368863,144.65991226494683,155.36417286488012,75.53000748688308,0.4830840667088827,157.2566535068447,0.5510204633076986,142.17986049404374,0.556284777323405,80.47000539443788,0.6141521135965984,82.9443986548746,0.6247787793477376
0.7267120361328125,0.38953822453816733,0.7866084098815918,0.547305170694987,0.7597138404846191,0.5415987014770508,0.711524248123169,0.5776630401611328,0.7028602123260498,0.5725522994995117,0.7282415866851807,0.6747656504313151,0.7243356704711914,0.6636667251586914,0.7457778453826904,0.43365246454874673,0.7731611251831054,0.5444519360860189,128.9575943392687,131.69607557422398,144.46559283024695,151.21239714893866,76.11794134505303,0.48905220031738283,158.21264496272624,0.5585021177927654,151.68338090599184,0.5610574881235759,76.73757297260003,0.6181095123291016,80.23162727754244,0.6262143452962239
0.7344607830047607,0.3881778081258138,0.7834176063537598,0.5537876764933268,0.7558007717132569,0.5455743153889974,0.7192032814025879,0.5753444035847982,0.7016461849212646,0.5734651565551758,0.7255600452423095,0.6702158610026042,0.7212603092193604,0.6628341674804688,0.747819185256958,0.43062092463175455,0.7696091890335084,0.5496809959411622,127.20079387413676,128.16694946754885,144.48497245556467,156.09198980344328,79.62868454600512,0.4901509602864583,160.71212493825425,0.561573076248169,153.0177667980992,0.5625126997629801,77.62136149058139,0.6181496620178223,86.16668532200622,0.6227801322937012
0.7350650787353515,0.3881162325541178,0.782456350326538,0.5550156911214192,0.7534656524658203,0.5457986831665039,0.7117844104766846,0.5763437271118164,0.6965498924255371,0.5661654154459635,0.727002477645874,0.6718109766642253,0.7157448291778564,0.6594139099121094,0.7526966333389282,0.43072021802266436,0.7679610013961792,0.5504071871439615,124.95968842628002,130.4750605898229,142.7730456219661,152.2998265511228,82.73197568061723,0.49056370258331294,167.55601742267154,0.5582863012949626,155.21739124615837,0.563375457127889,78.36830102059933,0.6127896626790365,80.94290167423057,0.6240773518880208
0.7397118091583252,0.3799062093098958,0.7853968620300293,0.5580043156941732,0.7544504165649414,0.5476239522298177,0.7137292385101318,0.5778107325236003,0.6984619140625,0.5689484278361002,0.7271490573883057,0.6716176350911458,0.7196966648101807,0.6605574289957682,0.7549102306365967,0.43007806142171223,0.7699236392974853,0.5528141339619954,124.84351985979481,129.55662509474263,141.9558067095763,152.05747694811524,83.02607070291106,0.4914460976918538,167.2773415060732,0.5608812808990478,156.01937043621234,0.5653124332427979,76.94945131606964,0.6147529284159342,81.85862524231172,0.6247141838073731
0.7402214050292969,0.3802631696065267,0.7849771499633789,0.5552001317342122,0.7556933879852294,0.5470109939575195,0.7130388259887696,0.5776519139607748,0.6996291160583497,0.5695407231648763,0.7271078109741211,0.6726113001505534,0.7200520992279053,0.6609787623087565,0.7559720516204834,0.43115530014038084,0.7703352689743042,0.5511055628458659,126.76679601364731,131.19312248931806,142.8183817656839,151.98871743289422,83.17173686971834,0.49113043149312335,165.38665493217306,0.560323143005371,155.1409621500092,0.5643787384033203,77.40945357019565,0.6152597427368164,81.57248321051702,0.6251316070556641
0.7417352676391602,0.384143861134847,0.7842245101928711,0.5554814656575521,0.7541029453277588,0.5458942413330078,0.7132269859313964,0.5758181889851888,0.694819974899292,0.5646635055541992,0.7276086807250977,0.6711316426595052,0.7122344493865966,0.6628005981445313,0.7586629152297973,0.4289941628774007,0.7691637277603149,0.5506878534952799,125.84722322445576,131.38776419974738,143.0167601338427,152.38420028130147,85.06822730721969,0.48984100818634035,169.35339692758083,0.5576756795247395,155.80735731460194,0.5632530212402344,79.937581125231,0.6137320518493652,81.4194592436968,0.6234749158223469
0.7443112850189209,0.3859049479166667,0.7841013908386231,0.550718625386556,0.7533440113067627,0.5424936930338542,0.7105711460113525,0.5794870376586914,0.6971587657928466,0.567746925354004,0.7279331684112549,0.666891606648763,0.7130350112915039,0.6567991892496745,0.7612852573394775,0.42972911198933916,0.7687227010726929,0.5466061592102052,131.37846167578968,138.19348943937382,143.08107380020766,150.03291294735968,86.35890582160684,0.48816763559977217,163.54228543008537,0.5571765422821046,150.5146969971203,0.5630465984344483,79.89150587072868,0.6122730573018392,78.76502569399247,0.6231893221537272
0.7443024158477783,0.38613640467325844,0.7877070903778076,0.5572877248128255,0.7555784225463867,0.5463852564493815,0.7192901134490967,0.5800508499145508,0.6991259098052979,0.5711107889811198,0.7300096035003663,0.6691978454589844,0.7207539558410645,0.660575803120931,0.7626711368560791,0.4297461032867432,0.7716427564620971,0.5518364906311035,129.08907053433725,134.420738057199,141.330494628621,153.61158376373788,85.79726378638644,0.4907912969589233,165.11545391511362,0.5614736398061116,151.67848340023644,0.5659436702728271,76.4095709883192,0.6158432960510254,83.14338272836798,0.6246243476867677
0.7542554855346679,0.3792142232259115,0.7885976791381836,0.5572035471598308,0.7552420616149902,0.5468404134114583,0.7344193935394288,0.574923324584961,0.7017770290374756,0.5698708216349284,0.7337584495544434,0.6554322560628255,0.7172621726989746,0.6536676406860351,0.7633658647537231,0.4314010461171468,0.7719198703765868,0.5520219802856445,128.25535050481398,132.81499498467028,141.26204320398895,160.21482538094972,85.94357906502694,0.49171151320139567,165.723277103245,0.5609464009602865,148.58780675272553,0.5634726524353028,79.53019840011477,0.6117692311604818,90.47036334246634,0.6151777903238933
0.753740644454956,0.38125410079956057,0.7890917301177979,0.5631411234537761,0.7553538322448731,0.5528976440429687,0.7271743774414062,0.5800085703531901,0.6988911628723145,0.5721177419026693,0.7291395664215088,0.6687913258870443,0.7126454830169677,0.6603623708089192,0.7649573087692261,0.4333524068196615,0.7722227811813355,0.5580193837483725,126.34171558729894,130.46500780535033,140.93570467904388,157.47911762485873,86.66462938539132,0.49568589528401696,169.11739348624502,0.5650685628255209,153.98190717822288,0.5690139770507813,81.14083023224192,0.6162400563557943,88.73197615600657,0.6243999481201172
0.7505917549133301,0.3797809918721517,0.7907071590423584,0.5586467742919922,0.7617045402526855,0.5470226923624675,0.7251803874969482,0.5765612284342448,0.7008201122283936,0.569102414449056,0.7275074481964111,0.6728392918904622,0.7156300067901611,0.6551441192626953,0.7661303520202636,0.43107837041219077,0.7762058496475219,0.5528347333272299,127.4998610279507,130.65875762318973,139.60454986228297,156.52787843097445,85.26947782168176,0.4919565518697103,167.8227230164719,0.5609685738881429,155.0618906772947,0.5646979808807373,80.23368460812263,0.6121232668558756,88.61541874474769,0.6247002601623535
0.7498510360717774,0.38159154256184896,0.7910655975341797,0.5609488805135091,0.763084602355957,0.550640614827474,0.724913501739502,0.5752440770467122,0.6997955322265625,0.5667522430419922,0.7257907867431641,0.6761997858683269,0.7086189270019532,0.6606189727783203,0.7676050186157226,0.4323386351267497,0.7770750999450684,0.5557947476704915,124.84039616606587,127.08178582822869,141.48320513096883,156.43143512889773,85.61354081417186,0.4940666913986206,171.92980799590816,0.5612734953562419,159.5511834534772,0.5655194123586018,84.63002322443062,0.6136856079101562,89.50212361859917,0.6257219314575195
0.7506524085998535,0.38609129587809243,0.7893957614898681,0.5617455800374349,0.7607618808746338,0.5502841313680013,0.7244481086730957,0.5784154891967773,0.7009015560150147,0.5723657608032227,0.7235313892364502,0.674117914835612,0.7128239154815674,0.652361806233724,0.7680054903030396,0.43405288060506186,0.775078821182251,0.556014855702718,128.3117495318996,130.65583919128923,138.65455227609868,156.96939734598692,86.68078074717444,0.49503386815388994,167.56907603527094,0.5641903082529703,156.13388132208487,0.5672151724497476,81.52321151274826,0.6123637835184733,90.54881104647178,0.6262667020161947
0.7541543960571289,0.37906131744384763,0.7873057365417481,0.5582042694091797,0.7571349143981934,0.5445341110229492,0.7300695419311524,0.576336161295573,0.6998828887939453,0.5673655192057292,0.7243328094482422,0.670423952738444,0.7086592674255371,0.6556593577067057,0.7679932355880738,0.4333672523498535,0.7722203254699707,0.5513691902160645,129.4133250159371,135.495383755062,142.96267884179565,161.57760576031282,87.94841595963942,0.492368221282959,167.53057534182147,0.5593673547108968,149.3606722852486,0.5638526757558187,84.32346455761427,0.6115124384562174,93.48912592412738,0.6233800570170085
0.7576897144317627,0.37586835225423176,0.7916311740875244,0.5577784220377604,0.7601260662078857,0.5484048843383789,0.7249488830566406,0.5739453633626302,0.7003562927246094,0.5737323760986328,0.72545166015625,0.6738754272460937,0.7128346920013428,0.6611289342244466,0.7687484502792359,0.4304184118906657,0.775878620147705,0.5530916531880696,130.7973563765688,129.2375711979336,141.60906837137483,157.05130178781405,86.67352455554966,0.4917550325393677,164.71401031132044,0.5634120146433512,157.73284378546302,0.56351850827535,81.87428148283986,0.6174306551615397,89.71173076794582,0.623910395304362
0.7536770820617675,0.37567679087320965,0.7890849113464355,0.5583251317342123,0.7607371807098389,0.5479558944702149,0.7237672805786133,0.5737538655598958,0.6994508743286133,0.5673808415730794,0.7222976207733154,0.6688999176025391,0.70809326171875,0.6531778971354166,0.7693749189376831,0.4309452374776205,0.7749110460281372,0.5531405131022136,127.82219437010029,129.6632645808969,140.5078884467823,156.4428260096327,87.40595569729837,0.492042875289917,169.31321049561006,0.5602606773376465,158.04823779721576,0.5634471893310546,84.24796501770169,0.6102793693542481,90.88494064092988,0.6213268915812175
0.7555998802185059,0.3764275868733724,0.7914902210235596,0.5598584493001302,0.759754753112793,0.5505678812662761,0.7267223358154297,0.5737698872884115,0.6987884998321533,0.5694636662801107,0.726115369796753,0.6745120366414388,0.7056080341339112,0.6529088973999023,0.7696755647659301,0.43052101135253906,0.7756224870681763,0.5552131652832031,127.53751813971574,127.47222573603298,139.70031527328237,157.8075340923203,87.26947088993457,0.49286708831787107,169.49267308737896,0.5623384157816569,159.21915306594875,0.5644915262858072,85.32790416412888,0.6111862818400065,90.34519980578206,0.6241409619649252
0.7544473648071289,0.3781351407368978,0.7865640163421631,0.5610944747924804,0.7576762676239014,0.5521612803141276,0.7259992599487305,0.5713485717773438,0.6993537902832031,0.5643300374348958,0.7263482093811036,0.6735435485839844,0.7065811157226562,0.6503000895182292,0.7701268196105957,0.4329545338948568,0.7721201419830322,0.556627877553304,124.35383561995432,125.3869678573116,140.21548314538487,158.4242533940338,89.07660723287073,0.4947912057240804,173.95786435650172,0.5604789574940999,162.29814735591083,0.5639882246653238,85.19456109956823,0.6073150634765625,89.80436169504428,0.6224460601806641
0.7547519207000732,0.3784545580546061,0.7857298374176025,0.5596086502075195,0.7576250076293946,0.5502024332682292,0.7250666141510009,0.5715106328328451,0.6998071670532227,0.5646245956420899,0.7263214111328125,0.6750510533650717,0.7073697090148926,0.6554107666015625,0.7707110404968261,0.43172264099121094,0.7716774225234986,0.5549055417378743,125.78156968054182,127.69164225165157,142.6252999100548,158.62369883916853,89.55051817002388,0.49331409136454263,172.29857973245691,0.5597650686899821,160.39156896824957,0.5632080872853598,85.238221207127,0.6100176811218262,89.3056716258799,0.6232808430989584
0.7567250251770019,0.3765184720357259,0.7867199420928955,0.5591672897338867,0.7581750392913819,0.5498619079589844,0.7323251247406006,0.5712131500244141,0.6710373878479003,0.5454970041910807,0.7272950649261475,0.6726356506347656,0.6979533195495605,0.6460031509399414,0.7700863122940064,0.42978065808614097,0.7724474906921387,0.5545145988464355,125.48081274966601,127.54537829899078,125.85371100258796,161.91963155107348,88.91553653809125,0.49214762846628823,5.081493186902577,0.5500058015187581,157.40338105228724,0.5628638744354248,75.00777066906744,0.5957500775655111,92.83926397708042,0.6219244003295898
0.7552184104919434,0.3792709986368815,0.789536428451538,0.5608662923177083,0.7609581470489502,0.5511027654012044,0.7298736572265625,0.5754294077555339,0.6953408241271972,0.5637303670247396,0.7272299289703369,0.6782639821370443,0.7119300365447998,0.6599268595377604,0.7708231687545777,0.4334532737731933,0.7752472877502441,0.5559845288594564,125.62467833368282,129.2864638725155,138.86750738701505,160.0334548313613,87.9321742723932,0.49471890131632484,174.4632572756838,0.5598574479420979,156.80243657322325,0.5657069683074951,80.2155047432849,0.61182861328125,91.47266728209043,0.6268466949462891
0.75538330078125,0.3799014409383138,0.7891119956970215,0.5599217732747396,0.7582687854766845,0.5514421463012695,0.7304106235504151,0.570309829711914,0.6915829658508301,0.5565844853719075,0.7271447658538819,0.6756298065185546,0.7127315998077393,0.6599037170410156,0.7704713106155396,0.43339948654174804,0.7736903905868531,0.5556819597880045,123.26549073188453,124.98418554838197,138.1086486041221,160.5674244765,88.49203975574179,0.4945407231648763,179.37022961646602,0.556133222579956,161.32556812708654,0.5629958947499593,78.43180285248337,0.6082441012064616,91.77611054958645,0.6229698181152343
0.7547628879547119,0.38198502858479816,0.7876146316528321,0.5578770955403646,0.7564841747283936,0.5478452682495117,0.7287967205047607,0.5724640528361002,0.6967372417449951,0.5599693298339844,0.723796796798706,0.6688308715820312,0.7018269538879395,0.6513867060343425,0.770957064628601,0.4334517637888591,0.7720494031906129,0.5528611818949382,125.78918724902448,131.25262787716184,141.3345683669041,160.3788957314273,89.47588184686902,0.4931564728418986,174.60825484233368,0.5564152558644613,155.61913643798556,0.5626626173655191,86.8133162526229,0.6056780179341634,92.97008745554596,0.6206474622090657
0.7553982734680176,0.3821933110555013,0.7879365444183349,0.5576584498087566,0.7567710399627685,0.5477662404378255,0.7332305908203125,0.577542495727539,0.6979792594909668,0.5627387364705404,0.7239546775817871,0.6692209879557292,0.7016995429992676,0.6512828191121419,0.7708325386047363,0.43339446385701497,0.7723537921905517,0.552712345123291,127.06815224620705,137.02206364359006,141.96152112681324,163.21885699979558,89.26954211037115,0.493053404490153,172.32227366285443,0.5577255407969157,147.5981082333982,0.5651274204254151,87.59406572002077,0.6070107777913412,95.77745277532624,0.6233817418416341
0.7538545608520508,0.3835348129272461,0.7900730609893799,0.5569863637288411,0.7575421333312988,0.545704460144043,0.7301270008087158,0.5765562693277995,0.6990175724029541,0.5644887288411459,0.723673963546753,0.6727616628011067,0.7025960922241211,0.6520920435587565,0.770177674293518,0.43290276527404786,0.7738075971603393,0.551345411936442,128.37115767556057,135.57048338286688,142.4067118416799,161.40132373918308,88.24460033350763,0.4921240886052449,170.03283027293568,0.5579170703887939,150.0080151299147,0.5639508406321208,87.66081735777394,0.6082903861999511,93.8374023239506,0.624658966064453
0.7541091918945313,0.3821551322937012,0.7905457973480224,0.5587615966796875,0.7586316108703614,0.547710673014323,0.7280072212219239,0.5755448659261068,0.6990501880645752,0.5649764378865559,0.724354362487793,0.6747778574625651,0.7095101356506348,0.6615134557088216,0.7699635028839111,0.4344799518585205,0.7745887041091919,0.5532361348470052,127.35448389914215,132.15443204978314,142.80864838889795,159.65238918850932,87.76962653935183,0.49385804335276284,171.16568970771374,0.5591062863667806,154.40938023887048,0.5643905003865559,83.81603112318115,0.6132449467976888,92.10815907301098,0.6251613616943359
0.7550944805145263,0.3813522656758626,0.7904353618621827,0.55921630859375,0.7581401348114014,0.5480570475260417,0.7302603721618652,0.5764235814412435,0.6968079566955566,0.5603484471638998,0.7242238521575928,0.6742385228474935,0.7047584533691407,0.653111457824707,0.7703325748443604,0.43508823712666833,0.774287748336792,0.5536366780598958,125.36281910670345,133.19376966302093,140.1491219258836,160.98727799598345,88.08912947269278,0.49436245759328207,175.0490517578579,0.5569925626118978,152.63562660826656,0.5650301297505697,85.10128679733216,0.6067299524943034,93.53145467907147,0.6253310521443685
0.7535789966583252,0.3822370211283366,0.7882427215576172,0.5528723398844401,0.7570589542388916,0.5447483698527018,0.7275269985198974,0.5757006327311198,0.6971615791320801,0.5631332397460938,0.7237192630767822,0.6735858917236328,0.7024509906768799,0.651644515991211,0.7699895381927491,0.4335802714029948,0.7726508378982544,0.548810354868571,130.08569737206335,137.426660430064,142.2606458444498,160.8147157762267,88.67695888180161,0.4911953131357829,169.25673899819404,0.5559717973073324,149.20836575167792,0.5622554937998454,86.5800858942519,0.6073888778686524,92.2276819641561,0.6246432622273763
0.7558194160461426,0.3817848523457845,0.7873739719390869,0.556143315633138,0.756656265258789,0.5466325124104817,0.7273536205291748,0.5766900380452474,0.6976912498474122,0.5648586908976237,0.7240154266357421,0.6744094212849935,0.7053726196289063,0.6545006434122721,0.7700523376464844,0.4333343823750814,0.7720151185989379,0.5513879140218099,129.09140532393116,136.11914812547582,142.2274431731149,160.6421261523417,89.04747700074395,0.4923611481984456,169.72698607153345,0.5581233024597168,150.46710102736685,0.5640389760335287,85.10232004235486,0.6096796671549479,91.95652148748523,0.6255497296651205
0.7519704818725585,0.3835664431254069,0.7880776882171631,0.554868507385254,0.757728910446167,0.5428473790486653,0.7271393299102783,0.5762022654215495,0.6987662792205811,0.5654191970825195,0.7238014221191407,0.6744567235310872,0.7103127002716064,0.6603899002075195,0.770862627029419,0.43264772097269694,0.772903299331665,0.5488579432169596,131.09483266004597,137.7981282864108,143.767373763433,160.59307700496052,88.99397925376762,0.49075283209482823,167.4076062933011,0.5571385701497396,149.14135941633313,0.5625301043192545,83.06807067181461,0.6129045486450195,91.94570821704883,0.6253294944763184
0.7524901390075683,0.38508351643880206,0.7880692958831788,0.5554119110107422,0.7581129550933838,0.5452793757120769,0.7274717807769775,0.5763781229654948,0.6990478515625,0.5655176162719726,0.7238865375518799,0.6745602289835612,0.7103496551513672,0.6614377975463868,0.7706285953521729,0.4346445719401042,0.7730911254882813,0.5503456433614096,130.25636747230806,136.64615625441573,143.82366221052405,160.48150777856705,88.78072620001093,0.4924951076507569,168.41999655160458,0.5579316298166911,150.28894716714362,0.5633618831634521,83.28010245744285,0.6134777069091797,92.0912983236298,0.625469175974528
0.7534537792205811,0.3866929054260254,0.7898425579071044,0.5574075698852539,0.7596324443817138,0.5455801645914714,0.7272523403167724,0.5762275060017904,0.6988887786865234,0.5652948379516601,0.7237740993499756,0.6746905008951823,0.7104451656341553,0.6615784327189128,0.7706905841827393,0.4333242416381836,0.7747375011444091,0.5514938672383627,128.86184755221885,134.42137181167325,142.86977178771514,159.54948266058352,88.03857653265187,0.49240905443827315,169.68762657474548,0.5583943525950115,152.4863039887531,0.5638606866200766,83.1558447501739,0.6134366353352865,92.02315289736087,0.6254590034484864
0.7565967082977295,0.38159405390421547,0.7908527851104736,0.5575925827026367,0.7610143184661865,0.5462792714436849,0.7269439220428466,0.5765114466349284,0.6984713554382325,0.5646599451700847,0.7237589359283447,0.6748390833536784,0.7091375827789307,0.6566864649454752,0.7698245286941529,0.4346565882364909,0.7759335517883301,0.5519359270731607,128.08862413995072,133.45979532341684,140.86438181707777,158.85314943505122,87.018185937541,0.4932962576548258,170.67183898431773,0.5582979361216227,153.3594881117162,0.5642236868540446,83.38869837705302,0.6106732050577799,91.85525134186166,0.6256752649943034
0.7556957244873047,0.37949705123901367,0.7911033153533935,0.5584070841471355,0.7590009689331054,0.5478038152058919,0.7270281314849854,0.5774602890014648,0.6939143657684326,0.5595728556315104,0.7238759517669677,0.6746737798055013,0.7038398742675781,0.6486802419026693,0.7694400072097778,0.43476139704386396,0.7750521421432495,0.5531054496765138,125.73623124578995,133.44393499627373,136.95452958703785,159.02772338201746,87.2849423247967,0.49393342336018886,175.44264971766847,0.556339152654012,153.10866540092013,0.5652828693389893,83.64412813673538,0.6041265487670898,91.85718397513764,0.6260670344034831
0.7541280746459961,0.3775007247924805,0.7885674953460693,0.5517163594563802,0.7586679935455323,0.5404608408610027,0.7252627372741699,0.5756261189778645,0.7007663249969482,0.5703360239664713,0.7242187976837158,0.6728180567423503,0.7062510490417481,0.6503283818562825,0.7689461231231689,0.4323444207509359,0.7736177444458008,0.5460886001586914,134.70255128449168,138.37384478871465,143.2043809154896,159.31963095613318,87.64810968310853,0.4892165104548136,161.59080767401545,0.5582123120625814,148.58144677466555,0.560857359568278,86.07761947739037,0.6103322029113769,90.61539088454396,0.6242220878601075
0.7537793636322021,0.37825727462768555,0.7886194705963134,0.5521556218465169,0.7589054584503174,0.5404309590657552,0.7251707553863526,0.5754939397176106,0.7009186744689941,0.5698924382527669,0.7242921352386474,0.6723143895467122,0.7062077045440673,0.6501688639322917,0.7691261291503906,0.4322376092274984,0.7737624645233154,0.5462932904561361,134.3089735157837,138.0608930190398,143.19281899008212,159.08714603770758,87.6722222406906,0.4892654498418172,162.04927033658439,0.5580928643544515,148.9967038127677,0.5608936150868733,86.23050287443344,0.6100306510925293,90.51992987571067,0.6239041646321615
0.7552079200744629,0.37839911778767904,0.7890543460845947,0.5518386840820313,0.7587684154510498,0.5396879196166993,0.7250969409942627,0.5755966822306315,0.7007749080657959,0.5693984985351562,0.7246656894683838,0.6719784418741862,0.7063112258911133,0.6500280380249024,0.7690967321395874,0.43211801846822107,0.7739113807678222,0.5457633018493653,134.36768782263917,138.48046970763392,143.1146262837796,158.94199554617273,87.5740816129564,0.48894066015879317,162.09094873998853,0.5575809001922607,148.56843993321195,0.5606799920399984,86.07202843526095,0.6097132682800293,90.256363107929,0.6237875620524089
0.7556682586669922,0.37835782368977866,0.7900984764099122,0.5529413859049479,0.7589617252349854,0.5397267659505208,0.7233407974243165,0.5753321329752604,0.7004032135009766,0.5688247044881185,0.7240994930267334,0.6733324686686198,0.7063488960266113,0.6506783803304036,0.7689716815948486,0.43248518308003747,0.7745301008224488,0.5463340759277344,133.5771107751672,137.24648316614952,142.68383379113362,157.89858833735065,87.20488033832537,0.48940962950388595,163.12182685316822,0.5575793902079265,150.46902551371878,0.5608331044514974,85.84544910616498,0.609751542409261,89.55643838136835,0.6243323008219401
0.7538598060607911,0.3807156244913737,0.7900242328643798,0.5527958552042643,0.7589977264404297,0.539760971069336,0.7246760368347168,0.5767230351765951,0.7003470897674561,0.5691655476888021,0.7239549636840821,0.6741716384887695,0.7062460422515869,0.6509117126464844,0.7691086530685425,0.4324285825093587,0.7745109796524048,0.5462784131368001,133.84700456009637,138.53631760395055,142.7513224207282,158.8551346580469,87.28327650150229,0.48935349782307946,162.84966257483424,0.5577219804128011,148.57886068151203,0.5615007241566976,85.8725863073475,0.6100386301676433,90.42395368269037,0.6254473368326823
0.754554271697998,0.3805829048156738,0.7900011539459229,0.5527931213378906,0.7586419105529785,0.5400030136108398,0.7248359680175781,0.5765020370483398,0.7003596305847168,0.5691737492879232,0.723876667022705,0.674174944559733,0.7062073707580566,0.650975227355957,0.7687159538269043,0.43217973709106444,0.7743215322494507,0.5463980674743651,133.633549937585,138.2252103412547,142.8336797213124,159.01917044622482,87.19030656394474,0.4892889022827148,162.88441103833588,0.5577859083811442,148.68624433205588,0.5614500522613525,85.91105397273132,0.6100744883219401,90.5627162379093,0.6253384908040365
0.755302906036377,0.381483268737793,0.7888191223144532,0.5514708201090495,0.7567928314208985,0.5379465103149415,0.7251100540161133,0.5766252517700196,0.6984072685241699,0.5668331782023112,0.7238785743713378,0.6738375981648763,0.7061930179595948,0.6506746927897136,0.7684764385223388,0.43209606806437173,0.7728059768676758,0.5447086652119955,134.03769860995462,140.49119170441298,142.54005435449642,159.9739077727033,87.79827331757085,0.4884023666381836,163.43869876024684,0.5557709217071534,146.21082728270008,0.5606669584910076,84.69457470234114,0.6087539354960123,90.72578036482606,0.625231424967448
0.7526631832122803,0.3849602381388346,0.7899807453155517,0.5526277542114257,0.7582157611846924,0.5376719156901042,0.7248068809509277,0.576574961344401,0.6984935760498047,0.5666833241780599,0.7241813182830811,0.6741401672363281,0.70657377243042,0.6509557723999023,0.7691983938217164,0.431914234161377,0.774098253250122,0.545149834950765,133.58100313490263,139.57855075633964,141.97743377528877,159.2118207729684,87.52227886774004,0.48853203455607097,164.10215168037092,0.5559165795644124,147.4809384476133,0.560862398147583,84.52311856162362,0.6088195482889811,90.36736056888279,0.6253575642903646
0.7527564525604248,0.38431472778320314,0.7887788772583008,0.5520041783650717,0.7580343246459961,0.5373699188232421,0.7247370719909668,0.5765045801798503,0.6985491275787353,0.5666024525960286,0.7242312908172608,0.673923937479655,0.706555700302124,0.6508937199910482,0.7692087650299073,0.432057778040568,0.7734066009521484,0.5446870485941568,134.02539016173336,140.2868486960722,142.38590720799823,159.46538422494024,87.86550155929521,0.4883724133173624,163.6819884135834,0.5556447505950928,146.82549047150104,0.5605958143870036,84.57392696036855,0.6087480862935384,90.29746517574351,0.6252142588297527
0.753102970123291,0.3840895970662435,0.788794469833374,0.5516717910766602,0.7581005573272706,0.5371047973632812,0.7247769355773925,0.5764520645141602,0.6985622406005859,0.5665162404378256,0.724253797531128,0.6739176432291667,0.7065399169921875,0.6508501688639323,0.7692146062850953,0.4317170302073161,0.7734475135803223,0.5443882942199707,134.1223518658619,140.44449700581612,142.44817528637432,159.5113418083058,87.84848674371861,0.4880526622136434,163.53804871133428,0.5554522673288982,146.62344176580987,0.5604201793670655,84.5961126031924,0.608683204650879,90.30752717745143,0.6251848538716634
0.7538674354553223,0.38422517776489257,0.7899560451507568,0.5525347391764323,0.7582934379577637,0.5370758056640625,0.7248341083526612,0.5769900004069011,0.6986640930175781,0.5667800267537435,0.726836109161377,0.6748980204264323,0.7067694187164306,0.6541197458902995,0.7692492485046387,0.43175549507141114,0.7741247415542603,0.5448052724202475,133.8346682652738,140.1473697338442,143.05824770385874,158.85241831635415,87.5305375522476,0.48828038374582927,163.764010759771,0.5557926495869955,146.8571384468096,0.5608976364135743,84.69800653877407,0.6104498863220216,88.82859224144048,0.6259440104166667
0.7542215347290039,0.3836591084798177,0.7886986255645752,0.5516627629597982,0.7581573963165283,0.5371832529703776,0.7248545169830323,0.5769922892252605,0.7003848075866699,0.569389533996582,0.7268379211425782,0.6747549692789714,0.7067953109741211,0.6541800181070964,0.7692392110824585,0.43188627560933435,0.7734280109405518,0.5444230079650879,135.4699810527623,140.85016932221697,144.41479307717054,159.16717363023025,87.86834214997097,0.48815464178721113,161.12931962874,0.556906270980835,146.15753399228987,0.5607076485951742,85.67643271138014,0.6117847760518391,88.83774565443733,0.6258736292521159
0.7494120597839355,0.3867589314778646,0.7907080173492431,0.5531983693440755,0.7599546909332275,0.5429482777913411,0.7211419582366944,0.5779719670613607,0.6981392860412597,0.5676233291625976,0.7265775203704834,0.6780552546183268,0.7128323078155517,0.6647774378458658,0.7697891473770142,0.43231584231058756,0.7753313541412353,0.5480733235677083,132.1148673993726,137.35605645379107,143.2295168438836,156.33115287181758,87.25890065475775,0.49019458293914797,165.78785604588793,0.557848326365153,151.11257056983942,0.5630226453145345,81.40008978311357,0.6162003835042318,86.89129810420489,0.6280136108398438
0.7487165451049804,0.38715782165527346,0.7906978607177735,0.5532206853230794,0.7598796367645264,0.5427181879679362,0.7211768150329589,0.5780557632446289,0.6980396270751953,0.5674731572469075,0.7267077922821045,0.6783374150594076,0.7128111839294433,0.6645673116048177,0.7701281070709228,0.4318713665008545,0.77528874874115,0.5479694366455079,132.16576207252461,137.58776517205368,143.16546320674644,156.40543224094816,87.45483732695011,0.4899204015731812,165.83019564517852,0.5577212969462078,150.92586665720094,0.5630125999450684,81.34955790526683,0.6160202344258626,86.84308252779357,0.6281965891520183
0.7485557556152344,0.38786567052205406,0.7905584812164307,0.5537714004516602,0.75962233543396,0.5428565343221029,0.717691707611084,0.5810388565063477,0.6981282711029053,0.5673729578653971,0.7263942241668702,0.6779334386189778,0.7130475997924804,0.6641010920206706,0.7701267719268798,0.4315862973531087,0.7750904083251953,0.5483139673868815,131.84295858959052,139.02218455030783,143.04783634372376,154.277309028514,87.56506588866785,0.48995013236999513,166.0910301703448,0.5578434626261393,150.3111117673628,0.5646764119466146,81.23180590404095,0.6157370249430338,84.86779142571315,0.6294861475626627
0.7482831954956055,0.38754332860310875,0.7902489185333252,0.5535662968953451,0.7594939708709717,0.5424877166748047,0.7173777103424073,0.5812391916910807,0.6977954387664795,0.5679318745930989,0.7266735076904297,0.6773207982381185,0.7134987354278565,0.6635364532470703,0.7701178312301635,0.4313847064971924,0.7748714447021485,0.5480270067850749,132.38824227786063,139.40269577812887,142.68961886217764,154.02952088363656,87.66627241693803,0.48970585664113364,165.51974994541564,0.5579794406890869,149.98642733377022,0.5646330992380778,80.67231012133175,0.6157341639200846,84.4738911264723,0.6292799949645996
0.748604154586792,0.38858477274576825,0.7902252674102783,0.5535607020060221,0.759388017654419,0.5424673080444335,0.7174729824066162,0.5814147313435872,0.6978518009185791,0.5680716832478842,0.726735782623291,0.6772982915242513,0.7133664608001709,0.6633919397989909,0.7696608304977417,0.43164885838826494,0.7748066425323487,0.5480140050252278,132.36969684213557,139.43523660379824,142.71954955853417,154.08579500116997,87.46795873665221,0.48983143170674637,165.3913244072307,0.5580428441365559,149.77631304031522,0.5647143681844076,80.75540457870424,0.6157318115234376,84.48208255604283,0.6293565114339192
0.7493905544281005,0.39056084950764974,0.7903816223144531,0.5535437901814778,0.7595549583435058,0.5425304412841797,0.7175107479095459,0.5813678105672201,0.6978981494903564,0.5680195490519205,0.7270037174224854,0.6771116892496745,0.7133047103881835,0.6634347915649415,0.7700103998184205,0.4314253489176433,0.7749682903289794,0.5480371157328288,132.36629255778303,139.41448571401241,142.70956047261313,153.95240545049808,87.5654667391779,0.489731232325236,165.46464930652493,0.5580283323923747,149.88229719949084,0.5647024631500244,80.82770044690785,0.615727170308431,84.33765149818288,0.6292397499084472
0.7493480682373047,0.39045124053955077,0.7902685165405273,0.5535586039225261,0.7595164775848389,0.5423803329467773,0.7175996780395508,0.5812742869059245,0.6980224609375,0.5679359436035156,0.726923656463623,0.6769582748413085,0.7162500858306885,0.6543668111165365,0.7699575901031495,0.4314653714497884,0.7748924970626831,0.5479694684346517,132.35464191852174,139.43422986998317,139.2292683487737,154.0350038635038,87.57450231008279,0.48971741994222007,165.439562372813,0.5579527060190836,149.83018729266593,0.564621877670288,78.09125105708216,0.6111513773600261,84.43435355668208,0.6291162808736166
0.7493424415588379,0.3894179344177246,0.7902354717254638,0.5535663604736328,0.7593903064727783,0.5423962275187174,0.7175211429595947,0.5811803181966145,0.698024845123291,0.5679601669311524,0.7269078731536865,0.6769656499226888,0.7162413120269775,0.6544889450073242,0.7699739217758179,0.4314731597900391,0.774812889099121,0.5479812939961751,132.37992782504315,139.4000265669367,139.3037748008427,154.02793889355954,87.6216840996322,0.4897272268931071,165.41601244212194,0.5579707304636637,149.9088630702209,0.5645808060963948,78.11141675017356,0.6112245559692383,84.40302381613465,0.6290729840596516
0.7494147777557373,0.3904178301493327,0.7902527809143066,0.553594462076823,0.7593624591827393,0.5424006779988607,0.7175177097320556,0.5812177658081055,0.6980020046234131,0.5680018742879231,0.7269247531890869,0.6769636789957683,0.7157720565795899,0.6607677459716796,0.7699636459350586,0.43155474662780763,0.774807620048523,0.5479975700378419,132.40553670738942,139.4196113150725,141.52368923988112,154.01961123668292,87.61789233248527,0.48977615833282473,165.4014391215151,0.5579997221628825,149.89221829101027,0.5646076679229737,79.15589677779927,0.6143848101298014,84.38869439555947,0.6290907224019369
0.7494311332702637,0.39040212631225585,0.7902860641479492,0.5536410649617513,0.759442138671875,0.5424325942993165,0.7175294876098632,0.5812630971272786,0.6981150150299072,0.5682173411051432,0.7269214153289795,0.6769686381022135,0.7158178329467774,0.6609172185262044,0.7699986696243286,0.431547737121582,0.7748641014099121,0.5480368296305338,132.47483455653116,139.40643549186382,141.57496536673057,153.99789118290872,87.6083016374664,0.4897922833760579,165.26803915466314,0.5581270853678385,149.90706565294434,0.5646499633789062,79.18844830194672,0.6145672798156738,84.39530529627716,0.6291158676147461
0.7494858264923095,0.38994617462158204,0.7904245853424072,0.5538839975992839,0.7597115993499756,0.5426809946695964,0.7174383163452148,0.5811250686645508,0.6980998516082764,0.5679800669352214,0.7269283294677734,0.6769688288370769,0.7158023834228515,0.660882568359375,0.7701119661331177,0.43177261352539065,0.7750680923461915,0.5482824961344401,132.2200923926931,139.10507340260554,141.4521030380434,153.83514192530959,87.56420643830555,0.4900275548299154,165.64506404913726,0.5581312815348307,150.3216624505834,0.5647037823994955,79.21164497874312,0.6144313176472982,84.34526428213401,0.6290469487508139
0.7493359565734863,0.38886798222859703,0.7903902053833007,0.5535526275634766,0.7597861289978027,0.5423591613769532,0.717394495010376,0.5810991923014323,0.6981895923614502,0.5680302302042644,0.7268606185913086,0.6771263758341471,0.7156887531280518,0.6603052775065105,0.7697771072387696,0.4316500027974447,0.7750881671905517,0.5479558944702149,132.3260131617386,139.19187856924728,141.39634365465164,153.89631349180294,87.38542850529576,0.4898029486338298,165.3694729668197,0.5579930623372396,150.12391438241258,0.5645275433858236,79.26186963244297,0.6141677538553874,84.3701121572728,0.6291127840677897
0.750046682357788,0.3935373306274414,0.7882630348205566,0.552552604675293,0.7576817512512207,0.5430425643920899,0.7244116783142089,0.572512435913086,0.7019124507904053,0.5681070327758789,0.7218087673187256,0.67439759572347,0.7188697814941406,0.6530076344807942,0.7691901206970215,0.4334620793660482,0.7729723930358887,0.5477975845336914,132.5001171639195,134.82383891472935,141.49107674100293,159.45803735865468,88.10531956525385,0.4906298319498698,164.0496785901594,0.5579523086547852,153.02629794834314,0.5601550102233888,78.70485651024298,0.6105573336283365,91.4634455277182,0.623455015818278
0.7500585079193115,0.39359410603841144,0.7882894515991211,0.5525787989298503,0.7577003479003906,0.5431727091471354,0.7244057178497314,0.572488276163737,0.7019223213195801,0.5681627273559571,0.7240162372589112,0.6743597666422526,0.7189180850982666,0.653012212117513,0.7691900968551636,0.43348377545674643,0.7729948997497559,0.5478757540384929,132.4715212935192,134.72205446704578,141.45430184912087,159.05105545733383,88.09498172081898,0.49067976474761965,164.06912217424548,0.558019240697225,153.13581397603912,0.560182015101115,78.67327338637658,0.6105874697367351,90.21905525502139,0.6234240214029948
0.7498499393463135,0.3943037986755371,0.7887234210968017,0.5529045740763346,0.7580654144287109,0.5432909647623698,0.7244302749633789,0.5726986567179362,0.7019476413726806,0.5685712814331054,0.724529504776001,0.6757038116455079,0.7187360286712646,0.6545409520467123,0.7689517498016358,0.43351283073425295,0.7733944177627563,0.5480977694193523,132.37653807492188,134.41412375833517,141.76976950428534,158.99117577074477,87.77964981654029,0.4908053000768026,164.01002000866745,0.5583345254262289,153.32383012604777,0.5603982130686442,78.95018900362443,0.6115561167399088,89.94480424100769,0.624201234181722
0.7507344722747803,0.3919777552286784,0.7912863731384278,0.553628412882487,0.7603691577911377,0.5424275716145833,0.7237556934356689,0.5757697423299154,0.6949417114257812,0.5605366388956706,0.7240767002105712,0.6754489262898763,0.7125478744506836,0.6525775909423828,0.7689857006072998,0.43271443049112956,0.7758277654647827,0.5480279922485352,128.87345115421238,135.5922306597199,137.9860012871634,157.7113206756905,86.60436850702686,0.49037121136983236,171.20911509136198,0.5542823155721028,151.95323722459233,0.5618988672892253,79.17092410598126,0.6065571149190268,89.81548534925136,0.6256093343098958
0.7508835792541504,0.39054654439290365,0.7913879871368408,0.553794797261556,0.7604861736297608,0.5426801045735677,0.7237374782562256,0.575807253519694,0.6949328422546387,0.5605446497599283,0.7239397048950196,0.6754481633504231,0.7125935077667236,0.6526070276896159,0.76884024143219,0.4328876654307047,0.7759370803833008,0.5482374509175618,128.7078641322939,135.3560012378809,137.88642885329168,157.65142724243879,86.47934301164874,0.4905625581741333,171.36096207773267,0.554391050338745,152.158725619423,0.5620223522186278,79.14066511468148,0.6065758387247722,89.88371526294972,0.6256277084350585
0.7508879661560058,0.3905793825785319,0.791353416442871,0.5538892110188802,0.7604437828063965,0.5427640914916992,0.7238077640533447,0.575791613260905,0.6949395656585693,0.5605311075846354,0.723914384841919,0.6753924687703451,0.7126082897186279,0.6525707244873047,0.7688283443450927,0.4328671137491862,0.7758985996246337,0.5483266512552898,128.6339080960398,135.28469420168824,137.8697684958025,157.68858243375638,86.49582367187661,0.490596882502238,171.4272944597826,0.5544288794199626,152.19950079090833,0.5620591322580974,79.1332051955981,0.6065509160359701,89.93866600011663,0.625592041015625
0.7503560543060303,0.3909417152404785,0.7914202690124512,0.5538010915120443,0.7604828357696534,0.542498524983724,0.7237531661987304,0.5758650461832683,0.694929838180542,0.5605274200439453,0.7238797187805176,0.675428835550944,0.7125956535339355,0.6525521596272786,0.768867802619934,0.43270552953084307,0.7759515523910523,0.5481498082478842,128.73289764629823,135.45798595945107,137.88203483772335,157.67693832948794,86.48868933013247,0.4904276688893636,171.31413305101626,0.5543386141459148,152.03350042747195,0.5620074272155762,79.13323685746695,0.606539789835612,89.92717307201717,0.6256469408671061
0.7503945827484131,0.3910059928894043,0.7912863731384278,0.5536378224690756,0.7601226806640625,0.5423179626464844,0.7263270854949951,0.5745710372924805,0.6947536945343018,0.5609647115071614,0.7239996910095214,0.675249989827474,0.7125080585479736,0.6524346033732097,0.7688135862350465,0.4328821500142416,0.7757045269012451,0.54797789255778,129.1515700959021,134.99727845829412,137.84143982982135,159.2146107156103,86.57371277744409,0.49043002128601076,170.88578740882633,0.5544713020324707,151.6944843368472,0.5612744649251302,79.0154415967497,0.6066996574401855,91.32427018444712,0.6249105135599773
0.7508256912231446,0.39086907704671225,0.7911277294158936,0.5541282653808594,0.7601094722747803,0.5425556818644206,0.726842212677002,0.5743834177652994,0.6949008941650391,0.5609079996744791,0.7261550426483154,0.6749029159545898,0.7126162052154541,0.6526229858398438,0.7688427686691284,0.43309820493062334,0.775618600845337,0.54834197362264,128.89939642810828,134.65340765474514,137.9289182697817,159.04472938531248,86.63513125935246,0.4907200892766317,171.15129771030246,0.5546249866485595,151.90248781288616,0.5613626956939697,79.06760254003771,0.6067654927571615,90.3916785285363,0.6246431668599446
0.7508032321929932,0.3901365280151367,0.7910231590270996,0.5543659210205079,0.7599481582641602,0.5430266062418619,0.7268941879272461,0.5744154612223308,0.6949117183685303,0.5609044392903646,0.726184892654419,0.674776268005371,0.7126436233520508,0.6525294621785481,0.7687495946884155,0.4331436475118001,0.7754856586456299,0.548696263631185,128.640919753783,134.39529931693923,137.86391701029356,159.04805668842693,86.66375580825014,0.49091995557149254,171.38434980694265,0.5548003514607748,152.10797768889893,0.5615558624267578,79.04712502728096,0.6067169507344563,90.40492848004875,0.624595864613851
0.7508106708526612,0.39018627802530925,0.7910589694976806,0.5542107264200846,0.7600750923156738,0.5428934733072917,0.7267513275146484,0.5742722829182942,0.6953007221221924,0.5612201054890951,0.724139404296875,0.675183359781901,0.7128444194793702,0.6527784983317058,0.7687663555145263,0.4332007726033529,0.7755670309066772,0.5485520998636881,128.81865563320773,134.36899949431142,138.1137182760963,159.37957049031192,86.62596440409433,0.4908764362335205,171.0312889671193,0.5548861026763916,152.2159989286803,0.5614121913909912,79.15291019246764,0.6069993019104004,91.48267935479596,0.6247278213500976
0.7504585266113282,0.39083019892374676,0.7910802364349365,0.5541726430257161,0.7600841999053956,0.5428932189941407,0.7267415046691894,0.5742411931355794,0.695332145690918,0.5611652374267578,0.7241491317749024,0.6751502990722656,0.7128246307373047,0.6527519226074219,0.7687713623046875,0.4333662509918213,0.775582218170166,0.5485329310099284,128.82929615443874,134.37335557573,138.13198421314974,159.36419402137093,86.61552013454279,0.4909495910008749,171.05437392784123,0.5548490842183431,152.2390494458789,0.5613870620727539,79.18708873574616,0.6069585800170898,91.4716150837584,0.6246957461039225
0.750742244720459,0.3871757507324219,0.7918425083160401,0.5479279200236002,0.7609171390533447,0.5377763112386068,0.7220706939697266,0.5749935785929362,0.7021807670593262,0.56964537302653,0.7254494190216064,0.6767127990722657,0.7160022258758545,0.6534241358439128,0.769079041481018,0.4335354169209798,0.7763798236846924,0.5428521156311035,136.0288312551375,139.00038193449825,141.99532532646188,157.26707250606836,86.17914052880859,0.4881937662760416,160.14536380880418,0.5562487443288167,149.38192201054,0.5589228471120198,80.63197111100828,0.6115347544352214,88.0975519074021,0.6258531888326009
0.7508766651153564,0.38676637013753257,0.7917985439300537,0.5475424448649089,0.7607739448547364,0.5373744964599609,0.7219816684722901,0.5749014536539714,0.7021940231323243,0.5695699055989584,0.7254618644714356,0.6767012278238932,0.7193915843963623,0.6534257888793945,0.7690162658691406,0.4332458813985189,0.776286244392395,0.5424584706624349,136.21112521494362,139.2231750419855,141.26529902258451,157.30531759715512,86.19159783061627,0.4878521760304769,159.90168293593385,0.5560141881306966,149.14479376713584,0.5586799621582031,78.4102149167942,0.6114978472391764,88.04201024061285,0.6258013407389322
0.7508155822753906,0.38669942220052084,0.7920498847961426,0.5480061213175456,0.7612149715423584,0.5379951477050782,0.721946907043457,0.5752880732218425,0.7023040294647217,0.5698540369669597,0.7253547191619873,0.6769102732340495,0.719448184967041,0.6538483301798502,0.7688884258270263,0.43350602785746256,0.7766324281692505,0.5430006345113119,135.89197915091472,138.8772531907258,141.17540773372625,157.1261287373952,85.9544941980269,0.4882533311843872,160.1361994510567,0.5564273357391358,149.44153760077876,0.5591443538665772,78.46376641835329,0.611851183573405,88.07935558184515,0.626099173227946
0.7508336067199707,0.3866771697998047,0.7921173572540283,0.5480371475219726,0.7612781524658203,0.538052749633789,0.7219130516052246,0.5750902175903321,0.7023248672485352,0.5702143351236979,0.7253500938415527,0.6770556131998698,0.7197773456573486,0.6547286987304688,0.7688658714294434,0.4334805170694987,0.7766977548599243,0.5430449485778808,136.0176068960037,138.66840093939507,141.3262648768196,157.1045246818771,85.91133819610087,0.4882627328236897,159.93209157130235,0.5566296418507893,149.67531313474393,0.5590675830841064,78.33225004683464,0.6124715169270833,88.06940895023936,0.626072915395101
0.7508223533630372,0.3866367022196452,0.7919766902923584,0.5481562932332357,0.7611521720886231,0.5378556569417318,0.7218889236450196,0.5746676762898763,0.7022756099700928,0.5699009577433268,0.7235749721527099,0.6764841715494792,0.7199184894561768,0.6549683252970377,0.7688498497009277,0.43345897992451987,0.7765644311904907,0.5430059750874837,135.91108488387502,138.4697045295516,141.44647670969974,157.39872290624274,85.97173406156487,0.4882324775060018,160.09808743234944,0.5564534664154053,149.9255625052975,0.55883682568868,78.28303196755704,0.6124346415201822,89.05128698002413,0.6255759239196776
0.7508631706237793,0.3866794904073079,0.792029857635498,0.5481088002522786,0.7612534999847412,0.5376675287882487,0.721898365020752,0.5750424702962239,0.702267074584961,0.5699905395507813,0.7253592491149903,0.6769845962524415,0.7199027061462402,0.6549102783203125,0.7688624382019043,0.43344642321268717,0.7766416788101196,0.5428881645202637,136.0213635432328,138.7779514723292,141.40579398976814,157.12725574406682,85.93419064440295,0.4881672938664754,159.97807656672026,0.5564393520355224,149.5715153615373,0.5589653174082438,78.26791512931428,0.6124504089355469,88.05558379057341,0.6260135332743326
0.7505146026611328,0.38745457331339517,0.7919817924499511,0.5478556950887045,0.7612667083740234,0.5375174840291341,0.7216205596923828,0.5750548044840494,0.7023855686187744,0.5707834243774415,0.7253446102142334,0.6767960866292317,0.7200083255767822,0.6549986521402995,0.7688798427581787,0.4332838535308838,0.7766242504119873,0.5426865895589192,136.53819804915628,138.91146911918048,141.42847961521215,156.97830437604088,85.9508970811022,0.48798522154490154,159.27003759223,0.5567350069681803,149.5243160634206,0.5588706970214843,78.18091424056266,0.6128910382588705,87.90373034191565,0.6259254455566405
0.7504960536956787,0.3873469352722168,0.7931002616882324,0.5481664021809896,0.7612791061401367,0.537406857808431,0.7217583179473877,0.5752715428670248,0.7023818492889404,0.5706812540690104,0.7236425399780273,0.6762504577636719,0.71993408203125,0.654699961344401,0.7688661336898803,0.4332143147786458,0.7771896839141845,0.5427866299947103,136.25985851985106,138.71805988288816,141.1055378097995,157.06981514373413,85.6559270404531,0.48800047238667804,159.55033319400883,0.5567339420318603,149.62805662693083,0.5590290864308676,78.20012395179401,0.6126906077067057,88.93101007099047,0.6257610003153483
0.750510835647583,0.38733863830566406,0.7931105613708496,0.548198382059733,0.7613151550292969,0.5375219345092773,0.7216426849365234,0.57515443166097,0.7023272514343262,0.5707454045613607,0.7232887744903564,0.677563730875651,0.7197571277618409,0.6550910313924153,0.768860650062561,0.43324081103007,0.7772128582000732,0.5428601582845052,136.2445102159592,138.5662410960871,141.21444736305045,157.26207960034156,85.64289098846557,0.4880504846572876,159.5761164007835,0.5568027814229329,149.8372437632261,0.5590072949727376,78.32427405120937,0.612918217976888,89.07912793326796,0.6263590812683105
0.750746774673462,0.3872768719991048,0.7917185306549073,0.5483570734659831,0.760932731628418,0.5374660491943359,0.7183834075927734,0.5770549774169922,0.7020541191101074,0.5703354517618815,0.7253447532653808,0.677837880452474,0.7194152355194092,0.6609939575195313,0.7689193487167358,0.4333532174428304,0.7763256311416626,0.5429115613301595,136.28450197645725,139.8847891895295,143.42712669592026,155.3500141878065,86.13261699922406,0.48813238938649495,159.73392037796157,0.5566235065460206,149.49057620692608,0.5599832693735758,79.15909892197647,0.6156647046407064,86.04870264583815,0.627446428934733
0.7507502555847168,0.38727512359619143,0.7917261123657227,0.5483613967895508,0.7609407424926757,0.5374648412068684,0.7213175296783447,0.5751356760660807,0.702073049545288,0.5702786763509115,0.7253760814666748,0.6777994791666667,0.7193963050842285,0.6608744303385417,0.7689203739166259,0.4333524862925212,0.7763334274291992,0.5429131189982096,136.2508714002888,138.91647257878452,143.40936650033296,157.04058269426125,86.12917266465968,0.4881328026453654,159.7707448277907,0.5565958976745605,149.64269113207484,0.5590243975321452,79.17486610764496,0.6155765533447266,87.73613623328255,0.6264675776163737
0.7507308959960938,0.38725268046061195,0.7917707443237305,0.5484237670898438,0.7609109878540039,0.5374067942301433,0.7181800365447998,0.5769399642944336,0.7020258903503418,0.5700642267862955,0.7254295825958252,0.6779386520385742,0.719462251663208,0.660982322692871,0.7689368963241577,0.4333636283874512,0.7763408660888672,0.5429152806599935,136.14881215559979,139.79750588763778,143.42120810029806,155.23521026786094,86.13358551496307,0.4881394545237223,159.9316048535044,0.5564897537231446,149.67192672275647,0.5599276224772136,79.14357804943029,0.6155232747395833,85.89442943291654,0.627439308166504
0.7553155899047852,0.38540932337443035,0.7887419700622559,0.554371960957845,0.7580581188201905,0.544680404663086,0.7254774093627929,0.5737739562988281,0.7007380485534668,0.5673421859741211,0.7243886947631836,0.6743031819661458,0.7081054210662842,0.6551624298095703,0.7693009376525879,0.43552921613057455,0.7734000444412232,0.5495261828104655,131.2579000824833,134.4269770731735,143.48405111164806,159.17599934487555,87.94064368297869,0.49252769947052,166.2234237676149,0.5584341843922933,153.16161754747878,0.5616500695546468,85.2045993996258,0.6112523078918457,90.6204793949901,0.624038569132487
0.7553174495697021,0.38544480005900067,0.788505220413208,0.5542932510375976,0.7579592704772949,0.5446470260620118,0.7254555225372314,0.5736385981241862,0.7006787300109864,0.5673169453938802,0.724586296081543,0.6743354797363281,0.7081294059753418,0.6550916035970052,0.7693048238754272,0.4355179309844971,0.7732322454452515,0.5494701385498046,131.32475602153906,134.44627651397707,143.49932497867061,159.2093153165655,88.02605277755066,0.49249403476715087,166.18067166468143,0.5583935419718424,153.16685547822695,0.5615543683369955,85.14812808316277,0.6112042744954427,90.49457112886198,0.6239870389302571
0.7557236671447753,0.38577772776285807,0.7897613048553467,0.5544090270996094,0.7579164981842041,0.5447228749593099,0.725654125213623,0.5735401153564453,0.6965887546539307,0.5628030141194661,0.7244257450103759,0.6734302520751954,0.7085240840911865,0.6494094212849935,0.7693844079971314,0.43581865628560384,0.7738389015197754,0.5495659510294597,129.54751185452645,134.068527334226,138.9618328209982,158.95602061710497,87.75736796074865,0.4926923036575318,170.2766143560829,0.5561844825744628,153.5475216722394,0.5615530331929526,82.15342687809336,0.6061062177022298,90.70454857861091,0.6234851837158204
0.7557131290435791,0.3857876459757487,0.7884431838989258,0.5535867055257161,0.7577180385589599,0.5442051569620768,0.7255273818969726,0.5735755284627279,0.6965243339538574,0.5628005981445312,0.7243327140808106,0.6742266972859701,0.7094243049621582,0.6550683975219727,0.7693544387817383,0.4357421398162842,0.7730806112289428,0.5488959312438965,130.11562969855854,135.06797941913453,141.0960263261651,159.42629021168108,88.11392237221402,0.4923190355300903,169.7057718164854,0.5558482646942138,152.57118935780454,0.5612357298533122,82.04106073751126,0.6089344978332519,90.68003392726435,0.623901112874349
0.75572829246521,0.3857326825459798,0.7885757446289062,0.5535510381062826,0.7578262329101563,0.5442331314086915,0.72549409866333,0.5734929402669271,0.6965685844421386,0.5628665288289388,0.7243342876434327,0.6743436813354492,0.7094275951385498,0.6551361083984375,0.7693650722503662,0.4358083407084147,0.7732009887695312,0.548892084757487,130.14476204078352,134.9522911350472,141.0917073937095,159.37666412343492,88.05721334380145,0.4923502127329508,169.6652804296817,0.5558793067932128,152.7213483493228,0.561192512512207,82.0661609650826,0.6090013186136882,90.6588880401327,0.6239183108011881
0.7557590961456299,0.3857270876566569,0.7885941505432129,0.5533290863037109,0.7577728748321533,0.5440279006958008,0.7254989624023438,0.5735535939534505,0.6965510368347168,0.5628627141316732,0.7244047164916992,0.6744754791259766,0.7093525886535644,0.6552194595336914,0.7693568468093872,0.435781987508138,0.7731835126876831,0.5486784934997558,130.29525577546397,135.2074565328357,141.18181662800743,159.42700111507872,88.05868308657497,0.4922302405039469,169.5135677574394,0.5557706038157145,152.4507731103871,0.5611160437266032,82.10852478367912,0.6090410868326823,90.62120535762344,0.6240145365397136
0.7557599544525146,0.38571939468383787,0.7885951995849609,0.5533306121826171,0.7577744960784912,0.5440287272135417,0.7254989624023438,0.573553721110026,0.6965507507324219,0.5628630320231119,0.7244048118591309,0.6744759241739909,0.7093524932861328,0.6552195866902669,0.7693560361862183,0.4357848008473714,0.773184847831726,0.5486796696980794,130.29472564060072,135.20582465367056,141.1808696151707,159.42634190475394,88.05756719872511,0.4922322352727254,169.5144051458027,0.5557713508605957,152.45242178961533,0.5611166954040527,82.10839259478831,0.6090413093566894,90.62114926521441,0.6240148226420085
0.7557590961456299,0.3857270876566569,0.7885941505432129,0.5533290863037109,0.7577728748321533,0.5440279006958008,0.7254989624023438,0.5735535939534505,0.6965510368347168,0.5628627141316732,0.7244047164916992,0.6744754791259766,0.7093525886535644,0.6552194595336914,0.7693568468093872,0.435781987508138,0.7731835126876831,0.5486784934997558,130.29525577546397,135.2074565328357,141.18181662800743,159.42700111507872,88.05868308657497,0.4922302405039469,169.5135677574394,0.5557706038157145,152.4507731103871,0.5611160437266032,82.10852478367912,0.6090410868326823,90.62120535762344,0.6240145365397136
0.7557590961456299,0.3857270876566569,0.7885941505432129,0.5533290863037109,0.7577728748321533,0.5440279006958008,0.7254989624023438,0.5735535939534505,0.6965510368347168,0.5628627141316732,0.7244047164916992,0.6744754791259766,0.7093525886535644,0.6552194595336914,0.7693568468093872,0.435781987508138,0.7731835126876831,0.5486784934997558,130.29525577546397,135.2074565328357,141.18181662800743,159.42700111507872,88.05868308657497,0.4922302405039469,169.5135677574394,0.5557706038157145,152.4507731103871,0.5611160437266032,82.10852478367912,0.6090410868326823,90.62120535762344,0.6240145365397136
0.7557589054107666,0.38572762807210287,0.7885950088500977,0.5533306121826171,0.7577771663665771,0.5440341313680013,0.7255145072937011,0.5735312779744466,0.6965617179870606,0.5628789901733399,0.7244126796722412,0.6745196024576823,0.7094052791595459,0.6553122838338216,0.7693572998046876,0.4357840379079183,0.7731860876083374,0.5486823717753092,130.29906546011213,135.18632754281214,141.20362564946805,159.4392032785549,88.05763885500735,0.49223320484161376,169.5035199813147,0.5557806809743245,152.46913174736085,0.5611068248748778,82.08942953548879,0.6090956370035807,90.62509768339106,0.6240254402160644
0.7557548999786377,0.385736624399821,0.7884406089782715,0.553356679280599,0.7576122283935547,0.5440115610758464,0.7254164695739747,0.5732435862223307,0.6998618602752685,0.5678778966267903,0.7247496604919433,0.676046880086263,0.709653663635254,0.6574496587117513,0.7693434000015259,0.4357250372568766,0.773026418685913,0.5486841201782227,132.43345825097586,135.0016338976295,143.53389583658728,159.6124548495336,88.13253886976035,0.49220457871754963,165.30042944858386,0.5582810084025065,152.71317355785507,0.5609638532002768,83.7613145223627,0.6126637776692708,90.37163021662411,0.6246452331542969
0.7556631565093994,0.3857771873474121,0.7884884834289551,0.5532913208007812,0.7576746940612793,0.5439716974894205,0.7254030704498291,0.5732196172078451,0.6999690055847168,0.5677998224894206,0.7247201919555664,0.676068369547526,0.7094897270202637,0.657577641805013,0.7694163799285889,0.4357911268870036,0.7730815887451172,0.5486315091451008,132.43893967049672,135.0387972207565,143.67443457038593,159.59901435467881,88.13960936959224,0.4922113180160522,165.3091021964597,0.5582156658172608,152.71956092130375,0.5609255631764729,83.94654553762176,0.6126887321472168,90.38041765030644,0.6246439933776855
0.7521944522857666,0.3897116978963216,0.7891120433807373,0.5501835505167644,0.7585224628448486,0.539169438680013,0.725546932220459,0.5745881398518881,0.7019151210784912,0.5705702463785808,0.7251461505889892,0.6765495300292969,0.7115827083587647,0.664455795288086,0.7690144300460815,0.43259706497192385,0.7738172531127929,0.5446764945983886,135.7398597124642,138.80606853316075,146.66551574341173,159.96734586309103,87.54626482291208,0.48863677978515624,160.19478610700142,0.5576233704884848,148.21476781995088,0.5596323172251383,84.12085711883886,0.6175130208333334,90.22521248176905,0.6255688349405925
0.7521397113800049,0.38975537618001305,0.789045763015747,0.5502918879191081,0.7585219383239746,0.5392416000366211,0.7256489753723144,0.5745201746622721,0.7017515659332275,0.5703649520874023,0.7250076770782471,0.6764464060465495,0.7116169452667236,0.6643646876017253,0.7690054178237915,0.43275106747945147,0.7737838506698609,0.5447667439778646,135.60916810326384,138.72620695185145,146.54330514230057,160.0350830099783,87.55732276985565,0.48875890572865804,160.43624592776555,0.5575658480326335,148.2787000081372,0.5596434593200683,84.00867605037368,0.6173648198445638,90.36048817187621,0.6254832903544107
0.751722002029419,0.38927825291951496,0.7909624576568604,0.5521389643351237,0.7602537155151368,0.5399585088094075,0.7272722244262695,0.5737135569254558,0.703894567489624,0.570528793334961,0.7236668586730957,0.6760500590006511,0.7128526210784912,0.6527708689371745,0.7691399097442626,0.433230193456014,0.7756080865859986,0.5460487365722656,134.26522558558239,136.3798973871137,143.32701264826431,160.2388492275383,86.7186779160053,0.4896394650141398,161.15219807521805,0.5582887649536132,150.2155237904713,0.5598811467488607,83.78367845290305,0.6116498311360677,92.01772423011069,0.6248818079630534
0.7515685558319092,0.3892970085144043,0.7908183574676514,0.5523622512817383,0.7602490901947021,0.540046501159668,0.7246558666229248,0.5752220789591471,0.7032661437988281,0.5704242706298828,0.723672342300415,0.6762727737426758,0.7126964569091797,0.652881113688151,0.7691477537155151,0.4332386016845703,0.7755337238311768,0.5462043762207032,134.1801922420212,137.096747085131,142.97567395816722,158.81928849580382,86.76450561314711,0.48972148895263673,161.47184068485677,0.558314323425293,150.30213674595595,0.5607132275899251,83.4756206655798,0.6116526921590169,90.55764102890828,0.6257474263509115
