0,1,2,3,4,5,6,7,8,9,10,11,12,13,14,15,16,17,18,19,20,21,22,23,24,25,26,27,28,29,30,31
0.24878437519073487,0.34409364064534503,0.23035123348236083,0.490918223063151,0.19944803714752196,0.502685260772705,0.2774595499038696,0.5556257883707683,0.25198614597320557,0.5789789835611979,0.27156198024749756,0.6959124247233073,0.24790234565734864,0.7349703470865886,0.22609153985977173,0.3558437665303548,0.21489963531494138,0.49680174191792803,162.3298937949069,147.6567081853527,170.61119594315917,161.70759534474917,94.53969667990096,0.42632275422414145,65.71038891000599,0.537890362739563,43.23714823533763,0.5262137651443481,91.49964128454998,0.6569746653238933,92.4072642159893,0.6257691065470378
0.2410191059112549,0.33239994049072263,0.23174941539764404,0.48576717376708983,0.19779850244522096,0.5008668899536133,0.2787335395812988,0.5584738413492839,0.25203986167907716,0.570569101969401,0.2736884355545044,0.6854382197062174,0.2651890516281128,0.713644536336263,0.22231104373931887,0.3526330471038819,0.2147739589214325,0.4933170318603516,162.01545232551965,150.85995532917536,172.36248001157082,160.6761723010807,93.06666531314198,0.42297503948211673,64.24763690207338,0.5319430669148764,45.531258603960666,0.5258954366048177,84.74904520217132,0.6421068191528321,92.2755293575685,0.6219560305277507
0.23725907802581786,0.33187618255615237,0.23367395401000976,0.48932243982950846,0.19843660593032836,0.5073076883951823,0.2848395347595215,0.567767588297526,0.2589489221572876,0.5797149658203125,0.2775938272476196,0.6883244196573893,0.26463892459869387,0.7137652079264323,0.21804528832435607,0.35666044553120935,0.21605527997016905,0.4983150641123454,162.6044502134972,152.8343373635912,169.72300663625114,158.61490354264023,90.80485607297756,0.42748775482177737,62.21303143301868,0.5390150149663289,45.276979237923534,0.5330413262049357,87.56943713258742,0.6467400868733724,93.43945392759778,0.6280460039774577
0.2331904411315918,0.33163045247395834,0.23271026611328124,0.48946011861165367,0.1991631031036377,0.5116336186726888,0.2798564672470093,0.5550219853719075,0.2580966234207153,0.5692136764526368,0.28342561721801757,0.6797964096069335,0.2660972118377686,0.7136997222900391,0.21548231840133666,0.3539856592814128,0.21593668460845947,0.5005468686421712,159.65046278109983,148.19469139656817,169.92710669517137,161.0067183089617,89.82237330919561,0.427266263961792,58.450972547477505,0.534880272547404,40.439026640579485,0.5277844270070393,86.83061224997135,0.641456699371338,88.36151132124472,0.6174091974894205
0.22900040149688722,0.333992067972819,0.22819225788116454,0.4876122792561849,0.19030818939208985,0.5050418535868327,0.27716879844665526,0.5511748631795247,0.2569561004638672,0.562114143371582,0.27653357982635496,0.6818349838256836,0.27099635601043703,0.7069538752237956,0.2064323961734772,0.3597786744435628,0.2092502236366272,0.4963270664215088,158.07224746509215,149.20604283654225,169.19803241256957,159.7858439289472,88.81780585746083,0.4280528704325358,54.052039445625475,0.5292206048965454,38.92268617786398,0.5237509648005167,84.46324723988467,0.6345340092976888,90.27854757134483,0.6165049235026041
0.22736425399780275,0.3277554512023926,0.23246960639953612,0.49260565439860027,0.19959169626235962,0.5097763061523437,0.28707592487335204,0.569306755065918,0.2646867513656616,0.5760735829671224,0.2906445264816284,0.6823509216308594,0.2700909852981567,0.7098955154418946,0.20918846130371094,0.3530830065409343,0.21603065133094787,0.5011909802754719,160.9615225263915,153.6039174210144,167.7905201434183,159.42295842089416,87.35496968971384,0.4271369934082031,56.985595779375544,0.5386322816212972,43.794036627245205,0.535248867670695,87.68743710839105,0.6429845492045085,88.19187546369565,0.6258288383483888
0.22499873638153076,0.3321949640909831,0.22972099781036376,0.490727170308431,0.2006134271621704,0.5127135276794433,0.28407280445098876,0.5617519378662109,0.26887030601501466,0.5624392191569011,0.28555824756622317,0.6935111363728841,0.27439055442810056,0.7116538365681966,0.2074185013771057,0.35551109313964846,0.21516721248626708,0.5017203489939371,155.04862639171407,151.45164791651885,166.3646730747064,160.49177935742733,86.96631052546523,0.4286157210667928,48.50869507480446,0.5320797840754191,41.062870292016264,0.531736143430074,87.88128828309404,0.6370465278625488,89.35407913375316,0.6276315371195476
0.22237398624420165,0.3295994758605957,0.2317258358001709,0.49780969619750975,0.1994868040084839,0.5205044110616048,0.2873366117477417,0.56163330078125,0.27503228187561035,0.5588953653971355,0.2932919502258301,0.6863155364990234,0.27936315536499023,0.701271120707194,0.20158261656761167,0.35752662022908527,0.21560631990432738,0.5091570536295573,149.96818673008374,148.97772263574325,163.38288001666757,159.0567101082231,84.71597009563408,0.43334183692932127,39.92864124177171,0.5340262095133463,36.18835204161061,0.5353951772054036,88.25767891291844,0.6300832430521648,87.26539527917568,0.6239744186401367
0.22094230651855468,0.33088382085164386,0.23653018474578857,0.4939006487528483,0.2022803783416748,0.5198431650797526,0.2919183254241943,0.571044921875,0.2746086120605469,0.5710952758789063,0.2999647378921509,0.6890629450480144,0.27891514301300047,0.7036774317423503,0.2000592827796936,0.3575908660888672,0.21940528154373168,0.5068719069163005,158.56689317857052,154.79279341170593,165.03621108557005,160.0467744404539,82.615937536808,0.43223138650258386,49.319224929623616,0.5389835913976033,41.50837267416361,0.5389584143956503,88.1395737432019,0.6373863538106284,86.09963718109637,0.6300539334615072
0.21962671279907225,0.33487717310587567,0.23172478675842284,0.500896135965983,0.20019059181213378,0.5279666900634765,0.28969440460205076,0.5664726893107096,0.2762969732284546,0.5601648330688477,0.3006481647491455,0.699467658996582,0.28667712211608887,0.7061742782592774,0.19728134870529174,0.359844160079956,0.2159576892852783,0.5144314130147298,148.6864026574726,149.30957740566245,163.82124667404858,160.11496744274666,83.11124109853706,0.4371377865473429,37.15986145288954,0.5372981230417888,35.21335572474742,0.5404520511627198,85.93355218178874,0.6331695556640625,85.29162004437701,0.6329701741536458
0.21863434314727784,0.3301112492879232,0.23687455654144288,0.49606606165568035,0.20301930904388427,0.5233565330505371,0.2914913177490234,0.572305170694987,0.27428250312805175,0.5660502751668294,0.30197606086730955,0.6978766123453776,0.2863828897476196,0.7040583928426106,0.19891548752784727,0.3557315190633138,0.21994693279266359,0.5097112973531087,155.75201214440744,154.32714367402903,166.13823978865253,161.21851085056312,82.22233985926542,0.43272140820821126,46.03704293314707,0.537880786259969,41.1825397398812,0.5410082340240479,84.98918871915423,0.63505433400472,85.22708899159969,0.6350908915201823
0.21793701648712158,0.33032684326171874,0.2325892686843872,0.49900725682576497,0.19904304742813111,0.5262696901957195,0.2842073917388916,0.5579938888549805,0.26249468326568604,0.5586951573689779,0.3006194353103638,0.7010976155598958,0.2859564542770386,0.7027000427246094,0.19759472012519835,0.3581594467163086,0.21581615805625914,0.5126384735107422,152.54909524202603,146.98435352772967,168.99745044816507,162.3155575880579,83.27281058561259,0.4353989601135254,44.61580556823279,0.5356668154398601,33.55137700653044,0.5353161811828613,80.74647829735856,0.6306976000467936,83.45754069329291,0.6295457522074381
0.21902122497558593,0.3270520528157552,0.23896777629852295,0.4977592468261719,0.2032825231552124,0.5240510622660319,0.28988232612609866,0.5694634119669596,0.2662822723388672,0.560534922281901,0.2991574764251709,0.6921857833862305,0.2850793838500977,0.7027727127075195,0.1990107297897339,0.3572414398193359,0.22112514972686767,0.5109051545461019,156.01139232471849,153.60014613260364,169.09365695019002,161.03261936966197,81.81054210831284,0.4340732971827189,47.70157346666306,0.5357200384140015,40.419959620238835,0.5401842832565307,82.47182924114306,0.6316538174947103,85.67789831095327,0.630824597676595
0.22138729095458984,0.3218211809794108,0.23817884922027588,0.49275681177775066,0.20462508201599122,0.5139285405476888,0.28741586208343506,0.5654390970865886,0.2651177406311035,0.5540946960449219,0.29995853900909425,0.6869422912597656,0.2932101011276245,0.7002941131591797,0.20073895454406737,0.3536200523376465,0.22140196561813355,0.5033426761627198,157.06317287218084,155.50300883248812,170.84510424143141,162.72914328327434,82.14232502375079,0.4284813642501831,49.25969603041741,0.5287186861038209,43.248502553847366,0.5343908866246542,79.12313222510764,0.6271944046020508,84.10627866486637,0.6261906941731771
0.22148425579071046,0.3261394182840983,0.2329394578933716,0.48673295974731445,0.19918901920318605,0.5113811492919922,0.28516159057617185,0.5694180806477864,0.2662071228027344,0.5532496134440105,0.30053727626800536,0.695003890991211,0.29837956428527834,0.6990390141805013,0.20100134015083312,0.35364546775817873,0.21606423854827883,0.4990570545196533,155.3137082531142,156.82700210787993,170.07169974147726,163.65912070373614,84.08593701211608,0.426351261138916,47.22276194724242,0.5261533339818318,45.519159996496576,0.5342375675837199,77.55556052564216,0.6261443138122559,83.01991737235144,0.6322109858194986
0.2225830078125,0.3276927630106608,0.23134148120880127,0.48361997604370116,0.19660412073135375,0.5082600911458334,0.280190634727478,0.5572113037109375,0.2634990453720093,0.5388750076293946,0.2986299514770508,0.6885065078735352,0.2979830980300903,0.6892871856689453,0.20430058240890503,0.35246354738871255,0.2139728009700775,0.49594003359476724,148.54068526479705,153.11534185222192,169.42750537518685,164.2629082760703,86.1433395590823,0.4242017904917399,40.92246128544796,0.517407520612081,42.77804441559926,0.5265756686528524,77.08730917592658,0.6140810966491699,82.00557216693879,0.6228589057922364
0.22543957233428955,0.331149959564209,0.2230299472808838,0.48283685048421227,0.19221845865249634,0.49935677846272786,0.2742849588394165,0.5423990885416666,0.26116604804992677,0.5380207697550455,0.2995598793029785,0.6835226058959961,0.29882543087005614,0.6848629633585612,0.20425323247909546,0.354225238164266,0.20762420296669007,0.4910968144734701,148.43654296154648,147.9954715731957,169.17887728764404,164.61672941356784,88.58916402120369,0.42266102631886804,41.231253380781006,0.5145587921142578,37.581964970926556,0.5167479515075684,75.61584555311782,0.6114418665568033,79.84610059608785,0.6129608472188314
0.22709159851074218,0.3274665832519531,0.2228518009185791,0.4947100957234701,0.19044045209884644,0.5046737670898438,0.268522310256958,0.5297071456909179,0.25523765087127687,0.5178971926371256,0.3037331342697144,0.6650718053181967,0.3047600746154785,0.6670475641886393,0.2061915874481201,0.35214287439982095,0.20664612650871278,0.4996919314066569,127.02220617588817,135.22003241659388,167.98632428508378,164.16530589354764,89.82349539915253,0.42591740290323893,20.53892383666373,0.5087945620218912,25.877332076333925,0.5146995385487874,71.63227643032401,0.5924723784128825,75.41943552795479,0.5973894755045572
0.23055758476257324,0.328476619720459,0.22351808547973634,0.49677356084187824,0.191793954372406,0.5102558453877767,0.2682480812072754,0.5363715489705404,0.2555879592895508,0.5181958516438802,0.3014342784881592,0.6493016560872396,0.3128978252410889,0.6508245468139648,0.2054987370967865,0.35494497617085774,0.2076560199260712,0.5035147031148275,124.08663397952613,137.5481283910596,167.82658511351124,163.62483919482844,89.16810430945924,0.4292298396428426,17.029384392627794,0.5108552773793538,28.469348135937675,0.5199431260426839,66.63046073444825,0.5845101992289226,73.62378770877187,0.59283660252889
0.2303652286529541,0.32835613886515297,0.22161412239074707,0.5090990702311198,0.19062416553497313,0.5211194356282552,0.2701979160308838,0.5348286946614583,0.26107923984527587,0.5224527041117351,0.2980309724807739,0.6977683385213216,0.3212242364883423,0.637884521484375,0.21015310287475586,0.3542476495107015,0.2061191439628601,0.5151092529296875,114.45478607662757,125.49752266431925,164.3682694401457,162.98261767465283,91.43651675758689,0.43467845122019444,7.610456155520847,0.5187809785207113,17.10509482585364,0.524968973795573,62.47852660234265,0.580168612798055,80.30639828198773,0.6162985165913899
0.23077352046966554,0.3291081110636393,0.22087714672088624,0.5092807133992513,0.191093111038208,0.5150552749633789,0.27320427894592286,0.542746098836263,0.2616178274154663,0.5288307825724284,0.29734995365142824,0.7071870168050131,0.325806999206543,0.6150283813476562,0.2067216157913208,0.35819520950317385,0.20598512887954712,0.5121679941813151,124.50752901712237,134.2719307831113,167.31837212166823,163.25062271853756,90.27405667817987,0.43518160184224447,16.673709685424058,0.5204993883768718,24.460868080901164,0.5274570465087891,53.325876705298846,0.5719295819600423,81.64666950864527,0.624966557820638
0.23135662078857422,0.3346057891845703,0.21984493732452393,0.4924253781636556,0.18950246572494506,0.5001530965169271,0.26671295166015624,0.5327690760294597,0.2579610347747803,0.5278510411580404,0.29694690704345705,0.7070720672607422,0.3241560697555542,0.6006201426188151,0.20893278121948242,0.3543549060821533,0.2046737015247345,0.49628923734029134,136.41778873197907,138.4008110802139,173.41865361292022,166.1983162556574,91.71878138441755,0.4253220717112223,30.63803327282432,0.5120701392491659,30.456049467693003,0.5145291566848755,47.708509225207095,0.5642355918884278,80.15959510990882,0.619920571645101
0.23127593994140624,0.3309266726175944,0.22342524528503419,0.487844721476237,0.19093964099884034,0.4992497444152832,0.2695078134536743,0.5389065424601237,0.2597222089767456,0.5340559005737304,0.2970278263092041,0.7101941426595052,0.3266880989074707,0.5906178792317708,0.21094549298286436,0.3529831886291504,0.20718244314193726,0.4935472329457601,142.7088389746146,143.52990566376312,178.9001301390831,166.60323714819378,91.53350303338188,0.42326521078745527,37.63257080231973,0.5138015667597453,36.04646966309742,0.5162268877029419,40.185728582383156,0.5623368899027505,80.87254676788909,0.6245503425598145
0.23038067817687988,0.3339102109273275,0.22578799724578857,0.49477300643920896,0.19372435808181762,0.5022841453552246,0.2683152437210083,0.5331673304239909,0.26021995544433596,0.5285543441772461,0.2969109773635864,0.7143225351969401,0.33175652027130126,0.5882301330566406,0.2088241636753082,0.3552357832590739,0.2097561776638031,0.4985285758972168,137.26966319360437,139.09235014124025,176.49057308242072,166.9774619175182,89.62733844472884,0.42688217957814534,30.75249503611169,0.5135414600372314,30.605088054494964,0.5158479531606038,39.83485761113125,0.5583922386169433,81.02975561113519,0.6237449328104655
0.22778630256652832,0.3348952929178874,0.2292848825454712,0.4964964548746745,0.1939656138420105,0.5103314399719239,0.27849512100219725,0.5420078913370768,0.2623226881027222,0.5368125279744466,0.29526994228363035,0.7102851231892904,0.33734927177429197,0.5959083557128906,0.20829553008079527,0.3523706118265788,0.21162524819374084,0.5034139474232991,139.70267498309025,140.30484622192853,178.115420794288,163.6776854295492,88.73713130956105,0.427892279624939,33.3761882645748,0.5201132376988729,29.99139127684774,0.522710919380188,38.22627316697585,0.5663604418436685,84.30724135291486,0.6261465072631835
0.22781682014465332,0.33510557810465497,0.2319866895675659,0.498921807607015,0.1974240779876709,0.5135982513427735,0.2792334794998169,0.5427805582682291,0.26352880001068113,0.5406368255615235,0.293146538734436,0.711583137512207,0.3318727731704712,0.6028352737426758,0.20973796844482423,0.3504530747731527,0.21470538377761839,0.5062600294748942,140.942374261662,139.3750531787173,177.19237416087483,163.803048055829,88.17392258627551,0.42835655212402346,35.14955567928834,0.5234484275182089,29.508264975190244,0.5245202938715616,42.30468559461832,0.5717360496520996,85.28821325385424,0.627181847890218
0.226714825630188,0.33469343185424805,0.23151962757110595,0.49663159052530925,0.19854316711425782,0.5121380488077799,0.28301799297332764,0.5433152516682943,0.2692465543746948,0.5440363566080729,0.2930945158004761,0.7117207845052084,0.3288522005081177,0.6086598714192708,0.204630172252655,0.3535247484842936,0.2150313973426819,0.5043848196665446,144.91629951589246,142.2380273575633,175.18080737176078,162.7925739901051,86.05591667133717,0.4289547840754191,36.180753761294085,0.5242105881373087,29.796282061977532,0.5238500356674194,47.313035787631534,0.5763481140136719,86.57579715866801,0.6275180180867513
0.22427794933319092,0.33898194630940753,0.23072476387023927,0.49560705820719403,0.19901036024093627,0.5113453547159831,0.28536598682403563,0.5464992523193359,0.2757425308227539,0.5413359959920248,0.29359524250030516,0.7185799916585286,0.33751132488250735,0.629649289449056,0.20414935946464538,0.35549128850301104,0.21486756205558777,0.5034762064615885,142.94683735392084,144.42965558210634,170.78267286575993,162.63536223937402,85.85743381182029,0.4294837474822998,31.878598142113557,0.5224061012268066,31.394447811972068,0.5249877293904622,55.0299794649062,0.5854926427205404,87.26208360377271,0.6325396219889323
0.22318658828735352,0.33698918024698893,0.23081514835357667,0.49612277348836265,0.19919803142547607,0.5131114006042481,0.2842576503753662,0.5404467264811198,0.27603611946105955,0.5463780721028646,0.2931225061416626,0.717343521118164,0.33304462432861326,0.6285947799682617,0.20276249647140504,0.3556085427602132,0.21500658988952637,0.5046170870463054,145.39439623414026,141.14916661930042,171.14307187481853,162.70497965258292,85.30253563451159,0.43011281490325926,34.382863169421476,0.525497579574585,27.35648455344676,0.5225319067637126,55.26282460647284,0.5874864260355632,87.13112790770272,0.6288951237996419
0.22329223155975342,0.3338483174641927,0.22604901790618898,0.49182793299357097,0.1950403332710266,0.5009924252827962,0.2818532705307007,0.5412194569905598,0.2691405534744263,0.5429248809814453,0.2931597471237183,0.7185338973999024,0.33190193176269533,0.6305855433146159,0.20185948610305787,0.35434732437133787,0.2105446755886078,0.4964101791381836,148.07880481187863,145.31882012770285,173.47276575524313,163.24671956273517,86.50150555872114,0.4253787517547607,38.443322384220814,0.5196675300598145,32.14465323717391,0.5188148180643717,54.39891621462781,0.5867552121480306,86.35146735271245,0.6298766771952311
0.22212700843811034,0.332257334391276,0.22361392974853517,0.49295673370361326,0.19399590492248536,0.5075751304626465,0.2810640811920166,0.5437407811482747,0.26940596103668213,0.5476661046346029,0.29316928386688235,0.7210107167561849,0.3373541355133057,0.6360603332519531,0.20331113338470458,0.3525402863820394,0.20880491733551027,0.5002659320831299,146.74411095946905,143.16273388743727,174.1192715016097,162.9905982902908,87.87020296703719,0.4264031092325846,38.0313656083395,0.5239660183588664,31.033290879609176,0.5220033566157023,52.450709676973815,0.591863218943278,86.09351717631255,0.6323757489522298
0.22199735641479493,0.33063977559407554,0.22480578422546388,0.4922714869181315,0.19377458095550537,0.5088601112365723,0.28152058124542234,0.5502852121988933,0.269499397277832,0.5475195566813151,0.2934157371520996,0.720750363667806,0.3400395154953003,0.6349468231201172,0.19935210943222045,0.353935972849528,0.20929018259048462,0.5005657990773519,147.86723089920855,147.24976994619738,174.68287220246205,163.08138722079985,86.12261594307219,0.42725088596343996,37.94865126986942,0.5240426778793335,34.54137483418801,0.5254255056381225,51.10190236884107,0.5912331899007162,86.00833820090592,0.6355177879333496
0.21972315311431884,0.329316234588623,0.22647562026977539,0.49209292729695636,0.19407678842544557,0.5079081535339356,0.2805807590484619,0.5443965276082356,0.2656290292739868,0.5449820200602213,0.29288880825042723,0.7192122777303059,0.33586432933807375,0.6311604817708333,0.19598608016967772,0.3555593649546306,0.21027620434761046,0.500000540415446,149.28482306383484,146.40290578440906,175.42318448581335,163.37778500328815,84.34989329169133,0.42777995268503827,39.098415970603874,0.5224912802378336,32.2716304805028,0.5221985340118408,50.820024331750545,0.5880712509155273,85.97268835230624,0.6318044026692708
0.2178441286087036,0.33144845962524416,0.22614941596984864,0.49531126022338867,0.19529715776443482,0.5118252118428548,0.2742395162582397,0.5454106012980143,0.26126937866210936,0.5434310277303059,0.2924516201019287,0.7170662562052409,0.33174049854278564,0.6255107243855794,0.1949999988079071,0.3566142082214355,0.21072328686714173,0.5035682360331217,147.791891932876,146.14377824566694,175.86658238562399,165.10909053444075,83.89289442250221,0.4300912221272786,38.260810252179205,0.5234996318817138,33.37555414569366,0.524489418665568,49.35161920155269,0.5844708760579427,83.94376133091188,0.6312384287516276
0.216627836227417,0.33363625208536785,0.22667341232299804,0.4988032976786296,0.19418132305145264,0.5240419069925945,0.278826642036438,0.5446933746337891,0.26633782386779786,0.5458492279052735,0.292039155960083,0.7132459004720052,0.33309164047241213,0.6301560084025065,0.19344381093978882,0.35771894454956055,0.21042736768722534,0.511422602335612,142.8021434371842,140.4832655582377,172.4391497768607,162.46508936775436,83.69465450271593,0.43457077344258627,31.622507665554313,0.5286359151204427,25.93921319219808,0.5280579884847005,51.62794080046577,0.58800261815389,85.51785760964076,0.6289696375528971
0.21371636390686036,0.33122145334879555,0.22570486068725587,0.49962549209594725,0.19285225868225098,0.516709550221761,0.27610948085784914,0.5448222478230794,0.2656545162200928,0.5438025156656902,0.2922792911529541,0.7132411321004232,0.3331577777862549,0.6311197280883789,0.19275065064430236,0.3565703868865967,0.20927855968475342,0.5081675211588541,143.5715899788688,142.6274213123485,172.4917398660966,163.44916324856788,83.77789110543968,0.4323689540227254,32.29680073922358,0.5259850184122721,28.743428071414964,0.5264948844909667,52.29307854594311,0.5874611218770345,84.51587108465122,0.6290316899617513
0.21259760856628418,0.33417387008666993,0.23036789894104004,0.5074654579162597,0.19684975147247313,0.5282680829366048,0.2799830436706543,0.5498879114786784,0.2693922758102417,0.547825813293457,0.29232373237609866,0.7138506571451823,0.34067978858947756,0.6389259974161784,0.1917057752609253,0.3590114116668701,0.2136088252067566,0.5178667704264323,140.60286155787725,140.57398626907852,171.65591206168583,162.4219101813903,82.1495303200645,0.4384390910466512,28.23845305268226,0.5328462918599446,25.754214652955554,0.5338773409525553,51.95618850995869,0.5933759053548178,85.69573717108665,0.6318692843119303
0.20988574028015136,0.33462772369384763,0.2275153875350952,0.5063483874003093,0.1943258285522461,0.5302351951599121,0.27975356578826904,0.5466629028320312,0.2668909072875977,0.5432339350382487,0.2925473928451538,0.714793332417806,0.3395141839981079,0.6417931238810222,0.18977381587028502,0.36086265246073407,0.21092060804367063,0.5182917912801107,136.9407150434617,138.2402317692519,170.22742117519832,161.79350702458763,82.34949403728116,0.43957722187042236,24.019271645450182,0.5307628631591796,22.400152024132424,0.532477347056071,53.61537822466512,0.5925135294596354,85.6484834895999,0.6307281176249186
0.20872609615325927,0.33588987986246743,0.22905423641204833,0.5032458941141764,0.19572244882583617,0.5261753718058269,0.27954294681549074,0.5475854237874349,0.26878790855407714,0.5434089024861654,0.2920080184936523,0.7123380661010742,0.33318984508514404,0.6360259373982747,0.1894348323345184,0.3613864898681641,0.21238834261894224,0.5147106329600016,140.52364513500274,141.90749402272255,169.9346930244933,162.38331218798822,81.48572177143664,0.4380485614140829,26.968743443507723,0.5290597677230835,26.08354596733822,0.5311480283737182,55.18689556198356,0.58971741994222,85.67328399066623,0.6299617449442545
0.2088719606399536,0.3333255449930827,0.22961926460266113,0.5010676383972168,0.19439666271209716,0.5232052803039551,0.28121147155761717,0.5480205535888671,0.26857426166534426,0.5417581558227539,0.291865611076355,0.7173437754313151,0.3353562831878662,0.6355412801106771,0.18971602916717528,0.36201004981994633,0.21200796365737914,0.5121364593505859,141.32719585645998,143.59989144371417,170.46740594881229,162.33661748360973,81.55399140476736,0.43707325458526614,27.63940250696929,0.52694730758667,27.408093419386272,0.5300785064697265,54.545713567856176,0.5886497179667155,86.39958699689225,0.6326821645100911
0.20636746883392335,0.3370210329691569,0.22979280948638917,0.5085926691691081,0.19671187400817872,0.526331901550293,0.28074443340301514,0.5478190104166667,0.26859588623046876,0.5442223866780599,0.29197001457214355,0.7177505493164062,0.3362347841262817,0.6378289540608724,0.1888762950897217,0.3656884034474691,0.21325234174728394,0.5174622853597005,139.86690050414506,140.9840986587794,170.23553798666288,162.32352215748475,80.87577950108496,0.4415753444035848,25.805023528434216,0.5308423360188802,24.21735532091356,0.5326406478881835,54.14861008183516,0.5910256703694661,86.22056451692428,0.6327847798665365
0.2040804386138916,0.3340107282002767,0.229628586769104,0.5013753255208333,0.19416139125823975,0.5234662055969238,0.27945451736450194,0.5480757395426432,0.269448447227478,0.5450033823649089,0.2923483610153198,0.7182596842447917,0.3341456413269043,0.6362696965535481,0.1884627342224121,0.36285573641459146,0.21189498901367188,0.5124207655588786,143.4860944137117,143.98632956023144,170.70430134103282,162.98434862367367,81.09588839626626,0.43763825098673503,29.515409650532728,0.5287120739618938,27.823138713033934,0.5302482525507609,54.66779736089814,0.5906365394592286,85.66731090874607,0.6331677118937175
0.20340490341186523,0.33501691818237306,0.2287731647491455,0.504098097483317,0.19258977174758912,0.5261239369710287,0.280216908454895,0.551023292541504,0.2696932077407837,0.5476403554280599,0.2920074939727783,0.7180290857950846,0.3381744146347046,0.641070302327474,0.18825976252555848,0.364751132329305,0.2106814682483673,0.5151110172271729,142.86664036853384,143.588758549566,170.89354419340785,162.19832069273335,81.51853674361404,0.43993107477823895,28.86509340256987,0.5313756863276164,27.314545517825433,0.5330671548843384,53.75975834056419,0.594355328877767,85.96162667108165,0.6345261891682943
0.20388615131378174,0.3340994517008464,0.22827799320220948,0.5012272516886394,0.1922926664352417,0.5230555852254232,0.2776318073272705,0.5467060089111329,0.2691462755203247,0.5459098180135091,0.29269795417785643,0.7157244364420573,0.3372738599777222,0.6386604309082031,0.18712594509124755,0.3651931126912435,0.2102853298187256,0.5121414184570312,144.25426424604169,143.67023301873863,171.1920721586983,163.05519111300123,81.04372432921649,0.4386672655741374,29.842801764066913,0.5290256182352702,27.1684960866057,0.529423713684082,53.70181126572041,0.5922851244608561,84.90617002984402,0.631215222676595
0.2024684429168701,0.34056183497111003,0.22913179397583008,0.5012355804443359,0.19286311864852906,0.5238291422526041,0.27879815101623534,0.5480416615804037,0.2688726902008057,0.5467482248942057,0.2928928852081299,0.7165517807006836,0.3372569799423218,0.6384079615275066,0.1878485321998596,0.36533764203389485,0.2109974563121796,0.51253236134847,144.65876714358626,144.1064387616191,171.63815519840867,162.9102576419363,81.06244875665116,0.43893500169118244,30.591597964998435,0.5296402931213379,27.642427982325525,0.5302870114644369,53.27460119954421,0.5925780932108562,85.2187242489416,0.6322967211405437
0.20112111568450927,0.34088881810506183,0.2271284580230713,0.501915963490804,0.19259084463119508,0.5212045351664225,0.27835023403167725,0.5455485661824544,0.26899383068084715,0.5464703877766927,0.29271321296691893,0.7167179743448894,0.3372340679168701,0.6395545959472656,0.18763538002967833,0.3635439395904541,0.2098596513271332,0.5115602493286133,144.53328282390103,142.88542643355603,171.38431505748036,162.80503706586057,81.46097227287903,0.4375520944595337,30.555676035223897,0.5290153185526529,26.39281564524058,0.5285544077555339,53.754775190012055,0.5930124918619791,85.20349602476519,0.6311332702636718
0.2019407033920288,0.33929678599039714,0.22759418487548827,0.5018178304036458,0.1926403522491455,0.523322582244873,0.27839908599853513,0.5469958623250325,0.26906960010528563,0.5472743352254231,0.29261178970336915,0.7166023890177409,0.3370281934738159,0.6371363957722982,0.18774060010910032,0.36312527656555177,0.21011726856231688,0.5125702063242594,144.31305973549453,143.0017550053117,171.56435849113103,162.77556207801433,81.4842597712579,0.43784774144490557,30.48452173140019,0.5299222707748412,26.75587900162602,0.5297830343246459,52.90143960480373,0.5922053654988606,85.20991413789923,0.6317991256713866
0.20151429176330565,0.34385716120402016,0.22750141620635986,0.5022356351216634,0.1918444514274597,0.5267416318257649,0.2780220746994019,0.547544797261556,0.2672135829925537,0.546075948079427,0.2920329809188843,0.7180371602376302,0.33728818893432616,0.6381231943766276,0.18779943585395814,0.36330172220865886,0.20967293381690977,0.5144886334737142,142.24948744705924,141.9008140847238,171.3739450911821,162.6686587542279,81.76765397069158,0.43889517784118653,28.764871848922656,0.5302822907765706,25.810122226307108,0.5310167153676351,52.718361121635645,0.5920995712280273,85.30204207591922,0.6327909787495931
0.2042309284210205,0.34131991068522133,0.22528669834136963,0.5088795026143392,0.18878633975982667,0.5297263145446778,0.2787602424621582,0.5483573277791342,0.2664768695831299,0.5468383153279622,0.29151148796081544,0.715202267964681,0.3348796844482422,0.6362681070963542,0.1874264717102051,0.36511637369791666,0.20703651905059817,0.5193029085795084,138.36506349337094,138.5455670013202,169.86730975017372,161.04388967597708,82.75181282795442,0.44220964113871253,24.855664485620206,0.5330706119537354,22.052278555255782,0.5338301181793212,52.58844759962058,0.5915532112121582,85.62962426777932,0.6317797978719075
0.20445194244384765,0.3412438710530599,0.22611377239227295,0.5060125986735026,0.1899177074432373,0.5320143699645996,0.2792337417602539,0.5503613154093424,0.26873700618743895,0.550065549214681,0.29171013832092285,0.718646494547526,0.33169102668762207,0.6350926717122396,0.18760942220687865,0.36307104428609216,0.20801573991775513,0.519013484319051,140.53822665343745,139.8258757509837,169.70153547482934,161.4946184774329,82.54474971536419,0.4410422643025716,27.084611037005814,0.5345395167668661,23.75752178777563,0.5346873998641968,53.48377932316203,0.5925791104634603,85.75993883423422,0.6345039049784342
0.2040780305862427,0.34108330408732096,0.22492678165435792,0.5053876558939616,0.1893945336341858,0.5302841186523437,0.2778826475143433,0.546573257446289,0.2678025722503662,0.5473302205403646,0.29160404205322266,0.7183892567952473,0.33131561279296873,0.6347766240437825,0.18787932395935059,0.3626625061035156,0.20716065764427186,0.5178358872731527,139.3395569627419,138.19048407120243,169.27728256428136,161.73238641470914,82.91691971995681,0.4402491966883341,25.936841232062843,0.5325830539067586,22.114011190104804,0.5322045723597209,54.00878814915884,0.5910534222920736,85.43399328379759,0.6324812571207682
0.20530714988708496,0.3401437759399414,0.22593226432800292,0.505949338277181,0.1915945291519165,0.5286408106486002,0.2777764320373535,0.5461949666341146,0.2662805557250977,0.5464614868164063,0.2917555570602417,0.718267313639323,0.3324281692504883,0.6348728815714518,0.18789218068122865,0.36312031745910645,0.2087633967399597,0.5172950744628906,140.0384956723381,138.8716572563746,170.3577268738144,162.20615641660643,82.29052188327935,0.4402076959609985,26.889139029017826,0.5318782806396485,22.721981045126547,0.5317450205485026,53.196908690775864,0.590667184193929,85.35550150822155,0.6322311401367188
0.20416316986083985,0.33838558197021484,0.2253964900970459,0.5077080408732096,0.18922080993652343,0.5263336817423503,0.27834043502807615,0.546109390258789,0.26658551692962645,0.5454082489013672,0.2918666362762451,0.7179279327392578,0.33339996337890626,0.6350532531738281,0.1877630829811096,0.3630276044209798,0.20730865001678467,0.51702086130778,138.96286545250393,138.59310960977027,169.8072542708936,161.67595072404072,82.76642188640554,0.4400242328643799,25.589521377849664,0.5312145551045736,22.269799406165703,0.5315651257832845,53.302005263208436,0.5902307510375977,85.49874437684788,0.6320186614990234
0.20296986103057862,0.33977413177490234,0.22608180046081544,0.5105690638224284,0.1894264340400696,0.529470666249593,0.2791951894760132,0.5473359425862631,0.26837313175201416,0.5448192596435547,0.2915675401687622,0.7150416692097982,0.33550729751586916,0.6364959716796875,0.18743337392807008,0.36314613024393716,0.20775411725044252,0.5200198650360107,136.26372038649416,137.40686290132402,168.571332378425,160.9629949352884,82.61925180020626,0.44158299763997394,22.249595979162,0.5324195623397827,20.924763060087802,0.5336779038111369,53.78496290622367,0.5906576156616211,85.78069507799682,0.6311888058980306
0.2022487163543701,0.3381566047668457,0.22540502548217772,0.5103411356608073,0.18957257270812988,0.5325133641560872,0.2789498805999756,0.5477957407633464,0.26966664791107176,0.5476603825887044,0.2917504072189331,0.7154806137084961,0.33524763584136963,0.6365119934082031,0.18799394369125366,0.36467135747273766,0.2074887990951538,0.5214272499084472,136.92754897902054,136.6667061745642,168.4432969773633,160.89392094473536,82.91084234260843,0.4430493036905925,22.875114471715932,0.5345438162485758,20.253603374295352,0.5346114953358968,53.56912639826994,0.5920861879984538,85.63468973311728,0.6316381772359212
0.2026411771774292,0.34421685536702473,0.2262110948562622,0.51073211034139,0.1907507061958313,0.5340471903483073,0.27912330627441406,0.5475135167439779,0.2676094532012939,0.543060302734375,0.2915884733200073,0.7146075566609701,0.3352417230606079,0.6362307230631511,0.18828501105308532,0.3657987912495931,0.20848090052604673,0.5223896503448486,133.37752420951873,136.13809518098498,167.90214662784095,160.8845613881482,82.6509975130319,0.44409422079722083,19.269030995598936,0.5327249765396118,19.577853893071648,0.5349515835444132,54.02415821409401,0.589645512898763,85.73365394844784,0.631060536702474
0.20318188667297363,0.3424098968505859,0.2255040407180786,0.5142765045166016,0.19044414758682252,0.5346508026123047,0.27881579399108886,0.5464040120442708,0.2673893690109253,0.5454013188680013,0.29153971672058104,0.7158439000447591,0.33467438220977785,0.6361687978108724,0.1882140338420868,0.36573537190755206,0.20797409415245055,0.5244636535644531,133.19438647030822,133.84111996842557,167.9501365085768,160.70616384114984,82.90376509451876,0.44509951273600257,19.412219565778734,0.5349324862162272,17.208257961264756,0.535433832804362,53.450834097363405,0.5907850583394368,85.70548976012799,0.631123956044515
0.20286893844604492,0.34521671930948894,0.22586219310760497,0.5121953964233399,0.19057291746139526,0.5355750401814778,0.27808916568756104,0.5451985041300456,0.2681448459625244,0.5441762924194335,0.2913083791732788,0.7144006729125977,0.3358381032943726,0.6380135218302408,0.18823068141937255,0.3656878153483073,0.20821755528450012,0.5238852183024089,132.82520307074645,133.55492098034355,167.6118901680087,160.90346474316877,82.79932471025334,0.4447865168253581,18.705837465222487,0.5340307553609211,16.96353991076471,0.5345418612162272,54.19368922237056,0.5910949071248373,85.53274197066709,0.6297995885213217
0.20515191555023193,0.3444581349690755,0.22555441856384278,0.5137176195780436,0.19059010744094848,0.5350992838541667,0.2786468744277954,0.5484031677246094,0.2680414915084839,0.5449780146280925,0.29140620231628417,0.7145030975341797,0.3358743190765381,0.6381909688313802,0.1886136531829834,0.36541231473286945,0.20807226300239562,0.5244084517161052,132.79345762167497,134.97517887818933,167.72284884057103,160.72092659100986,83.02260123946093,0.4449103832244873,18.932068719020496,0.5346932331720988,18.777558836369373,0.5364058097203572,53.955910420804464,0.5915844917297364,85.60732655866045,0.6314531326293946
0.2062614917755127,0.34258820215861,0.22680168151855468,0.5123469352722168,0.1928104043006897,0.5347213745117188,0.27830920219421384,0.5446650822957356,0.26818726062774656,0.542605209350586,0.29083282947540284,0.7143309911092123,0.337149453163147,0.6396956125895182,0.18854038715362548,0.3628740946451823,0.20980604290962218,0.5235341548919678,131.9906304283296,133.42350761535045,167.75651418114154,161.21179019206454,82.45991548310475,0.443204124768575,18.090362267239353,0.5330696821212768,17.143239917216036,0.5340996185938517,54.614261507869585,0.591150410970052,85.77845625285357,0.629498036702474
0.20797324180603027,0.3412278811136881,0.22616243362426758,0.510313351949056,0.19237500429153442,0.5325968424479167,0.27789721488952634,0.5432455698649089,0.2673793792724609,0.5386402130126953,0.29192194938659666,0.7188515345255534,0.33450186252593994,0.6346434911092123,0.1891231656074524,0.36400413513183594,0.209268718957901,0.5214550971984864,130.61221413211493,133.96347263088694,167.06798921227363,161.84633771242645,82.70872874245472,0.44272961616516116,16.474574570203462,0.5300476551055908,17.615344989570485,0.5323503335316977,55.03996027676031,0.5866418520609538,85.43377619349616,0.6310485521952311
0.20806448459625243,0.34129905700683594,0.22621190547943115,0.5090682029724121,0.1921932578086853,0.5282323519388835,0.2784955739974976,0.5430233637491862,0.266072940826416,0.5381734212239583,0.29209308624267577,0.7187283833821615,0.33442866802215576,0.6346689224243164,0.18816661238670349,0.36532767613728845,0.20920258164405822,0.5186502774556478,133.2093387846521,136.32462066272655,168.12737796311544,161.9214289734012,82.18775421778919,0.44198897679646815,18.946940140798215,0.5284118493398031,19.37879013685679,0.530836820602417,54.686909633046845,0.5864211718241373,85.57479723712204,0.6308758735656739
0.20786190032958984,0.3416996637980143,0.226845645904541,0.5102073033650716,0.1922980546951294,0.528871218363444,0.2775795698165894,0.5409161885579427,0.2651968240737915,0.5373308181762695,0.29200425148010256,0.7182764053344727,0.3341757535934448,0.6343204498291015,0.18848193883895875,0.3664786656697591,0.20957185029983522,0.5195392608642577,131.9175040764444,134.50617281949258,168.07069402034824,162.12187670083506,82.15472979413502,0.44300896326700845,17.736790621166122,0.5284350395202636,17.449544615729298,0.5302277247111002,54.57960022874673,0.5858256340026855,85.3503759503641,0.6295962969462077
0.2068263292312622,0.3416409174601237,0.22941973209381103,0.5110564549763997,0.1945039987564087,0.5282233238220215,0.27966392040252686,0.5457162221272787,0.26665124893188474,0.5391998291015625,0.291562557220459,0.7176263809204102,0.3342862606048584,0.6342967987060547,0.18827701807022096,0.36525195439656577,0.21196186542510986,0.5196398893992107,133.93434955849256,137.9224459667424,168.56810883517167,162.05672237378272,81.27818088238416,0.44244592189788823,19.679851702694975,0.5294198592503866,21.06484326938581,0.5326780557632447,54.57874337881709,0.5867483139038085,86.04062877487978,0.6316713015238444
0.20693771839141845,0.34926751454671223,0.22701702117919922,0.5125700314839681,0.19328000545501708,0.5283025105794271,0.27705078125,0.5402428944905598,0.2666268587112427,0.5366940180460612,0.29181106090545655,0.7178355534871419,0.3340622425079346,0.6366259892781575,0.18794132471084596,0.36362775166829425,0.21014851331710815,0.5204362710316977,130.50807183296737,133.2643355598205,167.169443090335,162.27661198110354,81.93938719357936,0.4420320113499959,16.058890644035227,0.5285651445388795,16.49155069847004,0.5303395827611288,55.98801501920942,0.5866600036621094,85.24888891964801,0.6290392239888509
0.20643792152404786,0.348367182413737,0.22662014961242677,0.5192742983500163,0.19388675689697266,0.5322397867838542,0.276984429359436,0.5410005569458007,0.26538786888122556,0.5369457244873047,0.2915587663650513,0.717065175374349,0.33313822746276855,0.6368734995524089,0.18677510619163512,0.3637062231699626,0.2102534532546997,0.5257570425669352,125.87915114314171,129.83492567137986,166.25793048307747,161.70673201009959,81.75619984780093,0.4447316328684489,11.471515457853792,0.53135138352712,12.867428927174801,0.5333787997563679,55.862993643355466,0.5869096120198568,85.26793917885063,0.6290328661600748
0.20760529041290282,0.3474964777628581,0.22512633800506593,0.5151240030924479,0.19306977987289428,0.5321434020996094,0.2759176969528198,0.541104253133138,0.264139723777771,0.5379791259765625,0.2914892673492432,0.716766357421875,0.33345723152160645,0.6351731618245443,0.18709075450897217,0.3675559838612874,0.2090980589389801,0.5236337025960287,128.93585009367058,131.75711190667064,167.38533468903378,161.96244372286807,81.97407839711576,0.44559484322865806,14.607938181728313,0.5308064142862956,14.652453430553255,0.5323689778645834,54.504034002276725,0.5865761439005535,84.93425567393933,0.6289353052775065
0.2074429750442505,0.34502795537312825,0.2255035638809204,0.5154390652974447,0.19356606006622315,0.533038075764974,0.2765901327133179,0.5400472005208333,0.2647003412246704,0.5384867986043295,0.29147412776947024,0.716678237915039,0.3329174995422363,0.6365675608317057,0.18729975819587708,0.3669407526652018,0.20953481197357177,0.5242385705312094,128.76656288281447,130.55076549246758,167.13447785502186,161.7527800467136,81.95418161633273,0.44558966159820557,14.481942119070334,0.5313626845677695,13.265540997373229,0.5321428855260213,55.180604035813396,0.5875271797180176,85.18329178623947,0.6283627192179362
0.20742423534393312,0.34054171244303383,0.22605314254760742,0.5157670656840007,0.1930991530418396,0.5290542602539062,0.27634899616241454,0.5400343577067057,0.2643272399902344,0.5369440078735351,0.2913626194000244,0.7166615804036458,0.33302485942840576,0.6360544840494792,0.18772757649421692,0.36605035463968916,0.2095761477947235,0.5224106629689534,129.00934486386063,131.77791475433054,167.35934931443094,162.02575728563284,82.04543849880642,0.4442305088043213,14.865990594037452,0.5296773354212443,14.78519839405679,0.5312225103378296,55.27255028366273,0.5864992459615072,85.14143746473528,0.6283479690551758
0.20697097778320311,0.3363507588704427,0.2289630651473999,0.5146775881449381,0.19619120359420777,0.5298851013183594,0.2791133880615234,0.541713269551595,0.26504442691802976,0.5366994857788085,0.2916118144989014,0.7171614329020183,0.334491229057312,0.6350749969482422,0.18729172945022582,0.3672510306040446,0.21257713437080383,0.5222813447316488,130.01410779092558,134.03884693125332,167.99431851806946,161.9994222698435,80.73663805223664,0.4447661876678467,15.3657282547685,0.5294904152552287,16.280453540458797,0.531997307141622,54.78036049260205,0.5858872413635254,85.92529555999022,0.6294373512268067
0.20702967643737794,0.33340295155843097,0.22709321975708008,0.5192217826843262,0.19442518949508666,0.5328260739644368,0.2784775495529175,0.5406630198160808,0.2678041934967041,0.5418331146240234,0.29147024154663087,0.7169991175333659,0.33504619598388674,0.63572998046875,0.18720700740814208,0.36604326566060386,0.21075920462608339,0.5260239283243815,130.1207301454144,129.79351898595658,167.041748577269,161.30384656804634,81.62512950334178,0.4460335969924927,15.48993676168867,0.5339285214742024,12.198275934484306,0.5333434740702312,54.39255791469576,0.5887815475463867,85.78598117256713,0.6288310686747234
0.20818870067596434,0.33104340235392254,0.2278212785720825,0.5155864397684733,0.19287961721420288,0.533079719543457,0.27911374568939207,0.5438998540242513,0.2680558443069458,0.5433843612670899,0.291658353805542,0.7152451833089193,0.3353215456008911,0.6385199228922526,0.18805056214332583,0.36629385948181153,0.2103504478931427,0.5243330796559651,132.58282339781664,133.02922697063858,167.6803949388364,161.11853375523432,81.9683890184611,0.4453134695688883,18.27050116262609,0.5338587204615275,15.883840100022816,0.5341164668401082,54.73773812198412,0.5909521420796713,85.81270740590381,0.6295725186665853
0.20974195003509521,0.33390572865804036,0.22799789905548096,0.517081864674886,0.1973913788795471,0.5375157674153646,0.28035941123962405,0.5514073689778646,0.2701232671737671,0.5479756673177083,0.2913462400436401,0.7174545288085937,0.33476212024688723,0.6383625030517578,0.1872981131076813,0.3643499374389648,0.21269463896751403,0.5272988160451253,134.079078739313,136.06107929802053,167.8675565863554,161.31475697924216,81.14139057371662,0.44582437674204506,19.801124225352666,0.5376372416814168,19.61067875758833,0.5393530925114949,54.43008746732899,0.5931690851847331,86.2144329030893,0.6344309488932292
0.20970673561096193,0.3347717920939128,0.22717149257659913,0.5168400128682454,0.1960451126098633,0.5355995814005534,0.28030896186828613,0.5511723200480143,0.2703509569168091,0.548290506998698,0.29135024547576904,0.7173875172932943,0.33459105491638186,0.6382556279500325,0.1871260404586792,0.3651387691497803,0.2116083025932312,0.5262197971343994,135.02938140597158,136.5673213850136,167.86209598627573,161.15792016784295,81.35791156253407,0.4456792831420898,20.592135071814848,0.5372551520665487,19.9613482940152,0.5386960585912068,54.47105366384188,0.5932730674743653,86.1995598920129,0.6342799186706543
0.20752534866333008,0.33494176864624026,0.22768950462341309,0.516151491800944,0.19389164447784424,0.5354968388875325,0.27955677509307864,0.5509105046590169,0.2706068754196167,0.5504679997762044,0.2922266244888306,0.7177696228027344,0.33387532234191897,0.6355184555053711,0.18810716271400452,0.3629852135976156,0.21079057455062866,0.5258241653442383,136.1426269045536,135.99111307494888,168.35303163471292,161.35232590284474,82.06974812702263,0.44440468947092693,22.391266752642963,0.5381460825602213,20.042285230353354,0.5383673350016276,53.35469540746643,0.5929932276407878,85.65778257603156,0.6343400637308756
0.2069552183151245,0.33419939676920574,0.23007233142852784,0.5174460093180339,0.19410163164138794,0.5344226837158204,0.28165833950042723,0.5529750188191732,0.27044484615325926,0.5500706990559896,0.292182183265686,0.717721684773763,0.33362836837768556,0.6346871693929036,0.18983477354049683,0.36119604110717773,0.2120869815349579,0.525934346516927,135.58197215365104,136.82492623880003,168.5704213342558,160.98838942722134,82.30727004579498,0.4435651938120524,22.469601339116085,0.5380025227864583,21.239877408809765,0.5394546826680502,53.25112728637954,0.5923789342244465,86.34497193348341,0.6353483517964681
0.2082974433898926,0.33529926935831705,0.22849292755126954,0.516948382059733,0.19645271301269532,0.5302780469258627,0.2813976526260376,0.5486220677693685,0.26856753826141355,0.5446880340576172,0.2926227569580078,0.7182445526123047,0.33408873081207274,0.6359821319580078,0.18766367435455322,0.3652954419453939,0.21247282028198244,0.5236132144927979,134.8660220166651,137.02335072677567,168.4036326417436,161.40408801801016,81.0939086814857,0.44445432821909586,20.59122991655852,0.5341506242752075,19.94291954622119,0.5361176411310832,54.33323723412912,0.5903350830078125,86.21385872145872,0.6334333101908366
0.2054826498031616,0.33586146036783854,0.22888307571411132,0.5124003728230794,0.1949738621711731,0.5307181676228842,0.2813701152801514,0.5490732192993164,0.26850950717926025,0.5460440317789713,0.29229633808135985,0.7174250284830729,0.33318519592285156,0.6347759246826172,0.1884264588356018,0.36445129712422686,0.21192846894264222,0.5215592702229818,137.1976173995593,138.33622122125917,169.12399288351472,161.40397157165796,81.49212864136999,0.4430052836736043,23.399965791793154,0.5338016510009765,21.614304343413192,0.535316244761149,53.91210913274487,0.5904099782307943,86.28664701338147,0.6332491238911946
0.20628035068511963,0.3364185015360514,0.22772471904754638,0.5145337740580241,0.1932159423828125,0.5330493609110515,0.2796552419662476,0.5476156234741211,0.26936938762664797,0.545861562093099,0.29215388298034667,0.7171028137207032,0.3331486940383911,0.6348439534505208,0.1881165623664856,0.36454100608825685,0.21047033071517945,0.5237915674845378,134.6793788577564,135.566712728797,167.78396587122418,161.3111184353962,82.00968093976486,0.44416628678639736,20.541416005674918,0.5348265647888184,19.00131831706942,0.5357035954793294,54.368437524334325,0.59035275777181,85.78242181897662,0.6323592185974121
0.20666399002075195,0.33982788721720375,0.2268697738647461,0.515628973642985,0.19482128620147704,0.5356454849243164,0.28215277194976807,0.5547406514485677,0.2725656270980835,0.551906967163086,0.2925562381744385,0.7166973749796549,0.3337686061859131,0.6364416758219401,0.18702847361564637,0.36377703348795576,0.21084553003311157,0.5256372292836506,137.5058099403499,138.68156839711298,167.9363783277493,160.5204604567739,81.62923312614454,0.4447071313858032,23.055912002094434,0.5387720982233684,22.202394046111333,0.5401889403661091,54.0955282844583,0.594174321492513,86.3245930037687,0.6357190132141113
0.20793559551239013,0.3357467333475749,0.22636075019836427,0.5128435770670573,0.19776625633239747,0.5368830998738606,0.2830783843994141,0.5588441848754883,0.27539401054382323,0.5562235514322916,0.2914256572723389,0.7146970748901367,0.3319032907485962,0.6354531606038412,0.18709583282470704,0.3640966574350993,0.21206350326538087,0.524863338470459,141.02653585368458,141.80793770608994,168.19902293051047,160.3778350771164,81.17227181818893,0.44447999795277915,26.343847268810833,0.5405434449513753,25.571263000035778,0.5418537616729736,54.5022291840083,0.5958383560180665,86.93424365138438,0.6367706298828124
0.2073746919631958,0.3397568066914876,0.22752301692962645,0.5119380633036296,0.1983080506324768,0.5363179524739583,0.2810610294342041,0.5545431772867838,0.273913836479187,0.557269541422526,0.29207212924957277,0.717351786295573,0.33362622261047364,0.6370718638102214,0.18764164447784423,0.3641049067179362,0.21291553378105163,0.524128007888794,142.58281362118393,140.1827266111471,169.9019608803019,161.5920581259457,81.02489874447119,0.44411645730336513,28.516071441609036,0.54069877465566,24.052493077109116,0.539335592587789,53.19419020181913,0.5971707026163737,86.1308541183469,0.6359474817911783
0.20704216957092286,0.33966906865437824,0.22581179141998292,0.5192786534627278,0.1966366648674011,0.539409891764323,0.2795936107635498,0.5532890955607096,0.2734771966934204,0.5582242965698242,0.2921358585357666,0.7174421946207682,0.333994460105896,0.6346820831298828,0.1873769998550415,0.3664798895517985,0.21122422814369202,0.5293442726135253,139.06905628908376,135.5744639709181,168.99189031076742,161.0939461804024,81.66972888023463,0.4479120810826619,24.887245706405686,0.5437842845916747,19.301646480014742,0.5413166840871175,51.637958968193956,0.5964531898498535,85.63075962868916,0.6353656450907389
0.20684480667114258,0.3423748970031738,0.22591774463653563,0.5118250846862793,0.19631834030151368,0.5356690724690755,0.2791254758834839,0.5453632354736329,0.2686566591262817,0.5504806518554688,0.2913172960281372,0.7146924336751302,0.33379862308502195,0.637096913655599,0.18762529492378235,0.3645992596944173,0.21111804246902466,0.5237470785776774,138.47436260827885,134.48074524354936,169.682091300716,161.3352613752742,81.60287425507745,0.4441731691360474,24.920508044523153,0.5371138652165731,17.63285413412662,0.5345551570256551,53.05407289154536,0.5937887827555339,85.88177061673431,0.6300278345743815
0.20665946006774902,0.3345613479614258,0.22359781265258788,0.5082700729370118,0.191274094581604,0.5268170038859049,0.27524828910827637,0.5415601094563802,0.26568267345428465,0.5410209019978841,0.292746376991272,0.7189624150594075,0.33233826160430907,0.6385545094807943,0.18742846846580508,0.3662038167317708,0.20743595361709594,0.5175435384114584,136.06771383664548,136.104296596491,168.4425760180977,162.67819594180472,82.46902791592262,0.4418736775716146,21.952765049575458,0.5292822202046712,19.50222495261636,0.5295518239339193,55.650850021186656,0.5897877057393393,84.3668480082468,0.6302612622578938
0.20785069465637207,0.33736467361450195,0.2238771438598633,0.5073095639546712,0.19161598682403563,0.5266391436258951,0.27726993560791013,0.5449410756429036,0.2677887201309204,0.5429948170979818,0.2927337408065796,0.7186882654825847,0.3324984312057495,0.6387351353963217,0.1867885708808899,0.36607510248819985,0.20774656534194946,0.5169743537902831,138.03045180944466,138.7462091221916,168.35911044559728,162.2391006782924,82.09292479457113,0.4415247281392415,23.430457235688234,0.5299845854441325,21.913128399076943,0.5309577147165934,55.945719970247715,0.5908649762471517,84.91397602361137,0.6318146705627441
0.20751497745513917,0.33352397282918295,0.22359912395477294,0.5113186518351237,0.19150687456130983,0.530108896891276,0.2750179529190063,0.541760508219401,0.2669584035873413,0.5442452748616536,0.291501784324646,0.7165670394897461,0.33529565334320066,0.6380598068237304,0.18701316714286803,0.36668113072713215,0.20755299925804138,0.5207137743631999,135.84821459188854,134.012803583756,168.64166869420092,162.18544861630372,82.40457221633433,0.443697452545166,21.60936867139544,0.5324795246124268,17.32611719803421,0.5312371412913004,53.92931005990364,0.5911525408426921,84.61307634039025,0.6291637738545736
0.20859780311584472,0.335027281443278,0.22325429916381836,0.5117360432942708,0.1918570876121521,0.5290885289510091,0.2749091386795044,0.5416428883870442,0.26486878395080565,0.5422861735026042,0.2916987895965576,0.7168062210083008,0.33499717712402344,0.6379175821940104,0.1867559850215912,0.368316380182902,0.20755569338798524,0.5204122861226399,135.0698366363118,134.4531702141955,168.93041730672965,162.28290619147882,82.21288285298472,0.44436433315277096,20.889657217423114,0.5313492298126221,17.495467663016452,0.531027587254842,53.74667130263926,0.5901018778483074,84.52484599449119,0.6292245546976725
0.20713157653808595,0.3390899658203125,0.2247554302215576,0.5115039825439454,0.19205282926559447,0.5303993860880534,0.27488393783569337,0.5419045130411784,0.26613945960998536,0.5426612854003906,0.2917583465576172,0.7168902079264323,0.3346861839294434,0.6374334335327149,0.18700188994407654,0.3674747149149577,0.20840412974357603,0.5209516843159994,134.9175001931469,134.23368786518353,168.5656747823199,162.46278749828235,82.06134409629733,0.44421319961547856,20.607231847856543,0.5318064848581949,17.4935918131011,0.5314280986785889,54.1225663561792,0.5900473594665527,84.491823764934,0.6293973604838053
0.20857591629028321,0.3418574333190918,0.2226179361343384,0.5142354647318522,0.19170966148376464,0.5364465077718099,0.2739158868789673,0.5399569193522136,0.2666157245635986,0.5421199798583984,0.291629958152771,0.7155845642089844,0.33494224548339846,0.6378341674804687,0.1865530490875244,0.36942005157470703,0.2071637988090515,0.525340986251831,130.6327111555892,129.47569610711406,166.88146194922842,161.81874110890595,82.46988858843193,0.447380518913269,15.760548278605684,0.5337304830551147,12.350484157920473,0.5326489528020223,54.478480267096536,0.5899770736694336,84.24053829092587,0.627770741780599
0.20962116718292237,0.33939507802327473,0.22142906188964845,0.5143781979878743,0.19235305786132811,0.5351030349731445,0.27372117042541505,0.5396825790405273,0.2668400526046753,0.5417193094889323,0.292063045501709,0.7154331207275391,0.3359053373336792,0.6388891855875651,0.1854850709438324,0.3705268065134684,0.20689105987548828,0.5247406164805094,131.23137128926365,130.15072073811368,166.905603719187,161.8902765710398,82.09742855458661,0.44763371149698894,15.813129078242783,0.5332299629847208,12.602990938768546,0.5322115977605184,54.59598517481927,0.5903042475382487,84.0420019826944,0.6275578498840332
0.20987157821655272,0.33609352111816404,0.22204034328460692,0.5134379069010416,0.19154342412948608,0.5349432627360026,0.27376058101654055,0.5389733632405599,0.2648628711700439,0.5388243357340495,0.2923257350921631,0.7144784291585287,0.3344254970550537,0.6368186314900716,0.18670513629913332,0.370177698135376,0.2067918837070465,0.5241905848185221,129.00884686828712,129.73011629559556,166.7958001109139,161.83458307217566,82.56928337909133,0.44718414147694907,14.143915532163756,0.5315074602762858,12.44794200213951,0.531581974029541,54.63042793165829,0.5878214836120605,83.96163359902106,0.6267258961995443
0.2103893518447876,0.3387187957763672,0.21997644901275634,0.5158741633097331,0.19029748439788818,0.5347219467163086,0.2736401081085205,0.5390323638916016,0.2647303581237793,0.5392554601033529,0.29202167987823485,0.714038594563802,0.33289356231689454,0.6367520650227865,0.18509238958358765,0.37082006136576334,0.20513696670532228,0.5252980550130208,128.48694282470518,129.09953888728,166.05994053833555,161.27752939989512,82.60678850255039,0.44805905818939207,13.181682471662057,0.5322767575581868,11.337016767124283,0.5321652094523113,55.04128906372569,0.5880037625630696,84.00399082116085,0.6265354792277018
0.2105008840560913,0.3399007797241211,0.22368395328521729,0.5070873896280924,0.1907380700111389,0.5273942311604818,0.27631330490112305,0.5384085973103842,0.26753840446472166,0.5379280726114909,0.29233150482177733,0.7174927393595377,0.3329099416732788,0.6391578674316406,0.1893879771232605,0.36550140380859375,0.2072110116481781,0.5172408103942872,133.30956070650018,133.72112400843147,166.97829175448317,162.08248030807457,83.30083764802262,0.44137110710144045,18.927690789938886,0.527584441502889,17.031156383137088,0.5278247038523356,57.146689967653224,0.5885429700215657,84.88877467776244,0.6279506683349609
0.2121734857559204,0.3435646057128906,0.2210392475128174,0.5081752141316732,0.18994885683059692,0.5286873817443848,0.27684893608093264,0.5412372589111328,0.2672257423400879,0.5403337478637695,0.2922311305999756,0.7151824315388997,0.340556001663208,0.65179443359375,0.18984206318855285,0.36587308247884115,0.20549405217170716,0.518431297938029,133.45485639418303,134.1128566037042,167.97840638563062,161.26347018425963,84.14213091330771,0.4421521902084351,19.53472317102963,0.5293825229008993,17.724564633126217,0.5298342784245809,56.65898382550483,0.5960640907287598,84.94640662423114,0.6282098452250162
0.21472542285919188,0.34271488189697263,0.21956307888031007,0.5108875274658203,0.18833036422729493,0.5314505577087403,0.27456083297729494,0.5354724884033203,0.2659953832626343,0.5395530700683594,0.2926484107971191,0.7154306411743164,0.3350668907165527,0.6464359283447265,0.1906663656234741,0.3638596216837565,0.2039467215538025,0.5211690425872804,129.71107336759204,127.5028885875482,166.56415499084738,161.1976292115033,85.17442532140576,0.44251433213551844,16.50371523732821,0.5303610563278198,11.450782739646819,0.5283207654953004,57.128016933654614,0.592994499206543,84.26048187305723,0.6254515647888184
0.2157123565673828,0.34608662923177086,0.22387387752532958,0.5110487302144369,0.19203109741210939,0.5303455034891764,0.2814758777618408,0.5485621134440104,0.2713037967681885,0.5448729197184244,0.2918855667114258,0.7139970143636067,0.34250674247741697,0.6561725616455079,0.19256325364112853,0.3653981367746989,0.20795248746871947,0.5206971168518066,134.57598711775853,136.64961618918082,167.80417512946943,160.12943521187353,84.34079406872262,0.44304762681325277,20.88759901213462,0.5327850182851155,20.75645719492795,0.5346296151479085,57.39128515545669,0.6005227406819662,86.39951455803687,0.6312795639038086
0.2178656578063965,0.342935848236084,0.22347540855407716,0.5060566584269206,0.1932407259941101,0.5296251932779948,0.2779642343521118,0.5501674016316732,0.27321681976318357,0.5523480733235677,0.2915142774581909,0.7148187637329102,0.33547751903533934,0.648731803894043,0.19338810443878174,0.3623980363210042,0.20835806727409362,0.5178409258524577,140.80970277435367,139.15910527235775,168.69857438647284,161.8170379878617,84.49908151308482,0.44011948108673093,28.014554910244858,0.5350944995880127,24.91108430489475,0.5340041637420654,57.13887820913946,0.6005399386088053,85.29542470959126,0.6324930826822917
0.21926329135894776,0.3465204874674479,0.22507119178771973,0.5106568654378255,0.19525057077407837,0.5286640485127767,0.27800741195678713,0.5518789927164713,0.2713214159011841,0.5521102905273437,0.2911936044692993,0.7097398122151692,0.33115110397338865,0.6477155685424805,0.1951639473438263,0.3641833464304606,0.21016088128089905,0.5196604569753012,140.00927036022145,139.21710066518455,168.66321583038544,161.68582552451653,84.49043704016181,0.44192190170288087,27.94899893701666,0.5358853737513225,25.401815372113912,0.5357697248458863,57.961708347247125,0.5999129295349122,85.22513982542108,0.6308094024658203
0.22085838317871093,0.3451430320739746,0.2253345012664795,0.5039936383565267,0.1954320788383484,0.5275789578755696,0.27750539779663086,0.5499653498331706,0.27469208240509035,0.55275084177653,0.2904360771179199,0.7075226465861003,0.3283167839050293,0.6583812077840169,0.1972810447216034,0.3627986113230387,0.21038329005241396,0.5157862981160481,142.06250798044198,140.18670215674481,167.32271233630215,162.03046791021427,85.10499157168813,0.4392924547195434,29.890188658346826,0.534268569946289,26.985516035947768,0.5328758239746094,63.08474900204516,0.6055660247802734,85.3082676052105,0.6287439982096354
