0,1,2,3,4,5,6,7,8,9,10,11,12,13,14,15,16,17,18,19,20,21,22,23,24,25,26,27,28,29,30,31
0.4868955135345459,0.26745853424072263,0.46330900192260743,0.5150832494099935,0.4914716720581055,0.5148550033569336,0.4626654624938965,0.514803695678711,0.49860687255859376,0.5244201024373373,0.4840806484222412,0.5845197677612305,0.4852606773376465,0.5816490173339843,0.482297134399414,0.3372012138366699,0.4773903369903565,0.5149691263834635,118.98954274402278,95.66402679455308,160.14125860289343,168.41880637836573,91.58109195619642,0.4260851701100667,24.010740129277433,0.5196946144104004,0.6436783162112647,0.5148864110310872,103.12716856436276,0.5530345598856607,72.92423732982598,0.5496617317199708
0.48970375061035154,0.270091183980306,0.4624358654022217,0.506963602701823,0.4874387741088867,0.5143177668253581,0.4740776062011719,0.5082939783732097,0.4949929237365723,0.5232030550638834,0.4846005916595459,0.5848304748535156,0.4850298881530762,0.5820989608764648,0.48330581188201904,0.3397079944610596,0.4749373197555542,0.5106406847635905,125.70642790963059,23.25343732950263,162.3594212385105,179.5925354989665,92.8028386259713,0.42517433961232504,32.062085064821204,0.516921869913737,69.87974183709795,0.5094673315684001,99.60145530710884,0.5526510079701741,82.17149863249041,0.5465622266133626
0.4938074588775635,0.2768861452738444,0.45895824432373045,0.5219780286153157,0.487944221496582,0.521059226989746,0.473831844329834,0.5071380933125814,0.5052979946136474,0.5292135874430338,0.4853677749633789,0.5796897252400716,0.4861328125,0.5820074717203776,0.4796431064605713,0.3439990997314453,0.47345123291015623,0.5215186278025309,111.46982700256078,0.5240006101908008,148.20748579407962,177.45751252500597,91.99766447562942,0.43275886376698813,13.583711531605806,0.5253661076227824,91.5161006733291,0.5143283605575562,109.95185815041263,0.5556105295817058,80.96542705137931,0.5434139092763265
0.5014607906341553,0.2820915222167969,0.45595378875732423,0.5315608342488607,0.48122167587280273,0.5392174402872721,0.48145146369934083,0.5120662371317546,0.5069017887115479,0.5262434641520183,0.4857483863830566,0.5785375595092773,0.486207914352417,0.5808246612548829,0.48016140460968015,0.33830111821492515,0.46858773231506345,0.5353891372680664,84.67224018704499,29.304270374330997,138.03970957884485,162.01032009133448,93.36074159953067,0.43684512774149575,166.57456274143863,0.5308163007100424,118.87890546997393,0.5237276871999105,110.76368441038258,0.5535340627034506,86.30136044799326,0.545301898320516
0.5023048877716064,0.28517818450927734,0.4652139186859131,0.5135899543762207,0.4832599639892578,0.5212754567464193,0.48745288848876955,0.5155888239542643,0.5039350509643554,0.5364293416341146,0.48526883125305176,0.5811290105183919,0.4860559940338135,0.5808279673258464,0.4821107625961304,0.3382327715555827,0.4742369413375854,0.5174327055613199,128.88911573395106,83.78267533540976,147.5049945443377,168.26550880604356,92.51588674679978,0.4278327385584513,32.60534334363078,0.5269310235977173,172.05739589075733,0.5165107647577921,111.93434665686583,0.5586286544799806,91.90861482400565,0.5483589172363281
0.4961380481719971,0.27902186711629234,0.45711727142333985,0.5042681694030762,0.4834482669830322,0.503750228881836,0.48131117820739744,0.5002522150675456,0.5003481388092041,0.5190666516621908,0.4867490291595459,0.5705358505249023,0.48734164237976074,0.5653632481892904,0.48232617378234866,0.33428362210591633,0.470282769203186,0.504009199142456,122.17326188914099,70.83746846137343,148.76985050062405,170.52207328799523,94.05879672797012,0.41914641062418617,26.602798738192558,0.5115379254023233,161.18786148839757,0.5021307071050007,105.69209719224351,0.5422149499257406,85.57583441446003,0.5353940327962239
0.5000751972198486,0.285447629292806,0.4605686187744141,0.5142514546712239,0.47688798904418944,0.522696050008138,0.48505196571350095,0.508231004079183,0.49962482452392576,0.5274869600931803,0.4858381748199463,0.5707090377807618,0.48563647270202637,0.578135871887207,0.4820441961288452,0.33922340075174967,0.46872830390930176,0.518473752339681,111.5981323699866,58.91217453614629,148.7381075974709,162.58454883358985,94.24850278963154,0.4288485765457153,16.263148634805624,0.5229803562164306,147.89260908910333,0.513352378209432,105.4392301089629,0.5528114159901937,89.279041233369,0.5394700209299723
0.5014930725097656,0.28817596435546877,0.45990681648254395,0.5134280840555827,0.4769850730895996,0.522030766805013,0.48704752922058103,0.5239883104960124,0.5028574466705322,0.5345240275065104,0.48550920486450194,0.5700719197591145,0.4870117664337158,0.5734692255655924,0.48046929836273194,0.33791507085164385,0.46844594478607177,0.5177294254302979,122.51115333053725,110.621299261641,139.43811440116028,160.03253081968867,93.82540924337376,0.42782224814097086,26.014781866027086,0.5261267264684042,18.596569853746015,0.5208588679631552,112.1399928617487,0.5539966265360514,91.91188968060825,0.5470301151275634
0.5007421016693115,0.288961664835612,0.4607231616973877,0.5232715924580892,0.4790393352508545,0.5321190198262532,0.48401336669921874,0.5111697832743327,0.5028451919555664,0.5275477091471354,0.4860202789306641,0.5794063568115234,0.4855360507965088,0.5842546463012696,0.4816706657409668,0.34035595258076984,0.4698812484741211,0.5276953061421712,96.19713902408698,41.321801323455055,147.55447822582008,164.35149128582844,93.6009212644189,0.4340256293614705,179.74345823108635,0.5276215076446533,130.53604257095313,0.519432544708252,106.97420776322272,0.5559011777242024,88.3153541170165,0.5452880700429281
0.5011911869049073,0.2907561937967936,0.46265430450439454,0.5225554784138997,0.4803174018859863,0.5319281260172526,0.49014458656311033,0.5143649419148763,0.504286813735962,0.5363993962605794,0.486297082901001,0.5819363911946615,0.4864663600921631,0.5886085510253907,0.4815041065216064,0.33704627354939776,0.47148585319519043,0.5272418022155761,112.11868781256673,58.17920185439515,147.43536001616346,161.58888436738007,93.01517950289981,0.43214403788248695,15.599029844395405,0.5318205992380778,145.38946875049447,0.5208033720652262,108.84621710898658,0.5625039736429851,93.2588903696583,0.5481506665547689
0.5007456302642822,0.2902986526489258,0.46307663917541503,0.49535147349039715,0.47930183410644533,0.4974928855895996,0.4841606616973877,0.4911222457885742,0.5032309055328369,0.5019311269124349,0.48582730293273924,0.5755892435709635,0.48467354774475097,0.5785282135009766,0.48362238407135005,0.33023664156595867,0.47118923664093015,0.49642217953999834,106.27081319230022,67.96749103121822,157.05476745399355,170.65464051778744,94.27860466529167,0.4133294105529785,9.755526124413086,0.4991766532262166,157.77579630966903,0.4937722126642863,103.61877599106184,0.5402296702067058,88.86962811748978,0.5333557446797689
0.4988649845123291,0.28940566380818683,0.458252477645874,0.5054389635721842,0.48211102485656737,0.5144304911295573,0.4864348888397217,0.5096096674601237,0.5064314365386963,0.5310218175252278,0.48545279502868655,0.5767333348592122,0.48595376014709474,0.5781119028727214,0.48070554733276366,0.3314838727315267,0.4701817512512207,0.5099347273508708,127.533793732301,90.69650683554894,143.47203823017134,166.28448258775168,93.37499951702,0.4207093000411987,30.187329413801447,0.5204782724380492,178.85424724350898,0.5097721974054972,113.5023785854634,0.5545668601989746,90.8382410845199,0.543171501159668
0.48671326637268064,0.2784604072570801,0.4554915428161621,0.5209295272827148,0.48844375610351565,0.5315855026245118,0.46115498542785643,0.5124765396118164,0.49230003356933594,0.5221910794576009,0.45723600387573243,0.5202234586079916,0.486906909942627,0.5342182795206706,0.4792107105255127,0.3424205780029297,0.4719676494598389,0.5262575149536133,82.85461056816574,44.1787001669362,93.90008796377889,94.55983976786658,92.25625111993104,0.4343390464782715,168.69017950156515,0.524224297205607,51.881984150281085,0.5193670272827149,114.15196833667298,0.5282046794891357,116.8337604640117,0.516349999109904
0.48695011138916017,0.2789253870646159,0.4555459976196289,0.5285137176513672,0.48657736778259275,0.531282901763916,0.45840930938720703,0.513246218363444,0.49247121810913086,0.5226589202880859,0.45421037673950193,0.5202429135640462,0.4869825839996338,0.5344706217447917,0.47873225212097165,0.34256591796875,0.4710616827011108,0.5298983097076416,75.68016247725019,44.018070992816156,81.10025594601004,91.15758950981545,92.34474070351989,0.4362321138381958,161.3176222450632,0.5262786149978638,52.77218102269313,0.5215722640355428,114.92324176106723,0.5285647710164387,120.96926888502098,0.5167445659637451
0.4890908718109131,0.2836221059163411,0.455535888671875,0.5293142000834147,0.48898897171020506,0.5402292887369792,0.46081109046936036,0.506992244720459,0.4959693431854248,0.51501038869222,0.45731339454650877,0.5110374768575032,0.484605598449707,0.5203472773234049,0.48027572631835935,0.3423486073811849,0.47226243019104003,0.5347717444101969,55.379921268215895,29.14494045379633,24.289339459052826,73.0530061702614,92.384655603842,0.4385601758956909,140.18644967036002,0.5248910665512085,67.5974327612105,0.520881994565328,154.84329153193192,0.5176788330078125,130.84821882951263,0.5090148607889811
0.4864013671875,0.28516130447387694,0.45610828399658204,0.5287745793660482,0.48835039138793945,0.539109738667806,0.4608756065368652,0.5141818046569824,0.49595251083374026,0.5308165232340495,0.45730767250061033,0.5398355484008789,0.4858529090881348,0.5444482167561849,0.4798357725143433,0.3445098559061686,0.4722293376922607,0.5339421590169271,87.43840211883685,36.25655952250462,91.10382643221867,119.46972982536127,92.2994104212347,0.43922600746154783,172.49425304195992,0.5323793411254882,60.11956401841445,0.5240619818369547,126.53442130506093,0.5376323699951172,97.91792993874145,0.5270086765289306
0.49751553535461424,0.2913019816080729,0.46988329887390134,0.5359340667724609,0.47745137214660643,0.5374284108479818,0.4804070472717285,0.5026001294453939,0.49028706550598145,0.5225439389546712,0.48514318466186523,0.5716864267985026,0.48508033752441404,0.5724887847900391,0.4823721408843994,0.34525232315063475,0.47366733551025386,0.5366812388102213,52.17058517906733,10.47067932767966,156.3697066942805,165.77087390652042,92.60360493146575,0.4409667809804281,139.61439628577364,0.5296125888824463,101.18620069313754,0.5196406841278076,95.95156121961753,0.5475163618723551,86.07828484982304,0.5371432781219483
0.49497146606445314,0.28918606440226235,0.4575980186462402,0.5206783612569174,0.4826839447021484,0.5290954907735189,0.47511916160583495,0.49554678599039714,0.5036484241485596,0.5062311172485352,0.4734969615936279,0.5196358362833658,0.48853530883789065,0.5342480341593424,0.4801901340484619,0.34319461186726885,0.4701409816741943,0.5248869260152181,69.08015460675364,7.723380595783553,88.6284493085413,28.73012735516032,93.16572547723376,0.4340407689412435,150.89242141474028,0.5155590216318766,99.62974062863057,0.5102168560028076,118.34367540206654,0.5202395757039389,93.85258424521002,0.5075913111368815
0.49774875640869143,0.29154332478841144,0.4576539993286133,0.5256875673929851,0.48258309364318847,0.5349603652954101,0.4814601421356201,0.500919246673584,0.5064693450927734,0.5182672182718913,0.4804293155670166,0.5267753918965657,0.4880358219146729,0.5508473714192709,0.4805909633636475,0.34327422777811684,0.4701185464859009,0.5303239663441977,80.06253863596714,21.40785636927385,109.37775228251719,68.72544062784696,93.20449270157158,0.43679909706115727,161.65046996974783,0.5242955923080445,111.09195821397427,0.5156216065088908,119.50074524041608,0.534557294845581,92.28304525998232,0.5138473192850749
0.4967902183532715,0.28695952097574867,0.4607259273529053,0.5291007995605469,0.4819777488708496,0.5377454121907552,0.47909770011901853,0.4866863568623861,0.496779727935791,0.516101582845052,0.48325433731079104,0.5430166244506835,0.4866055488586426,0.5554576237996419,0.4816436052322388,0.3466837724049886,0.4713518381118774,0.5334231058756511,60.8426040505742,8.368521394484535,130.81196423263972,133.0893525199249,93.15455164016869,0.44005343914031986,145.73724049876918,0.5247623443603515,99.41031317924808,0.5100547313690186,104.4945618484599,0.535779603322347,85.77976590736003,0.5148514906565348
0.4981998920440674,0.2927618344624837,0.48490176200866697,0.532909075419108,0.47231311798095704,0.5421183268229167,0.49185709953308104,0.5096034367879232,0.4855926513671875,0.5181381543477376,0.4862833976745605,0.573814582824707,0.4843924045562744,0.5797411600748698,0.48377416133880613,0.3529093265533447,0.47860743999481203,0.5375137011210124,20.455654028032598,28.3477316413946,171.08311907306208,163.09947412792155,91.60318013565268,0.44521151383717855,109.82508853588271,0.527825927734375,115.39479279976848,0.5235585689544677,91.11618541994878,0.5489396572113037,94.96099431360733,0.5417090098063151
0.4955862045288086,0.28691864013671875,0.47684454917907715,0.5294396718343098,0.4806504249572754,0.5376022338867188,0.4814786434173584,0.5020010312398274,0.48734397888183595,0.5218487103780111,0.4832207679748535,0.5798229217529297,0.48500843048095704,0.578777821858724,0.4845858573913574,0.3457410971323649,0.47874748706817627,0.5335209528605143,37.268549083421135,3.8130577174395337,169.77428535554102,175.7641336997255,91.780841986363,0.4396310249964396,126.37128065135227,0.5276848316192626,94.95222873007812,0.5177609920501709,92.34927373361361,0.5503132661183675,88.7175881355252,0.5409119764963786
0.49960861206054685,0.2854405721028646,0.463375186920166,0.52788298924764,0.485211181640625,0.5386690775553385,0.48310508728027346,0.4959193547566732,0.5089880466461182,0.5107511202494304,0.48450279235839844,0.5281852722167969,0.4929172992706299,0.541087277730306,0.48102593421936035,0.3430484612782796,0.47429318428039546,0.5332760334014892,66.47339639400883,14.0518433347926,84.84128335663014,65.97843545908533,92.02703107797797,0.4381622473398844,147.0071951656314,0.5220135768254598,103.27262795814775,0.5145976940790812,117.91265353340765,0.5259191989898682,87.51959424771158,0.5120523134867351
0.501958179473877,0.28809855779012045,0.4710815906524658,0.5370642344156901,0.4810366630554199,0.5563113530476888,0.4901124954223633,0.5119535446166992,0.5028018474578857,0.5320574442545573,0.48580493927001955,0.5699974695841471,0.4885822296142578,0.5846600850423177,0.4830638408660889,0.3445909341176351,0.47605912685394286,0.5466877937316894,67.32833213661146,24.439749443429516,146.62092505255234,153.06586339336243,91.98508750798348,0.44563936392466225,151.31790855702417,0.5393726189931234,112.02810190132264,0.5293206691741943,105.12673568553066,0.5583587646484375,94.24425455351893,0.5409755071004232
0.4899128437042236,0.2756576855977376,0.45162181854248046,0.5467534383138021,0.48993406295776365,0.5547922134399415,0.4563971996307373,0.5086073239644369,0.5060978412628174,0.562160873413086,0.4544877529144287,0.5316420237223307,0.48733248710632326,0.5474199295043946,0.4796673774719238,0.34884626070658364,0.470777940750122,0.5507728258768718,114.9338204125236,27.119385046287682,49.60065972785114,45.153595218062385,92.52071121385929,0.44980954329172773,17.870660973247865,0.556466849644979,71.16781797437302,0.5296900749206543,38.151066215537895,0.5547904014587403,94.73866297747581,0.5201246738433838
0.48986077308654785,0.2744651158650716,0.4533846378326416,0.5366122563680013,0.4902331352233887,0.5471064249674479,0.460523796081543,0.47440109252929685,0.5056969165802002,0.5614039103190104,0.46336936950683594,0.5210080146789551,0.48715987205505373,0.5456941604614258,0.48088738918304447,0.35174420674641926,0.4718088865280151,0.5418593406677246,126.7223149574298,18.923380510811057,26.254602410660375,18.54166406610847,92.733948841656,0.4468017737070719,29.973752442445665,0.5516316254933675,80.5029320970071,0.5081302165985107,40.28056480411934,0.5535490353902182,86.50615819007129,0.49770455360412597
0.4915895462036133,0.28181413014729817,0.4536433219909668,0.5367684682210286,0.48821415901184084,0.543825340270996,0.4604512691497803,0.5058109283447265,0.5081867218017578,0.5423732121785482,0.458331298828125,0.5210445404052735,0.4876199722290039,0.5370730717976888,0.4786980390548706,0.3469375451405843,0.4709287405014038,0.5402969042460124,101.77012932484452,23.451514262275634,25.38274175147687,41.120642071288444,92.30094208823797,0.44361722469329834,3.1896725291851067,0.5413350582122802,73.10025741123691,0.5230539162953695,14.450943733204667,0.5397231419881185,97.92262627064027,0.513427734375
0.49593338966369627,0.281657346089681,0.45548453330993655,0.5129885991414388,0.48822770118713377,0.5201894442240397,0.47433009147644045,0.4976709047953288,0.5001528263092041,0.5198157628377279,0.4859315872192383,0.5812982559204102,0.4865232467651367,0.5774435679117839,0.48217048645019533,0.3424769401550293,0.47185611724853516,0.5165890216827392,102.29553421687734,4.558325045230763,153.14251215398124,175.6264013569672,93.39022980144188,0.42953298091888426,6.505473645481934,0.5182023922602336,97.45044748736115,0.507129963239034,103.30653813728287,0.5486296653747559,82.10185401861236,0.5394845803578695
0.4964592933654785,0.2853634516398112,0.4558835983276367,0.5058404286702474,0.4899095058441162,0.51385072072347,0.47375879287719724,0.48289244969685874,0.5072705745697021,0.5428565979003906,0.47566471099853513,0.5126972198486328,0.48616690635681153,0.5260872522989909,0.4806383371353149,0.34332078297932944,0.47289655208587644,0.5098455746968586,141.44362571880978,0.9895594467687421,12.277994788008458,139.5100043734309,92.66178055397474,0.42658317883809405,43.841234612620205,0.5263510862986247,91.83228905491094,0.4963690121968587,38.471270992074494,0.5344719250996908,86.34110311236056,0.4977948347727458
0.5002685070037842,0.2840912183125814,0.458709192276001,0.5045329093933105,0.49251480102539064,0.5113064448038737,0.4766397953033447,0.5015735944112142,0.5080032825469971,0.5338307698567708,0.48560385704040526,0.5737691243489583,0.48830175399780273,0.5568464279174805,0.4838899612426758,0.3385248819986979,0.4756119966506958,0.5079196770985921,135.69608949170492,6.653574767058116,124.89630464378651,178.44970343076307,92.79769768629613,0.423222279548645,38.657720115201606,0.5208752234776814,99.19962644560808,0.5047466357549031,130.56370545973198,0.5453385988871257,82.92216964400168,0.5376713593800863
0.49656262397766116,0.2871664047241211,0.4590150356292725,0.50364990234375,0.4891369819641113,0.5095148722330729,0.4770017623901367,0.4937063535054525,0.5062366008758545,0.5260135968526204,0.48606324195861816,0.5737661361694336,0.48906331062316893,0.5569766998291016,0.48387699127197265,0.34029963811238606,0.4740760087966919,0.5065823872884114,128.0053427804815,10.235544460065766,134.42310489712486,176.3409609721627,93.37320607687838,0.42344101270039874,31.140084215585055,0.516297992070516,102.80165231028526,0.5001443703969319,119.01438255100769,0.541495148340861,83.54252056256871,0.5337362448374431
0.4965351581573486,0.28438905080159504,0.4580192565917969,0.5138010025024414,0.4882625102996826,0.521057669321696,0.4756155967712402,0.4835366249084473,0.5118571758270264,0.514263661702474,0.48023619651794436,0.5211828867594401,0.4942628383636475,0.5480316797892253,0.4815588712692261,0.3453680038452148,0.47314088344573973,0.5174293359120687,95.49570876345635,1.7130636361915874,117.86517145119683,124.87699319611329,92.8009251026018,0.4313986698786418,175.32555523581107,0.5158464988072713,94.17610304279341,0.500482980410258,117.52111518474521,0.5311476707458496,83.00266882962649,0.5023597558339437
0.49694390296936036,0.28514490127563474,0.4619277000427246,0.5140865961710612,0.49085583686828616,0.5141010284423828,0.4707195281982422,0.5140878677368164,0.5072344303131103,0.542039426167806,0.4676487922668457,0.5606025060017904,0.4945362091064453,0.5843334833780924,0.4837352991104126,0.3375639120737712,0.47639176845550535,0.514093812306722,138.73467868711705,94.15695426167134,148.8042071906209,173.13044460523636,92.38209424532742,0.4258288621902466,42.17878350064482,0.5280666192372641,0.06004658238558136,0.5140908400217692,106.71167689470451,0.5631864547729493,93.77698910245161,0.5373451868693033
0.49462714195251467,0.28605995178222654,0.45844831466674807,0.5165000597635905,0.49094557762145996,0.5250739097595215,0.47463083267211914,0.5050208409627278,0.5085762500762939,0.5348413467407227,0.48416476249694823,0.5866079330444336,0.4885244846343994,0.5713469823201497,0.48395152091979976,0.33936203320821123,0.474696946144104,0.520786984761556,119.71023318387897,3.4605772813988596,135.92528348326985,178.47972534987383,92.92015444333852,0.43007450898488364,22.530443792976417,0.5278141657511394,89.75973828738239,0.512903912862142,118.77905160502876,0.5530941645304361,83.3348807601771,0.5458143870035808
0.5011929988861084,0.29025484720865885,0.4577073574066162,0.5166402180989583,0.4854423522949219,0.5248428662618001,0.48110265731811525,0.5045153617858886,0.5056788921356201,0.5366113662719727,0.48630614280700685,0.5755175272623698,0.48769540786743165,0.5610895792643229,0.48306612968444823,0.3407159169514974,0.47157485485076905,0.5207415421803792,121.53890735588448,29.734128137206238,121.91771598433378,169.1387102293058,93.65231073357818,0.4307287295659383,24.954237570190028,0.5286764542261759,120.4209026990514,0.5126284519831339,126.30372343496725,0.5488504727681478,85.80849802776657,0.5400164445241292
0.5001821041107177,0.2893429120381673,0.45807957649230957,0.5161750157674153,0.4864813327789307,0.522252368927002,0.47875447273254396,0.521326478322347,0.5053479671478271,0.5450964609781901,0.4857930183410645,0.5838064829508464,0.4882469177246094,0.5621045430501302,0.4822045564651489,0.3399200916290283,0.47228045463562013,0.5192136923472086,134.48680148159082,106.98446454784454,114.42564962819992,174.6117696566408,93.1681528045885,0.4295668919881185,38.05117480859128,0.5321550766626993,18.074014989073554,0.5202700853347778,135.15616415420402,0.5536005020141601,83.57256972100447,0.5525664806365966
0.5002923011779785,0.2868239402770996,0.4581127166748047,0.5065612157185873,0.48486785888671874,0.5164149920145671,0.4738954544067383,0.5095168749491373,0.5075760841369629,0.5331593513488769,0.4655144691467285,0.5345353444417318,0.48873157501220704,0.5486491521199545,0.4833366870880127,0.3357359091440837,0.47149028778076174,0.5114881038665772,127.98650171197318,47.552876511675755,104.53003053746983,176.0154381332307,93.85613139941849,0.42361200650533043,30.986831538967216,0.522323727607727,140.66260440402124,0.5105024894078573,140.58049519794884,0.5409042517344157,108.52043350490946,0.5220261096954346
0.5015882015228271,0.29060303370157875,0.4557034969329834,0.5175208409627279,0.4848520755767822,0.5270385106404623,0.4735543251037598,0.5171409606933594,0.5073314189910889,0.5387116114298502,0.46228389739990233,0.552098274230957,0.4862152099609375,0.5808215459187825,0.483327841758728,0.3343460241953532,0.4702777862548828,0.5222796758015951,120.61447329349129,29.461804793896537,138.13921001478968,177.13760251092523,93.97222514057651,0.42831284999847413,23.915541216843277,0.5304956436157227,122.52233025158895,0.5197103182474772,116.63167401579643,0.5597665786743165,107.86960323407064,0.5346196174621582
0.5005008697509765,0.2906924883524577,0.4528350353240967,0.4996612548828125,0.4808763027191162,0.5183141708374024,0.478148365020752,0.5004409154256185,0.5062096118927002,0.524244467417399,0.4851249694824219,0.5723998387654622,0.4859120845794678,0.5418471018473308,0.4818331718444824,0.3332449595133463,0.46685566902160647,0.5089877128601075,118.46343201914108,51.61747021240995,100.82174161126099,169.4657529916992,94.87120565080843,0.4211163361867269,21.190338536512957,0.5166160901387533,142.87999900025602,0.5047143141428629,139.0671740188786,0.5330457846323648,84.46233312434018,0.5364203770955404
0.5002259731292724,0.2888446807861328,0.4552010536193848,0.49945198694864906,0.4840341091156006,0.5164471944173177,0.4761034965515137,0.48203595479329425,0.5084264278411865,0.5058155695597331,0.48535737991333006,0.5717603047688802,0.48804726600646975,0.5131936073303223,0.4826373100280762,0.3342228889465332,0.46961758136749265,0.5079495906829834,95.39975223398243,11.520852246745301,35.78546897634738,172.03228272161874,94.28594785079041,0.4210862398147583,176.8525889743249,0.5068825801213582,104.05186258696759,0.4949927727381388,160.09780219378104,0.5095045884450277,84.1115160940615,0.5268981297810872
0.501903486251831,0.2926872889200846,0.4552441120147705,0.49994211196899413,0.48334784507751466,0.5182147026062012,0.4784529685974121,0.4939976692199707,0.5099140644073487,0.5145536422729492,0.48561391830444334,0.5729653676350911,0.48946170806884765,0.5408957799275717,0.48315980434417727,0.33387805620829264,0.4692959785461426,0.5090784072875977,106.10017060535756,29.582261782922423,109.80743312915494,170.85343697248805,94.52445966704357,0.4214782317479452,7.677078446241713,0.5118160247802734,121.26602918703233,0.5015380382537842,127.82619972799617,0.5277247111002604,84.81847542370484,0.5334815184275309
0.49828152656555175,0.2925484339396159,0.4538815975189209,0.502186393737793,0.47989935874938966,0.5201923688252766,0.4808675289154053,0.48677473068237304,0.5079734802246094,0.5064234097798666,0.4738011360168457,0.499285888671875,0.4886885166168213,0.5202877362569173,0.4830323696136475,0.3335961818695068,0.4668904781341553,0.5111893812815348,91.59458741674052,28.980846731626706,58.36840455990239,0.6795379512696513,95.19348662155639,0.4223927815755208,173.38278973753367,0.5088063955307007,119.79054220868855,0.4989820559819539,144.2869249882544,0.5133555730183919,119.4580767392291,0.493030309677124
0.5027960777282715,0.2998581250508626,0.4579427719116211,0.5000391006469727,0.47970900535583494,0.5170359929402669,0.48325161933898925,0.5115350405375163,0.5048874378204345,0.5368582407633463,0.4858609676361084,0.5725472768147787,0.48718085289001467,0.5701777140299479,0.4839038372039795,0.3315449237823486,0.468825888633728,0.5085375467936197,133.97960825316179,101.53072225732221,135.43072628086526,167.54606417875894,94.8692538267818,0.4200412352879842,38.144079723758196,0.522697893778483,11.738340142681992,0.510036293665568,117.98700378934576,0.5535179773966471,87.55108807249238,0.5420411586761475
0.5008584976196289,0.2919359525044759,0.45609564781188966,0.49929612477620444,0.48555517196655273,0.5177759170532227,0.47205567359924316,0.503532886505127,0.5058188438415527,0.5245640118916829,0.46295509338378904,0.5289106051127116,0.48749051094055174,0.5413109461466471,0.4858054637908935,0.33423781394958496,0.47082540988922117,0.5085360209147136,120.61189701041329,9.171609469389095,105.46649965558325,178.60749076953286,94.91221294687101,0.4213869174321493,24.609130752449914,0.5165500164031982,103.81486073049965,0.5060344537099203,137.58148138565878,0.532937479019165,109.72809434175646,0.5162217458089193
0.5032029151916504,0.2976045290629069,0.45538744926452634,0.4986303647359212,0.47891411781311033,0.5096217155456543,0.4823144912719727,0.5100400924682618,0.5058835506439209,0.5312487284342448,0.48488378524780273,0.5768798192342123,0.48569068908691404,0.5799655278523763,0.4856996059417724,0.33132039705912275,0.46715078353881834,0.5041260401407878,130.76651485452666,110.22135546974457,143.74900514826493,168.5031715138981,96.1266262333697,0.41772321859995526,35.00170007636826,0.5176873842875163,21.306460243668674,0.5070830663045247,112.5137540914974,0.5556071281433106,87.79865558163857,0.543459955851237
0.5033267498016357,0.2934626897176107,0.45550923347473143,0.5076312700907389,0.48185248374938966,0.5181840578715007,0.4802532196044922,0.5108502705891927,0.5025652408599853,0.5334767659505208,0.48471832275390625,0.5777393341064453,0.4859315872192383,0.5806407292683919,0.4862112283706665,0.3333444595336914,0.46868085861206055,0.5129076639811199,125.93093719463823,77.9965755885388,146.28470674183868,169.92467155847365,95.57599332719529,0.42312606175740564,31.25933477290631,0.5231922149658204,169.91899516251095,0.5118789672851562,109.42658337784171,0.5570587476094564,86.18095151727286,0.544294802347819
0.5038596630096436,0.30200064977010094,0.4557905673980713,0.5096935907999675,0.48046069145202636,0.5169207572937011,0.48373613357543943,0.5130182902018229,0.5073624610900879,0.5383832295735677,0.48609070777893065,0.5730126698811849,0.4884780406951904,0.5616352717081706,0.4837728500366211,0.33281060854593914,0.4681256294250488,0.5133071740468342,129.12853593781614,88.9281467864656,118.08039618156525,165.50123765108282,94.9545760128904,0.4230588912963867,32.5824348901054,0.5258452018102009,178.9398205298706,0.5131627321243286,129.08218490234165,0.5500092506408691,87.75249009143504,0.5430154800415039
0.5052073001861572,0.2934186299641927,0.4578258991241455,0.49993613560994465,0.4811276435852051,0.5185898145039877,0.4818565845489502,0.5054303169250488,0.5082671165466308,0.5249797503153483,0.4735098361968994,0.5265903155008952,0.48671326637268064,0.5488903681437175,0.4858057022094726,0.3354115009307861,0.4694767713546753,0.5092629750569662,118.81374284005622,71.467432407142,114.46010549752776,145.37008901128618,95.36574179137781,0.4223372379938761,22.056430310808913,0.5171213626861573,162.79803275702247,0.5073466459910074,132.03258192583735,0.5369350592295329,111.5271932541716,0.516010316212972
0.5027643203735351,0.29309136072794595,0.45327224731445315,0.5204948425292969,0.4840043067932129,0.5362861633300782,0.4633704662322998,0.5149614969889323,0.5076456069946289,0.5339710235595703,0.45996556282043455,0.5320433298746745,0.48902006149291993,0.5453502655029296,0.4822089433670044,0.33885822296142576,0.468638277053833,0.5283905029296876,105.5693852132535,27.524581904894948,71.18673999004956,124.11310779461829,94.09543557384646,0.4336243629455567,8.141682442896848,0.5311807632446289,68.58135825989288,0.5216759999593099,148.5772344386636,0.53966064453125,101.27295686219563,0.5235024134318034
0.5048952102661133,0.2946101824442546,0.45375614166259765,0.512354564666748,0.4843172550201416,0.5284229278564453,0.4644947052001953,0.49932502110799154,0.5104185104370117,0.5248071670532226,0.45760016441345214,0.5125644048055013,0.48989057540893555,0.5285924911499024,0.48284378051757815,0.3345771789550781,0.46903669834136963,0.5203887462615966,104.3423429035481,18.523658958483345,31.922172415923363,83.13058709638985,94.24966190958922,0.42748296260833735,6.094498019373304,0.5225979566574096,77.83156538282923,0.5098568836847941,169.55209846691452,0.5266998291015625,117.50869513238875,0.5059447129567464
0.5036311626434327,0.2856141726175944,0.4526068210601807,0.49159081776936847,0.48371434211730957,0.51155211130778,0.4680752754211426,0.4983706792195638,0.5038319587707519,0.5277600924173991,0.45835585594177247,0.49607095718383787,0.48518996238708495,0.5112143198649088,0.4862890481948853,0.3334368546803792,0.46816058158874513,0.5015714645385743,131.4432666193453,7.828349690208771,12.070147515563947,164.01932000146664,96.15392291718341,0.41750415960947673,36.28476148608428,0.5146657784779867,88.47333509760058,0.49997107187906903,41.59077558723217,0.519487206141154,13.311995209540981,0.49722081820170083
0.5049876689910888,0.2981905937194824,0.4525034427642822,0.5084204991658529,0.4835835933685303,0.5148736953735351,0.46079769134521487,0.5236931482950846,0.5104049682617188,0.5282098134358724,0.4582259178161621,0.542727279663086,0.49181408882141114,0.5579662958780924,0.48326184749603274,0.33449877103169756,0.46804351806640626,0.511647097269694,119.33123091360206,155.74400852184613,120.83774037739664,170.16457869649798,94.91006892286389,0.4230729341506958,21.354781722143038,0.5199284553527832,121.02735226538687,0.5176701227823893,121.99579773817699,0.5430880546569824,97.69485037154395,0.5332102139790853
0.5033754348754883,0.29621527989705404,0.4486993312835693,0.5210411071777343,0.48151822090148927,0.5302212079366048,0.4679112434387207,0.5316471735636393,0.5052565574645996,0.5536326726277669,0.45413637161254883,0.5629428863525391,0.48827085494995115,0.5748788197835286,0.48204314708709717,0.33505080540974935,0.4651087760925293,0.5256311575571695,130.95636713205582,150.910764587719,116.17017619079026,172.63043938042892,95.07778691943841,0.43034098148345945,34.89427334301233,0.5396319150924682,65.02227560963264,0.5286391655604044,128.64136159010854,0.5642557462056478,113.75679238161925,0.5472950299580892
0.5025663375854492,0.2936327298482259,0.45103044509887696,0.5204018910725912,0.4840260028839111,0.530251407623291,0.4714345455169678,0.5283102989196777,0.5064615249633789,0.5475816090901693,0.4853449821472168,0.5823083877563476,0.48841190338134766,0.5562528610229492,0.48406171798706055,0.33982195854187014,0.46752822399139404,0.5253266493479412,125.90667415556295,123.53998162044986,81.63003095233539,177.08271204737375,95.09314872507844,0.43257430394490565,29.753044838210087,0.5364541292190552,37.372602172319276,0.5268184741338094,154.33981914551808,0.5519172350565593,75.55413539181413,0.5553093433380127
0.5080175876617432,0.3057300567626953,0.4381596088409424,0.5420737584431966,0.4800423622131348,0.5403825124104817,0.47309184074401855,0.5383184432983399,0.5071118831634521,0.5586585998535156,0.45827088356018064,0.5522417704264323,0.48854799270629884,0.5660553614298502,0.48418340682983396,0.3436058044433594,0.4591009855270386,0.5412281354268391,116.03930749052778,74.99134888553311,61.85950929470794,137.5215974424347,97.23336175244467,0.44241696993509927,19.95354233177718,0.5499433676401774,168.25160919536356,0.5397732893625895,158.2752452309654,0.5623569806416829,136.7886583898374,0.545280106862386
0.5099624156951904,0.30713529586791993,0.4425933361053467,0.528878943125407,0.4786355972290039,0.5387551625569661,0.4656383037567139,0.5303546905517578,0.5088359355926514,0.539639409383138,0.4292154788970947,0.541180674235026,0.4895040035247803,0.5470987319946289,0.4830869436264038,0.34309418996175134,0.4606144666671753,0.5338170528411865,104.34837755003397,50.10254047741137,45.789496756151046,176.64479776053324,96.72005733014124,0.43845562140146893,6.884679622543293,0.5367282311121623,145.42590070043366,0.5320858716964721,158.90064272147478,0.5433690706888834,163.4464317383932,0.5357676823933919
0.5028924465179443,0.287993049621582,0.4498713970184326,0.5202198028564453,0.4902319431304932,0.5273294766743978,0.46344285011291503,0.5218381563822428,0.5073820114135742,0.5395888646443685,0.44838805198669435,0.5342763900756836,0.4878286838531494,0.5480276107788086,0.4847538471221924,0.34206282297770185,0.4700516700744629,0.5237746397654215,119.49413122530004,80.42905369527722,77.10308674642383,166.29902896445003,94.62568560318385,0.43291873137156167,22.958937132036233,0.531681752204895,16.331376004796994,0.5228063980738322,156.65613327421937,0.5438082377115885,140.43657413036334,0.5280572732289632
0.5119944095611573,0.2957820256551107,0.454081392288208,0.49984973271687827,0.48281087875366213,0.5106263796488444,0.4777652740478516,0.5230786323547363,0.5075496196746826,0.5476158777872722,0.4563239574432373,0.5367725372314454,0.48619627952575684,0.5493892033894857,0.49172909259796144,0.3383350690205892,0.46844613552093506,0.5052380561828613,141.624237567026,148.0969223300171,72.84566281728954,143.59238276396823,97.9415080390466,0.42178656260172526,47.301200599064195,0.5264269669850667,62.4193974439233,0.5141583442687988,175.25266519990285,0.548502540588379,147.43488934579239,0.5299255847930908
0.5155867099761963,0.3043348948160807,0.4603233814239502,0.49494393666585285,0.4870899677276611,0.5167668342590332,0.48601713180541994,0.5390295028686524,0.507076644897461,0.5581673304239909,0.48619704246520995,0.5684151967366536,0.4875319004058838,0.5630702336629232,0.49264075756073,0.3401761213938395,0.4737066745758056,0.505855385462443,151.2547845933103,157.73303977967365,90.49797128673062,169.0598681393345,96.51956619223324,0.42301575342814124,57.46605606483034,0.532011357943217,69.64080487801496,0.5224424441655477,165.91764202557022,0.560618782043457,89.64921731134763,0.553722349802653
0.5159800529479981,0.29999717076619464,0.45865702629089355,0.49553076426188153,0.4889707088470459,0.5136773745218913,0.4822248458862305,0.5491918563842774,0.505859661102295,0.5697547912597656,0.4850180625915527,0.5763676325480144,0.48920669555664065,0.5736815134684244,0.4918906211853027,0.3374475002288818,0.4738138675689697,0.5046040693918864,157.24988558392985,166.70369362466198,90.70560205874061,176.9946907546054,96.17213107913602,0.4210257848103841,63.80873463020554,0.5371794303258259,79.31733561781904,0.5268979628880819,166.73217218896946,0.5717181523640951,84.13155677489408,0.5627797444661459
0.5205759048461914,0.30702829360961914,0.46437778472900393,0.4845193227132161,0.49220824241638184,0.505604616800944,0.48828983306884766,0.5254202842712402,0.5062285900115967,0.5612583796183268,0.4873779296875,0.5738242467244467,0.4887225151062012,0.5758102416992188,0.49448888301849364,0.3369781176249186,0.4782930135726929,0.49506196975708006,160.11609803145413,159.88944160818113,122.3753152674651,172.3409444495894,95.84960809997474,0.4160200436909993,67.11974716899945,0.5281601746877034,71.77358127534967,0.5102411270141601,140.26506808098557,0.5685343106587728,91.07929252802732,0.5496222654978434
0.5209527015686035,0.30752058029174806,0.47818832397460936,0.48150885899861656,0.4982452869415283,0.4946285247802734,0.5019859790802002,0.5054840723673503,0.5170796871185303,0.5204613049825032,0.4861767768859863,0.5752372741699219,0.4870518684387207,0.5763116200764974,0.498885178565979,0.3399845759073893,0.48821680545806884,0.488068691889445,144.05465708518477,142.74231064741667,152.49173000329205,168.57061075556942,94.12062113216537,0.41402663389841715,48.297913441807125,0.5042649984359742,51.668941833915405,0.49677638212839764,118.26461499692283,0.5483864625295003,102.770052261175,0.5403606732686361
0.5212113857269287,0.3132173538208008,0.48923463821411134,0.4815203348795573,0.5083700656890869,0.49064534505208335,0.505195951461792,0.5326866149902344,0.5168715000152588,0.5293596585591634,0.4880094051361084,0.5611445109049479,0.4887654781341553,0.5738895416259766,0.49844980239868164,0.33850388526916503,0.49880235195159917,0.48608283996582036,162.85144972751965,174.1780492660829,154.26199592599448,157.0533554460675,89.86312707615986,0.4122933626174927,67.33825026497148,0.5077212492624918,82.18832301154409,0.5093847274780274,122.25897951753292,0.55162460009257,121.1289920852292,0.5469155629475911
0.5180984973907471,0.3184507369995117,0.4772195339202881,0.46611321767171227,0.5009512901306152,0.47670803070068357,0.4952722072601318,0.48569936752319337,0.5153967380523682,0.5006250699361166,0.48731265068054197,0.5332170804341634,0.4937709331512451,0.534832763671875,0.4996393918991089,0.342871363957723,0.48908541202545164,0.47141062418619795,143.6970493631748,154.83680677454348,143.47404368743364,172.13376324718865,94.6938585216477,0.40714099407196047,47.99293791916668,0.48601784706115725,66.58816719645961,0.47855499585469563,122.30071634234643,0.5177289168039958,99.50917034338968,0.5094582239786783
0.519258451461792,0.3302353541056315,0.4869426727294922,0.43271617889404296,0.49506144523620604,0.43597005208333334,0.5010776042938232,0.4326805114746094,0.5152010440826416,0.439778741200765,0.49834504127502444,0.5089010238647461,0.5100643157958984,0.5022919019063313,0.5018977880477906,0.34635438919067385,0.4910020589828491,0.43434311548868815,110.76397928215866,80.08549487039694,159.63168115249812,172.32203403780952,97.05905670384574,0.390348752339681,12.659770500870259,0.43706092834472654,170.62984520558663,0.4335118134816488,94.69746085157357,0.47103532155354816,92.05321768169722,0.47079076766967776
0.5231932640075684,0.32326380411783856,0.4801835060119629,0.45852222442626955,0.49307565689086913,0.4783515294392904,0.5059872627258301,0.4949169158935547,0.5166892051696778,0.5157785733540853,0.4865272045135498,0.5731856664021809,0.48638172149658204,0.5747159322102865,0.504471731185913,0.3480926195780436,0.486629581451416,0.46843687693277997,151.7536471519838,144.4234968950499,152.9199391900532,166.09358846909078,98.43319806110031,0.4082647482554118,57.58648258202249,0.4921077251434326,53.832106509186715,0.48167689641316735,117.21368359703669,0.5452472527821859,103.96240993071133,0.5340512911478679
0.5235680103302002,0.3325404167175293,0.4924415111541748,0.47077630360921224,0.4994656562805176,0.4797542572021484,0.5135648727416993,0.5223254521687826,0.5179002285003662,0.5242120742797851,0.505757999420166,0.5686190287272136,0.5051601886749267,0.5753617604573568,0.5047791957855224,0.35731670061747234,0.4959535837173462,0.47526528040568033,160.3448568598028,162.53044646720485,160.758594606151,164.43232374009148,94.27923545930385,0.41629099051157636,65.84960559510716,0.4997386773427327,69.48268485190742,0.4987953662872314,103.98627959535284,0.549786917368571,99.57220400400561,0.5454722404479981
0.5236745834350586,0.3386774698893229,0.4845102310180664,0.46360553105672203,0.49002437591552733,0.4806197166442871,0.5126840114593506,0.5095733324686686,0.5161158084869385,0.5219704945882161,0.5027326583862305,0.5776147842407227,0.503942346572876,0.5891641616821289,0.5034924507141113,0.3594103495279948,0.48726730346679686,0.47211262385050456,154.38599260914202,149.34624539765397,161.62337495251091,163.33975919138197,98.19228094236624,0.41576148668924967,59.94568786329403,0.49704155921936033,55.843508713568134,0.4908429781595866,100.26888052765389,0.5555673281351725,98.32075937774333,0.5435940583546957
0.5230564594268798,0.3435182571411133,0.4821463584899902,0.4899708112080892,0.4860565185546875,0.5073919932047526,0.5139630794525146,0.5202350616455078,0.5185899257659912,0.5239996910095215,0.5023211479187012,0.582064692179362,0.507627534866333,0.5875410715738932,0.501385498046875,0.3646605809529623,0.4841014385223389,0.4986814022064209,132.44526675589438,130.4432389238375,155.38233767133542,157.01087859745164,97.34861587776996,0.4316709915796916,36.28270579478024,0.5113405466079712,35.82115439492893,0.5094582319259644,99.78851954751957,0.5557703812917074,100.66340262761024,0.5511498769124349
0.522353219985962,0.3425779342651367,0.48755779266357424,0.4657190640767415,0.499332857131958,0.46852490107218425,0.5140331268310547,0.5150507926940918,0.5222028732299805,0.5128027598063151,0.507143211364746,0.5829166412353516,0.5099129199981689,0.5811412811279297,0.5019419670104981,0.3609216531117757,0.49344532489776616,0.4671219825744629,155.40662245578363,161.2396436596697,161.58664976153923,167.45661605134103,94.5742513514401,0.4140218178431193,57.808238505894394,0.489962371190389,66.75407709391824,0.49108638763427737,100.19505613105324,0.5469720204671225,95.79695324688856,0.5489837169647217
0.5248218059539795,0.34179290135701496,0.4908751487731934,0.4694335619608561,0.4876535415649414,0.4876452128092448,0.5275440692901612,0.4982904434204102,0.5267374515533447,0.5067132314046224,0.5148540496826172,0.5465689341227213,0.5172095775604248,0.5490805308024088,0.5030016899108887,0.3642448425292969,0.48926434516906736,0.4785393873850504,136.39618414030437,127.66757545617948,145.7145081643068,144.6588383846052,96.85364487645339,0.42139211495717366,36.937371825215884,0.4926263093948364,27.292219106695796,0.4884149154027303,102.67424552301037,0.5278968811035156,104.72708341777594,0.5224296887715658
0.52359037399292,0.3500383694966634,0.48496737480163576,0.4867367426554362,0.4878226280212402,0.49491109848022463,0.5098706722259522,0.5131404558817546,0.5140013217926025,0.5167069435119629,0.4953880310058594,0.5742443720499675,0.5040428161621093,0.5839918772379558,0.5045747041702271,0.3719340642293294,0.486395001411438,0.4908239205678304,136.88015609997137,135.6978654020476,160.85520300109704,160.51307123632316,98.69387741774918,0.4313789923985799,43.15470666165341,0.5037654320398967,43.54998484657083,0.5019821882247926,98.41894239465731,0.5503494103749593,103.33399657398394,0.543692413965861
0.5265110492706299,0.3510837237040202,0.4802374839782715,0.49581654866536456,0.47674102783203126,0.5044170061747233,0.5143637657165527,0.49946393966674807,0.516024398803711,0.5099327723185222,0.4965972900390625,0.5718178431193034,0.5029480457305908,0.585445785522461,0.5037379264831543,0.36811450322469075,0.47848925590515134,0.5001167774200439,109.60695680948719,93.5824697490617,154.18122315463614,152.0303757317043,100.82843041994018,0.4341156403223673,14.655481499029657,0.5050247748692831,178.95745698033562,0.499790358543396,99.82430494034315,0.5476892789204916,103.79600623854874,0.5356408913930257
0.5245306968688965,0.35212914148966473,0.48557167053222655,0.4782326380411784,0.48980345726013186,0.49493452707926433,0.5289772033691407,0.47351099650065104,0.5439685821533203,0.4834905624389648,0.5105430603027343,0.5642174402872722,0.5123073101043701,0.5896714528401693,0.5036574840545653,0.3628472487131754,0.4876875638961792,0.4865835825602214,105.33063028617988,85.31922687927417,149.96439822996217,152.10781940164247,97.35417460903247,0.4247154156366984,176.85437623000607,0.4850370724995931,162.4318519154265,0.4800472895304362,106.60365413728539,0.5365810076395671,101.487691562779,0.5188642183939616
0.5270253181457519,0.3514187494913737,0.4956983089447021,0.48338470458984373,0.4960355758666992,0.5026077588399251,0.5477426052093506,0.4775542894999186,0.5502516746520996,0.4805900573730469,0.5287202835083008,0.5574214935302735,0.5279544353485107,0.5663775761922201,0.5061861038208008,0.3741093794504802,0.4958669424057007,0.49299623171488444,99.63120046848387,95.30980195198559,141.8121484229127,139.5841297517321,94.96073590437108,0.4335528055826823,167.14965246182388,0.48679314454396566,163.42319514518292,0.48527526060740156,104.5695144184082,0.5234838167826334,103.39678883862226,0.517487891515096
0.5303644657135009,0.35150445302327477,0.4819666385650635,0.4708216667175293,0.49376645088195803,0.48140977223714193,0.5149135112762451,0.5051487922668457,0.5241787910461426,0.5087570826212565,0.5135081768035888,0.5844725290934245,0.5214240550994873,0.5905158996582032,0.5084415435791015,0.3666109402974447,0.48786654472351076,0.4761157194773356,138.27020927235543,139.7030134530412,161.72200919907468,165.67142433633165,100.64131393888684,0.4213633298873901,41.952621457892725,0.4924364010492961,47.0283146315777,0.4906322558720907,91.92976198275595,0.5496364911397298,91.0149712379707,0.5448106606801351
0.5326378822326661,0.35153586069742837,0.5056735515594483,0.48707701365152994,0.5076638221740722,0.4961899757385254,0.5405921459197998,0.5001854578653971,0.5479925632476806,0.5049338658650716,0.5300213813781738,0.5942331949869791,0.5304479598999023,0.5949316024780273,0.5111011505126953,0.36492927869160974,0.5066686868667603,0.4916334946950277,122.60309600820155,116.44936045344338,156.00515710843572,160.7643647516193,92.00354767151538,0.4282813866933187,17.84112496415801,0.49828368028004966,14.149207128473249,0.4959094762802124,101.03116981954102,0.5499327341715494,96.41300770589744,0.5472093264261881
0.5347046852111816,0.3563616116841634,0.4925872325897217,0.4952746073404948,0.5028491497039795,0.5043465932210286,0.5334939002990723,0.49671271642049153,0.5485270977020263,0.5052653948465983,0.5373352527618408,0.598111915588379,0.5394858360290528,0.5919408798217773,0.5118556261062622,0.3657883644104004,0.4977181911468506,0.4998106002807617,110.85862823961021,94.43561630830946,149.6575594417863,160.21927201739163,96.02161901933061,0.4327994823455811,6.127748109602308,0.50253799756368,175.05099882934908,0.49826165835062664,95.95507992459403,0.5486031373341878,87.83047512525661,0.5474123160044353
0.5367770195007324,0.3605069160461426,0.5095350265502929,0.48907578786214195,0.49210209846496583,0.502263069152832,0.5514506340026856,0.5046918551127116,0.5468754291534423,0.5153134346008301,0.544160270690918,0.6016444524129232,0.5434689521789551,0.6077201843261719,0.5131690502166748,0.3673333485921224,0.5008185625076294,0.49566942850748696,125.93074657863544,115.67688187625104,157.05025362326066,153.45612944068162,95.4969604772916,0.4315013885498047,23.099039758610523,0.5054914315541585,10.103817965095516,0.5001806418100994,92.11119224968664,0.561516809463501,94.30027084636923,0.5531681537628175
0.5430902957916259,0.36219186782836915,0.5017423152923584,0.5029855092366536,0.5050614833831787,0.5187671343485515,0.544034481048584,0.511970329284668,0.5544505596160889,0.5171142578125,0.5457710266113281,0.6260480244954427,0.5458987712860107,0.6229832967122396,0.516689157485962,0.3693458239237467,0.5034018993377685,0.5108763217926026,111.30160746111991,102.39585783989008,154.62141310818635,160.67466167282112,95.36335899861292,0.44011107285817463,6.966769713087803,0.5139952898025513,1.5422813283645667,0.5114233255386353,94.6181569061228,0.5700487772623698,89.12788343677549,0.5690091768900554
0.5475478172302246,0.36917524337768554,0.4974188327789307,0.4939464886983236,0.4974532604217529,0.5039117495218913,0.5444431781768799,0.5121242841084798,0.5502233505249023,0.5189856847127279,0.5503972053527832,0.620126215616862,0.5511410713195801,0.6238568623860677,0.5194855213165284,0.3594316800435384,0.4974360466003418,0.49892911911010746,121.70866831033857,114.96265572435425,157.23905628921906,159.55091400447455,98.98206910198333,0.42918039957682297,20.804315618216144,0.5089574019114177,15.679728281697855,0.5055267016092936,89.49862119103076,0.5714212735493978,86.84454106771653,0.5661252498626709
0.5490083217620849,0.37558488845825194,0.5227424621582031,0.49214035669962564,0.5004445075988769,0.5035552660624186,0.5568308353424072,0.5153591156005859,0.5483375072479248,0.530197270711263,0.5692120552062988,0.6133502960205078,0.5484402656555176,0.6277575174967448,0.5235803127288818,0.3581385294596354,0.51159348487854,0.49784781138102213,139.54868865078987,123.10283770152454,164.22522087404306,160.68880593060143,94.90387462651302,0.4279931704203288,41.36071010619575,0.5140225410461425,21.16133888496915,0.506603463490804,89.93965143507425,0.578977394104004,82.7988173420141,0.5643547058105469
0.5395740032196045,0.3701743761698405,0.5016533374786377,0.49283021291097007,0.5164447784423828,0.4919436772664388,0.5408420562744141,0.505767027537028,0.5581128597259521,0.5209143320719402,0.5480340957641602,0.6267353057861328,0.5482560157775879,0.6289382298787435,0.5212827444076538,0.35449965794881183,0.5090490579605103,0.4923869450887044,132.65447773918416,120.19142287021755,158.76640834520413,167.22084898010422,95.07014149494343,0.4234433015187581,30.175196448649526,0.5066506385803222,22.82379048275999,0.4990769863128662,95.21362373529712,0.5749262809753418,86.59754595473936,0.5662511666615804
0.5076112747192383,0.35461257298787435,0.49419140815734863,0.49859240849812825,0.5307920455932618,0.48792870839436847,0.5054166316986084,0.5245376269022624,0.5571422100067138,0.5288728396097819,0.5001396179199219,0.5644287745157878,0.5482052326202392,0.6446711858113606,0.5145751476287842,0.36434572537740073,0.5124917268753052,0.4932605584462484,143.08082027772912,170.52596501894172,162.31494628093736,177.68934659107924,90.92588899395973,0.42880314191182456,38.57512204658455,0.5110666990280152,102.74619597691579,0.5088990926742554,94.41317235605472,0.5867720127105713,97.53563817720695,0.544483200709025
0.5346334934234619,0.3548100471496582,0.5006192207336426,0.48987522125244143,0.5325027465820312,0.4793231964111328,0.5275579929351807,0.5085671742757162,0.563517713546753,0.5154684702555339,0.5492156028747559,0.6367010752360026,0.5766168594360351,0.6033495585123698,0.5233876705169678,0.35958956082661947,0.5165609836578369,0.4845992088317871,137.75778012080468,156.95680111939558,161.65063147908205,177.47679033068982,93.12577652553259,0.42209438482920325,33.32084026303795,0.5000338395436605,65.35334214628062,0.49658319155375164,81.52217547251026,0.5594090143839519,80.40635449853131,0.5726341247558594
0.5567159652709961,0.37699143091837567,0.5104230880737305,0.48194707234700523,0.5208310604095459,0.48108844757080077,0.5555495738983154,0.5078537940979004,0.5623500347137451,0.511792246500651,0.5544108867645263,0.6300760269165039,0.5543254375457763,0.6424392064412435,0.5342265129089356,0.3551968256632487,0.5156270742416382,0.481517759958903,133.1229302629026,131.36360116222548,162.9634686455907,164.83469801519536,98.37602203609167,0.41835729281107586,32.941517194222655,0.496655003229777,33.411997449961795,0.4946857770284017,93.51480557196219,0.5771157264709472,90.53378242180155,0.5689649105072021
0.5837325572967529,0.38217941919962567,0.5174765586853027,0.43922764460245767,0.5259036540985107,0.4448700904846191,0.5328773975372314,0.5036663055419922,0.5647866249084472,0.5060307184855143,0.4979836940765381,0.5633477528889974,0.5497197151184082,0.6440926869710286,0.556412124633789,0.3600490252176921,0.5216901063919067,0.4420488675435384,149.3200884275784,160.403038479774,165.8736220639309,160.74501597059336,112.94974561740355,0.4010489463806153,56.036812358085434,0.47403979301452637,79.70944734525636,0.47285758654276533,96.22812742132675,0.5750617027282714,120.31336763800849,0.5335070292154949
0.5758880615234375,0.38535941441853844,0.5113263607025147,0.4701478322347005,0.5424338817596436,0.4697636286417643,0.5250246047973632,0.52906707127889,0.5691152095794678,0.5127146720886231,0.5050410747528076,0.5682730992635091,0.5868973731994629,0.6050346374511719,0.5521763801574707,0.37520840962727864,0.5268801212310792,0.4699557304382324,142.3757841416973,171.78986629464475,166.9463001508751,165.51547487275514,104.9485262073681,0.4225820700327555,45.35313307577666,0.4913352012634278,91.7979352388271,0.49951140085856116,79.09752225103676,0.5588746547698975,117.00819156558579,0.5486700852711995
0.5856836795806885,0.3909065882364909,0.5110721588134766,0.48699792226155597,0.5317689418792725,0.48752854665120443,0.5561205863952636,0.5104725519816081,0.5658159732818604,0.5245232264200846,0.5502677917480469,0.6351678848266602,0.5865353584289551,0.5884389877319336,0.5606459617614746,0.3847146193186442,0.5214205503463745,0.4872632344563802,132.12370109156706,121.71592288680137,165.19641788789627,166.2763077336133,110.93212847389182,0.43598892688751223,40.005913539996136,0.5058932304382324,33.77681140494417,0.49886789321899416,72.03901305466063,0.5564811070760092,92.68730585756043,0.5728202184041342
0.5904036521911621,0.3905267397562663,0.511029863357544,0.49315325419108075,0.5419579982757569,0.5009644826253256,0.5319869041442871,0.5404036204020183,0.5738785743713379,0.5445655822753906,0.5499715805053711,0.641207758585612,0.5709680557250977,0.6236345291137695,0.5599448204040527,0.38990025520324706,0.5264939308166504,0.4970588684082031,140.22156953992274,162.254079594637,158.53226385558807,179.13476175216599,107.33640065820234,0.4434795618057251,45.07370650017008,0.5208122253417968,82.77754709624573,0.5187312444051106,92.1080991228715,0.5841000556945801,79.88417623301301,0.5908056894938152
0.5837257862091064,0.3781085650126139,0.5164868354797363,0.4968159039815267,0.5519454002380371,0.5023874918619792,0.5545606136322021,0.5250741322835286,0.5800529003143311,0.532362683614095,0.5513180255889892,0.6373662312825521,0.6020434379577637,0.6150900522867838,0.56032292842865,0.3874618530273437,0.5342161178588867,0.4996016979217529,133.30839936216844,138.98832451249982,164.4599959141449,171.26954497845685,103.1053562356476,0.4435317754745483,35.554581483911754,0.515982190767924,51.38610149770164,0.5123379151026408,75.11391549074317,0.5737263679504394,91.65403441554324,0.5812201817830404
0.6012399673461915,0.41040369669596355,0.519831657409668,0.4685877482096354,0.5462209224700928,0.48559017181396485,0.5312564849853516,0.531648826599121,0.5696887016296387,0.5325022379557292,0.548762035369873,0.6436950047810872,0.5482748508453369,0.6457601547241211,0.566810417175293,0.399068291982015,0.5330262899398803,0.4770889600118001,147.74639624095062,166.84617394423327,164.12765530934723,176.51568537703892,113.41334007015513,0.43807862599690756,56.51066886127419,0.5047955989837647,91.85790064314182,0.5043688933054606,100.7066160123843,0.5891311963399251,81.12017195067234,0.5876719156901041
0.6160028457641602,0.4406541506449381,0.5213245391845703,0.45104185740152997,0.5324887275695801,0.47949349085489906,0.549629545211792,0.5026895523071289,0.5648911952972412,0.5425858815511068,0.5490625381469727,0.6447055816650391,0.549379301071167,0.6480449676513672,0.5835420608520507,0.41458161671956384,0.5269066333770752,0.4652676741282145,145.54628504660087,127.68190161755692,164.6230098364678,172.73233614327242,138.17294589308807,0.4399246454238892,63.836231865567036,0.5039267778396607,58.73348752745658,0.48397861321767166,98.36759057845899,0.595315424601237,90.22875543906137,0.573697566986084
0.62420654296875,0.45233119328816734,0.5145112037658691,0.46041800181070963,0.5253514289855957,0.49385410944620767,0.5598042488098145,0.5201773007710775,0.5677616119384765,0.5413684209187826,0.5391255855560303,0.5499449412027995,0.5514423847198486,0.645176378885905,0.5831073522567749,0.4170660495758057,0.5199313163757324,0.4771360556284586,136.28914411505522,124.4534330326853,160.445072201226,130.44487194148218,136.4436547828883,0.4471010526021322,53.32697979446057,0.5092522382736206,47.18831899034421,0.49865667819976806,98.93411713384205,0.5932723999023437,124.78651864482619,0.5350611209869385
0.6226584434509277,0.46952997843424477,0.5162288665771484,0.45544122060139974,0.5332106590270996,0.499277400970459,0.5495133876800538,0.5188390731811523,0.56808500289917,0.550533676147461,0.5537522792816162,0.6386410395304362,0.5537192344665527,0.6413331349690755,0.5863147735595703,0.4226678530375163,0.5247197628021241,0.47735931078592936,141.23384208516214,128.19193469779592,160.9802146600974,171.82182692374369,138.3974782174185,0.4500135819117228,59.347794523245035,0.5139464934666952,59.13204744457676,0.4980991919835408,98.99048728643335,0.5959334055582682,87.97357814326377,0.5787400563557943
0.6235245704650879,0.4799286206563314,0.5189896106719971,0.46591978073120116,0.5465362071990967,0.505979855855306,0.5347353935241699,0.5063001632690429,0.574061107635498,0.5426162083943685,0.4936809062957764,0.5581139882405599,0.5689714431762696,0.5879756927490234,0.5873692989349366,0.4271416505177816,0.5327629089355469,0.48594981829325357,137.34140043696888,140.84318207024268,154.05822559564592,170.04726741435192,132.8782787341236,0.4565457344055176,53.91561026876813,0.514283013343811,84.46382313821948,0.49612499078114825,96.40222430616413,0.5652959505716959,128.391411461653,0.5322070757548014
0.6223962783813477,0.4890467643737793,0.5134757995605469,0.46655060450236,0.537208890914917,0.5128795623779296,0.5436888694763183,0.5116738001505534,0.5694990158081055,0.5484240214029948,0.4902209758758545,0.5526517868041992,0.5583285808563232,0.597984250386556,0.5895718812942505,0.4268582026163737,0.5253423452377319,0.4897150834401448,133.67608788740895,111.70899369363548,150.3539470039241,156.63006966145682,135.61882532653962,0.4582866430282593,53.05212826720274,0.5190695524215698,50.12121823440257,0.5006944417953492,102.70171079013471,0.5732041358947755,142.53331419390875,0.5321627934773763
0.6226458549499512,0.4965935707092285,0.513003921508789,0.4348308563232422,0.5400956630706787,0.5067726135253906,0.5451141357421875,0.4768781026204427,0.566714096069336,0.5431953430175781,0.48659381866455076,0.5551004409790039,0.5520065784454345,0.6451892217000326,0.5916654825210571,0.43070184389750166,0.5265497922897339,0.47080173492431643,138.4723750859592,62.89222794529273,163.48923349963772,168.5588676470041,148.37418644404545,0.45075178941090904,60.978287003385375,0.5069985389709473,18.123991131890467,0.4738399187723796,98.20548955866217,0.5941922823588053,126.80118891314892,0.5159892717997233
0.6232721328735351,0.49316171010335286,0.5195612907409668,0.4651737848917643,0.5408766746520997,0.506867790222168,0.5582070350646973,0.5179625511169433,0.5673254013061524,0.5499005635579427,0.4916637897491455,0.5566519419352214,0.5631416320800782,0.6035081227620442,0.5915326833724976,0.4296909968058268,0.5302189826965332,0.48602078755696615,138.46289592471769,118.09116439520513,159.88333962984905,148.80311294256316,137.42585756100348,0.45785589218139644,59.84859686286437,0.5179606755574544,48.774468005424225,0.5019916693369547,94.46256840528427,0.5767043431599934,149.82554206526044,0.5373072465260824
