0,1,2,3,4,5,6,7,8,9,10,11,12,13,14,15,16,17,18,19,20,21,22,23,24,25,26,27,28,29,30,31
0.750779676437378,0.32109162012736003,0.7911813735961915,0.5001041094462076,0.7700684070587158,0.48851852416992186,0.7498907089233399,0.5684165954589844,0.7299221992492676,0.5554250081380209,0.7525695323944092,0.713376808166504,0.7375359058380127,0.6751323699951172,0.7695778846740722,0.3557130018870036,0.7806248903274536,0.4943113168080647,151.5501776366115,162.76246992629333,162.95733985713562,171.643260999759,85.44286282607578,0.42501215934753417,129.68064027571137,0.5248681624730428,112.5255810869864,0.5313639561335246,86.36073805618486,0.615278689066569,88.94131080569817,0.6408967018127442
0.757243013381958,0.3261569341023763,0.7950209140777588,0.49425996144612633,0.7718937873840332,0.4808513641357422,0.7485787868499756,0.5757162729899089,0.7293961048126221,0.5634624481201171,0.7531908035278321,0.7037972768147787,0.7348964214324951,0.6734691619873047,0.7742115974426269,0.3432573636372884,0.783457350730896,0.48755566279093426,156.04487665223672,164.7074747774382,162.49891265205846,169.97003176523637,86.33384815251074,0.4154065132141114,125.45868663626338,0.5255090554555257,111.58500265064885,0.5316359678904216,87.13760468332902,0.6184658050537108,87.93775063077328,0.6397567749023438
0.7585089206695557,0.32847906748453776,0.7915761947631836,0.4943484942118327,0.774681568145752,0.4805797576904297,0.749887752532959,0.5717959721883138,0.7338319301605225,0.5630591710408529,0.754510498046875,0.7127034505208333,0.7471317768096923,0.6753002166748047,0.7787373781204223,0.3461929798126221,0.7831288814544678,0.4874641259511312,158.58950964923199,165.77441264415415,162.39363767309058,170.8799050561286,88.21949765310352,0.41682855288187665,123.10912709788018,0.525261648495992,111.51289768920648,0.5296300490697226,83.2423262803124,0.6191796938578288,88.12097378951268,0.6422497113545735
0.7605737209320068,0.3222392717997233,0.793298864364624,0.49284289677937826,0.7889830589294433,0.4826133092244466,0.7459780216217041,0.5624831517537435,0.7440412521362305,0.5540520350138346,0.7564074516296386,0.7008752187093099,0.7524713039398193,0.6759961446126302,0.7837356805801392,0.3397192160288493,0.7911409616470337,0.48772810300191244,155.11196234924506,158.48190106887486,164.4384644922624,166.4349370100282,87.13572710218432,0.41372365951538087,125.38033285367884,0.5208900690078735,121.13809167421539,0.525105627377828,86.04540836442756,0.6150240898132324,85.69025220085798,0.6316791852315267
0.7632010459899903,0.33238042195638023,0.7971835613250733,0.4998926798502604,0.7796145439147949,0.4871991157531738,0.7470858097076416,0.5294432322184245,0.735081148147583,0.5323355992635092,0.7655643463134766,0.6528933842976888,0.7562851428985595,0.6655570983886718,0.775681471824646,0.3655335426330566,0.788399052619934,0.4935458978017171,139.71655467285876,140.88379487030457,160.3812811795514,163.33188965995006,84.32648072790738,0.42953972021738684,143.96345993097594,0.5129407485326132,139.0124199640397,0.5114945650100708,80.95646299248116,0.5989463488260904,81.48693135403937,0.5911683082580567
0.768047285079956,0.32910633087158203,0.7940948963165283,0.5106518109639485,0.7759454250335693,0.49540265401204425,0.7424672603607178,0.552525011698405,0.7291476726531982,0.5464453379313151,0.753681755065918,0.7202697118123372,0.7460119724273682,0.7104166666666667,0.7771418571472168,0.36909373601277673,0.7850201606750489,0.5030272324879964,142.99298742598324,150.01907072091137,163.4754382157967,167.9666084579898,86.63359793021938,0.43606048425038657,142.14947969045977,0.5247362852096558,130.6854220987265,0.5277761220932007,84.127829034899,0.628431002298991,86.17520860008814,0.6363973617553711
0.7754731178283691,0.3337879180908203,0.7893914222717285,0.5109951972961426,0.7666840076446533,0.4889463742574056,0.7340131759643554,0.5598917643229167,0.7216475963592529,0.5541751861572266,0.7257739543914795,0.7091320037841797,0.7273344039916992,0.6895739237467448,0.7947968006134033,0.3467181046803792,0.778037714958191,0.4999707857767741,153.29040118354388,159.60969824563185,162.6233598464395,169.13056492593694,96.24083322318526,0.42334444522857667,136.1322091660077,0.5270729859670004,126.30509508366467,0.5299312750498454,87.59496512007546,0.6218745549519857,93.15996469635753,0.6345118840535482
0.7758594512939453,0.3241738319396973,0.7808098316192627,0.5098636945088705,0.7617672443389892,0.491471004486084,0.7226540565490722,0.5637208938598632,0.7120722770690918,0.566485850016276,0.7209422588348389,0.7002397537231445,0.7192046165466308,0.6814905166625976,0.796848726272583,0.34911896387736,0.7712885379791259,0.5006673494974773,159.32914846274755,161.4281523266019,160.38278088938526,166.5597601545962,99.5734228152315,0.42489315668741867,131.97740471482828,0.5335765997568767,127.64373287097081,0.5321941216786703,86.45118545206775,0.6239881833394368,90.71838898205786,0.6319803237915038
0.779869556427002,0.32427225112915037,0.775540828704834,0.5040853182474773,0.7590010643005372,0.48770837783813475,0.7108512878417969,0.5773800532023112,0.7095891952514648,0.5740512847900391,0.7109796524047851,0.7058730443318685,0.7089656829833985,0.6857714335123698,0.7970804691314697,0.34873258272806806,0.7672709465026856,0.495896848042806,164.7920779673858,165.9637686091783,163.24948325227604,164.93554621280094,101.45087202005962,0.422314715385437,126.4291181392683,0.5349740664164225,124.69905535427682,0.5366384506225585,90.31976551173793,0.6299113591512044,89.94276150639088,0.6416265487670898
0.7792153358459473,0.33128274281819664,0.7760510444641113,0.5122305234273274,0.7610919952392579,0.4970148722330729,0.7179812908172607,0.5607631047566731,0.7105008602142334,0.5747169494628906,0.7183773040771484,0.7038019180297852,0.7093386173248291,0.6807751337687175,0.8007906198501586,0.35655094782511393,0.7685715198516846,0.5046226978302002,162.8420408356908,160.0496657492151,162.04215358444964,165.69704479714795,102.27570600104511,0.43058682282765703,129.64057145627203,0.5396698236465454,132.02320158215954,0.5326929012934367,90.62785297812098,0.627746041615804,89.84137291179054,0.6322825113932291
0.7802512645721436,0.3257179260253906,0.788465929031372,0.5185095151265462,0.7612291812896729,0.49051860173543294,0.7290065288543701,0.5625736872355144,0.7085579872131348,0.5782694498697917,0.7150205135345459,0.6983091990152995,0.7036313533782959,0.6793453216552734,0.7991905927658081,0.3546986738840739,0.7748475551605225,0.5045140584309895,160.11853641503396,160.36314809444272,160.62734319043037,168.726796592959,99.22915505121627,0.42960636615753167,131.94843970110165,0.5413917541503905,128.2928849722241,0.533543872833252,92.79049884056211,0.6288073857625325,95.88292358609567,0.630441443125407
0.7813076972961426,0.3306734085083008,0.7906285285949707,0.5165553092956543,0.7613306522369385,0.49031848907470704,0.7325417518615722,0.5618406931559244,0.7055788516998291,0.5877557754516601,0.7076987743377685,0.6994820912679036,0.7068373203277588,0.6797842661539714,0.8008361816406251,0.35742732683817546,0.7759795904159545,0.5034368991851806,162.6089328584671,161.83441792657953,157.80739121854992,171.02842041517837,99.66137964411021,0.43043211301167805,129.8596701371571,0.5455963373184204,126.64003674719272,0.5326387961705525,89.21654211149907,0.6337700208028157,100.23119813507834,0.630661392211914
0.7793413639068604,0.3233872095743815,0.7835752487182617,0.5103134155273438,0.7566529273986816,0.4818613370259603,0.7315290927886963,0.5761560440063477,0.7125780582427979,0.5753742853800455,0.7071105480194092,0.697251828511556,0.7120662212371827,0.6741769790649415,0.7970999717712401,0.3489633560180664,0.7701140880584716,0.496087376276652,164.50398791717828,170.3694928941786,162.24356104325372,174.01036086902928,100.39381106952092,0.4225253661473592,125.96721806740183,0.5357308308283488,115.72936154379536,0.5361217101414999,90.29681212924756,0.6247756322224935,101.40061448490962,0.6367039362589518
0.7757492542266846,0.32277517318725585,0.779721736907959,0.5133948961893717,0.7643988132476807,0.4876897176106771,0.7269148349761962,0.5707133611043295,0.7169653415679932,0.5657272338867188,0.759243392944336,0.6799747467041015,0.6972974300384521,0.6870310465494792,0.8019616603851318,0.3530953566233317,0.7720602750778198,0.5005423069000244,161.58348007046865,166.27133118566232,167.36393699824953,159.43171834332958,101.46378738484282,0.42681883176167806,130.20481943282894,0.5331347703933715,122.75571825937557,0.535627834002177,99.20965642482311,0.6263791402180989,73.51742385266975,0.6253440539042154
0.7726068019866943,0.3289950688680013,0.783990478515625,0.49983510971069334,0.7657123565673828,0.4775059700012207,0.7262179851531982,0.5610081990559895,0.7178003787994385,0.5603854497273763,0.7005333423614502,0.6972750345865886,0.698963975906372,0.6892097473144532,0.7993374109268188,0.3488510449727376,0.7748514175415039,0.488670539855957,162.5762722066329,165.10299215285383,167.59121863963722,171.0652176640448,99.93323599981966,0.41876079241434727,128.50314315767963,0.5245279947916666,123.91339001864011,0.5248393694559732,98.31871229101009,0.6247975985209147,100.6743228359579,0.6291416168212891
0.7734950065612793,0.3263138135274251,0.7858904361724853,0.5030431111653646,0.7632262229919433,0.48202864329020184,0.7246793746948242,0.5549788157145182,0.7139162540435791,0.566244633992513,0.7016942024230957,0.692158317565918,0.7015893936157227,0.6825599670410156,0.7938612222671508,0.3506998221079508,0.7745583295822143,0.49253587722778325,160.90467314727948,160.09176669038453,165.04280184736498,169.45928931476053,97.74994160215483,0.42161784966786703,129.44500333192997,0.5293902556101482,128.61759984463967,0.5237573464711507,96.04950863079145,0.6244023005167643,99.51186191550033,0.6235685666402181
0.7716776847839355,0.33092708587646485,0.7894398689270019,0.49475571314493816,0.7698293685913086,0.4804246266682943,0.733375358581543,0.542508061726888,0.7250354290008545,0.5434823989868164,0.701924991607666,0.6738596598307292,0.7009255886077881,0.6719645182291667,0.7959508180618287,0.3523353258768718,0.7796346187591552,0.4875901699066162,156.0252879239533,158.10494466353336,167.51049475069922,170.81982929155032,96.87852482167749,0.419962747891744,134.3295197500383,0.5155362844467163,130.1086068142547,0.5150491158167521,100.6280310739832,0.6077234586079916,103.46520162985983,0.6081838607788086
0.7710480213165283,0.3333977381388346,0.7974838256835938,0.496556027730306,0.7763465404510498,0.4775210380554199,0.7375657558441162,0.5420987447102864,0.730170488357544,0.5369829813639323,0.699065113067627,0.6619956970214844,0.699505615234375,0.6581634521484375,0.7920605182647705,0.3508791446685791,0.7869151830673218,0.4870385328928629,149.7478430444682,154.0374971184465,167.14299773564437,171.14028069015166,92.16412386997068,0.41895883878072104,138.64703514767697,0.5120107571283976,131.86927232412074,0.5145686388015747,104.20066653086305,0.5975732167561849,107.8025744501598,0.6020472208658854
0.7704238414764404,0.3294216156005859,0.802034854888916,0.49731343587239585,0.7778001308441163,0.484484608968099,0.739566421508789,0.5287038485209147,0.7340935707092285,0.5294713973999023,0.6928778171539307,0.6404401779174804,0.7007871150970459,0.6331912358601888,0.7919503927230835,0.3507362524668376,0.7899174928665161,0.4908990224202474,142.57995614305682,143.3016836371971,165.74022832820827,169.69723567340395,90.8309511550064,0.4208176374435425,145.35688520943074,0.5101852099100749,143.09987456880467,0.5098014354705811,107.80283370014567,0.5813313166300456,112.67742734842679,0.5845720132191976
0.7682003974914551,0.33530890146891273,0.8030739784240722,0.4987331390380859,0.7774118900299072,0.48422088623046877,0.7389540195465087,0.5262976010640462,0.7310038566589355,0.5305298487345378,0.6819493293762207,0.6332011540730794,0.7043658256530761,0.6811232884724935,0.7906009197235108,0.3487244923909505,0.7902429342269897,0.49147701263427734,141.5440177616834,140.39000025812422,165.66877950915827,170.68408573994202,90.1436823325189,0.4201007525126139,146.60548663286804,0.5110034306844076,145.82700094779656,0.5088873068491617,100.03111963067586,0.6058265686035156,118.06808954257022,0.5797493775685628
0.7681153297424317,0.33886763254801433,0.8022990226745605,0.49778060913085936,0.7765988349914551,0.48295424779256185,0.7381808280944824,0.5344935735066731,0.7310268878936768,0.5378210067749023,0.6767212390899658,0.6124623616536459,0.7049162864685059,0.6985154469807943,0.7919829130172729,0.35011898676554365,0.7894489288330078,0.4903674284617106,147.0765408724047,146.98607742437514,167.1261534148292,175.53161790143562,91.03509744499151,0.4202432076136271,140.91460741571282,0.5140942176183064,139.28162015267566,0.5124305009841919,99.2291063404476,0.6181682268778483,128.24725917952404,0.5734779675801596
0.7684591770172119,0.34377028147379557,0.8068073272705079,0.5008442242940266,0.7819599151611328,0.48726336161295575,0.7433074474334717,0.5313117980957032,0.7335237026214599,0.5358755747477214,0.6791103839874267,0.5969531377156575,0.7054848670959473,0.7029239654541015,0.7910417318344116,0.34821462631225586,0.7943836212158204,0.49405379295349117,141.53639907872926,140.72126693294416,166.47275624211196,176.1165743430656,88.68730288379581,0.4211342096328735,145.50388868136852,0.5149646838506063,143.89075990252852,0.5126827955245972,99.5281980833644,0.6193997701009115,134.36268843084147,0.5641324679056803
0.7707259654998779,0.3468402544657389,0.8081808090209961,0.5119302431742351,0.7810442924499512,0.4988408088684082,0.7414361476898194,0.5313013076782227,0.7321803092956543,0.5364681243896484,0.675666332244873,0.5882420857747396,0.7024911880493164,0.7017152150472005,0.7929616451263428,0.3572055816650391,0.7946125507354737,0.5053855260213216,135.1968455700997,132.46920161824744,165.0485816049196,173.97596731963372,89.36168142885651,0.4312955538431803,153.533062358327,0.5209268252054851,154.0174830966978,0.5183434168497721,100.18538182985537,0.6190916697184244,139.11534439089777,0.5597716967264812
0.7695445060729981,0.34123042424519856,0.8098977088928223,0.5118981043497721,0.7815032005310059,0.5001930872599284,0.7401479244232178,0.5281495412190755,0.7309735298156739,0.5365267435709635,0.6686316013336182,0.5868851979573567,0.7022791862487793,0.7109142303466797,0.7904938220977783,0.3551911989847819,0.7957004547119141,0.5060455958048502,133.38818149694572,127.92683047423766,164.8306691299246,173.06807706583174,88.02326144036816,0.43061839739481605,154.78335632616663,0.5212861696879069,158.30275253522026,0.5170975685119629,99.34392608106377,0.6237204869588215,140.6040728809082,0.5575173695882161
0.772257137298584,0.33050769170125327,0.8021501541137696,0.5110696156819662,0.7725745677947998,0.4974997838338216,0.7351215839385986,0.5329853057861328,0.7223728179931641,0.5371557235717773,0.6644083023071289,0.5947026570638021,0.7059431552886963,0.7065284093221028,0.7884777784347534,0.34784398078918455,0.7873623609542847,0.5042846997578939,136.07827729176478,134.86053460526279,163.61181583319652,175.21611681066938,90.4085102108714,0.42606434027353923,153.17019594883655,0.5207202116648356,151.21600813924377,0.5186350027720134,95.54052923816616,0.6218420664469401,138.88609659415184,0.5638439814249674
0.7709610939025879,0.33443193435668944,0.7973711013793945,0.5029052734375,0.7676239013671875,0.4905702590942383,0.7332772254943848,0.5374738693237304,0.7191733837127685,0.5400712331136067,0.6656938076019288,0.6046695709228516,0.7069960117340088,0.7061205546061198,0.7894981861114502,0.34790711402893065,0.782497501373291,0.4967377662658692,144.48502827440677,146.13122204199968,164.365494395276,177.90412804048097,92.69308941425439,0.42232244014739995,145.6156871912251,0.5184044996897379,140.3878736188284,0.5171058177947998,94.19432753113907,0.6230958938598632,135.16482112409946,0.571071720123291
0.7725460529327393,0.3303331693013509,0.799371862411499,0.504109001159668,0.7688822269439697,0.49253619511922203,0.7298463821411133,0.5416896184285481,0.7175981044769287,0.5446547826131185,0.6664719581604004,0.61570618947347,0.707404899597168,0.7051544825236002,0.791420078277588,0.348598575592041,0.7841270446777344,0.498322598139445,145.48728226125039,146.3094385916689,163.2821138264023,175.50459670603544,92.78866429921156,0.423460586865743,145.14581718505292,0.5214886903762818,141.37722565032308,0.5200061082839966,93.63392769942735,0.6249046325683594,130.5707795206492,0.5786979039510091
0.7745412349700928,0.32975791295369467,0.8010690689086915,0.5086165110270182,0.7685113906860351,0.4907136599222819,0.7224077224731446,0.5415835698445638,0.7149396419525147,0.540943717956543,0.6632864952087403,0.6285575866699219,0.7074466228485108,0.7075980504353842,0.7932147979736328,0.34924287796020503,0.7847902297973632,0.49966508547465005,142.79236646081452,144.10983827977003,162.17097081184744,170.8964046789847,93.20556699289583,0.42445398171742754,149.41877590288985,0.5203044017155964,146.10051941551296,0.520624327659607,92.57436708046775,0.6242708841959635,124.20619423817784,0.5850705782572428
0.7750717639923096,0.3329176902770996,0.8013055801391602,0.5115831057230632,0.7694872856140137,0.4900787353515625,0.7245848178863525,0.5402137120564778,0.7163190364837646,0.5387485504150391,0.7058057308197021,0.712974484761556,0.706822395324707,0.7108651479085286,0.7948484182357789,0.35028165181477866,0.785396432876587,0.5008309205373128,141.3833060340294,143.22936886643035,162.64724942969727,165.63891735363902,93.59250489297348,0.42555628617604574,151.23694936988008,0.519789735476176,147.072116547097,0.5205223162968953,93.15812833267738,0.6248068491617839,96.20369117898328,0.6265940984090169
0.7762138366699218,0.32601184844970704,0.8029354095458985,0.5034967104593913,0.7734034061431885,0.49012912114461266,0.7251263618469238,0.5392117818196615,0.7173134803771972,0.540989367167155,0.6644401550292969,0.6326166152954101,0.7077376842498779,0.7107180277506511,0.7955388784408569,0.34814085960388186,0.7881694078445435,0.49681291580200193,144.02126345240416,144.15194761773543,162.62204626179212,170.67594500199203,92.83775082539535,0.4224768877029419,148.05775295583666,0.5189011414845784,146.0776552912264,0.5180123488108317,93.22910512977842,0.6258536974589031,123.01225108329005,0.5859141985575358
0.7766136169433594,0.32348203659057617,0.8102209091186523,0.5079469045003255,0.7835021018981934,0.49383443196614585,0.7259376525878907,0.5400707880655925,0.7216174602508545,0.5436089833577474,0.7056999206542969,0.7088143666585286,0.7073951244354248,0.7101620356241862,0.7967707633972168,0.34950790405273435,0.7968615055084228,0.5008906682332357,140.75061195555304,139.3076990400029,161.7334013069872,163.16446863216646,89.9656556715577,0.425199286142985,150.41511499411988,0.5222498257954915,151.08263555030854,0.5204807281494142,94.88077384975522,0.6268855094909669,96.83892489958852,0.6244425773620605
0.7766227722167969,0.32577943801879883,0.8065457344055176,0.5106052080790202,0.7767951965332032,0.49144598642985027,0.7262328147888184,0.5421183268229167,0.7202095031738281,0.546449343363444,0.7057750701904297,0.713908322652181,0.7067893505096435,0.7131556828816732,0.7985393047332764,0.3506007035573323,0.7916704654693604,0.5010255972544353,144.24081787636462,142.81126303721805,162.79430526818243,164.81769883650765,92.61447621847262,0.4258131504058838,147.55815674385164,0.5237374703089397,147.87250717007566,0.5215719620386761,94.60248566127872,0.6298025131225586,96.79113012637767,0.6280133247375488
0.7794394493103027,0.3253013610839844,0.8057600975036621,0.5117904980977376,0.7748050212860107,0.4933569590250651,0.7307631492614746,0.5418876647949219,0.7218483448028564,0.5513397216796875,0.6642536163330078,0.6293556213378906,0.7080449104309082,0.7109275182088216,0.7991640329360963,0.3506199359893799,0.7902825593948364,0.5025737285614014,146.53983932570875,143.12366870662242,163.40420825107395,172.41954567482145,93.34504754917165,0.42659683227539064,144.52645440433633,0.5269567251205445,146.55432262937035,0.5222306966781616,94.94345494142432,0.6311336199442545,127.24890143350483,0.5856216430664063
0.7806028842926025,0.32740310033162434,0.8029467582702636,0.5156777064005534,0.7737946510314941,0.49267304738362633,0.7342031478881836,0.5464537938435873,0.725006103515625,0.5509852091471354,0.6703267574310303,0.6235713958740234,0.7071677684783936,0.7103550593058269,0.7989938020706178,0.35090405146280923,0.7883707046508789,0.5041753768920899,146.74849788065657,146.3038181686867,164.8897820927364,174.96116005056282,93.96477834580105,0.42753971417744957,143.54531305619273,0.5275802930196127,142.02754206216142,0.5253145853678386,96.3865583075845,0.6306701342264811,129.63490002998205,0.5850125948588054
0.7813002109527588,0.32357877095540366,0.7969916820526123,0.5194987614949544,0.7684721946716309,0.5012145678202311,0.732069444656372,0.5433226267496745,0.7243201732635498,0.5488298416137696,0.6697707176208496,0.6251876831054688,0.7080145835876465,0.7098357518513997,0.8001217842102051,0.35094774564107256,0.7827319383621216,0.5103566646575928,144.33114538474115,142.53311647065266,165.24875497068038,172.74117043678905,96.22575161512162,0.43065220514933267,146.62891843154338,0.5295932531356812,146.94804408076917,0.5268396457036336,95.78281280268614,0.6293327967325846,127.27087736822355,0.5842551549275716
0.7851605415344238,0.3229815483093262,0.7990211009979248,0.523449198404948,0.7697144508361816,0.5031121889750163,0.7301311492919922,0.5494251251220703,0.7232980728149414,0.5526877085367838,0.6670952320098877,0.6304529190063477,0.7074558734893799,0.7111875534057617,0.8006986379623413,0.3534520785013835,0.7843677759170532,0.5132806936899821,144.0638449184468,143.48365088130387,164.4703480936306,172.85676662243569,95.8340832926638,0.4333663860956828,147.166684490892,0.532984201113383,146.31967499162278,0.5313529094060262,95.7078067459397,0.6319376309712728,127.88128340533419,0.589939022064209
0.7851912975311279,0.32965803146362305,0.8007976531982421,0.5244994481404622,0.7694574356079101,0.5005495707194011,0.7312526702880859,0.5440685907999675,0.7210674285888672,0.5505762100219727,0.6592745780944824,0.6427315394083659,0.7096531867980957,0.7092835744222005,0.8057631731033326,0.3579430421193441,0.7851275444030761,0.5125245094299317,144.44413747676052,142.16664970895752,163.12743320971785,172.08623454306496,97.60366252398688,0.43523377577463784,149.28969362257595,0.5315503597259521,149.65075563272245,0.5282965501149496,94.11363257932533,0.6299298922220866,126.11206662910415,0.5934000651041667
0.7883615016937255,0.33015178044637045,0.8037375450134278,0.5278209686279297,0.7735974311828613,0.5100019137064616,0.7322541236877441,0.540533701578776,0.7251111984252929,0.5424631118774415,0.6671932220458985,0.633975092569987,0.7092447757720948,0.710198720296224,0.8064968824386597,0.3600636641184489,0.7886674880981446,0.5189114411671957,134.37907025768828,133.33251449641494,162.85535118773805,168.29608727732744,96.40418951690309,0.4394875526428223,159.66710963986537,0.5306872765223185,159.02904152147582,0.5297225713729858,95.40363588779692,0.6263309160868327,124.84852875583987,0.5872543970743815
0.7877183437347413,0.32865419387817385,0.8038561820983887,0.5237593332926432,0.7732535839080811,0.5028402646382649,0.7318751335144043,0.5397043228149414,0.7228773593902588,0.5453060785929362,0.6676942825317382,0.6348443349202474,0.7093487739562988,0.7093308130900066,0.806759262084961,0.3600814978281657,0.788554883003235,0.5132997989654541,140.34527034815332,137.60976073504878,162.71390729715193,169.1650107040609,96.77573894901478,0.4366906483968099,154.01888217929002,0.5293029387791952,155.02132418862968,0.5265020608901978,94.71502246243229,0.6273184458414713,124.00335359874069,0.5872743288675943
0.7876183032989502,0.32786871592203776,0.8043081283569335,0.5263270060221354,0.7715057849884033,0.5029550234476725,0.7302164554595947,0.5441230138142904,0.7207751274108887,0.5520420710245768,0.6691408157348633,0.6324866612752279,0.7083383083343506,0.7095435460408529,0.8077088117599487,0.3612152735392253,0.7879069566726684,0.514641014734904,143.61569454633297,140.0295999638686,162.30722929082046,169.42875440182195,97.35421057289506,0.4379281441370646,150.87657363594002,0.5333415428797403,152.9312721085328,0.5293820142745972,94.51488941649806,0.6307928085327148,124.65165191059783,0.5883048375447592
0.791116189956665,0.3317736625671387,0.8009187698364257,0.529614003499349,0.7711783409118652,0.5100422859191894,0.7280259132385254,0.5498785654703776,0.7190183162689209,0.5564119974772136,0.663759994506836,0.6418322881062826,0.7095904350280762,0.7103706359863281,0.8066449880599975,0.3601246198018392,0.7860485553741454,0.5198281447092692,142.6818423309613,139.88528580754715,161.64032770283671,169.88276770608798,97.34868326654949,0.4399763822555542,151.3751123843001,0.5381200710932414,152.61997603884672,0.5348533550898233,93.50421464052623,0.6333913167317708,124.94947421438884,0.59585542678833
0.7912256240844726,0.32828426361083984,0.804714584350586,0.5290591557820638,0.7713016986846923,0.5082915941874186,0.7299967765808105,0.5450072606404622,0.7211763858795166,0.5528189341227213,0.6589267730712891,0.6468380610148112,0.7083964347839355,0.7106278737386068,0.8083642482757568,0.3631723721822103,0.7880081415176392,0.5186753749847413,141.75202735800707,137.7288776250516,162.10384133012568,169.7074371417176,97.45789214240571,0.4409238735834758,152.93804457458432,0.5357471545537313,155.58627031675272,0.5318413178126018,94.62992003706219,0.6317234039306641,124.91205373237894,0.5959226608276367
0.7916259288787841,0.3307294209798177,0.8052740097045898,0.5255452156066894,0.7719042778015137,0.5088486989339193,0.7289175033569336,0.5488416671752929,0.7193963050842285,0.556375249226888,0.6600839614868164,0.6427083333333333,0.7091142177581787,0.7113507588704427,0.8067555904388428,0.36008345286051435,0.7885891437530518,0.5171969572703043,143.51072149071405,140.3473821861143,161.53456250798877,170.57778921826565,96.59560750679327,0.43864020506540935,150.48064148972375,0.5367861032485961,152.06236391669245,0.5330193122227986,93.79581313808247,0.6338630040486654,126.25303857829037,0.5957750002543132
0.7947988510131836,0.33465280532836916,0.8048138618469238,0.5253158887227376,0.7707554340362549,0.5020832697550456,0.7250054836273193,0.5572826385498046,0.7185226440429687,0.558091672261556,0.6634001731872559,0.6427913029988607,0.707971715927124,0.7138025919596355,0.8087470769882202,0.3602235158284505,0.7877846479415893,0.5136995792388916,147.16918646495074,147.79285777301544,162.1313794507195,171.83503034264874,97.77758100303815,0.4369615475336711,147.34297317089036,0.5358956257502239,145.23053257229947,0.5354911088943481,93.87642044262448,0.6359471321105957,125.77112570637904,0.6000369707743327
0.7934659481048584,0.324158509572347,0.8043803215026856,0.5228967666625977,0.7715872287750244,0.4993590354919434,0.725195837020874,0.5547203063964844,0.7201315879821777,0.5552354176839193,0.6627440929412842,0.6401970545450847,0.7091977596282959,0.7117958068847656,0.8098299741744995,0.3620240052541097,0.787983775138855,0.5111279010772705,147.92908398026637,148.48303183852047,162.55901214399867,172.01564161154684,98.33547547140759,0.4365759531656901,146.9739984687128,0.5331816593805949,145.22852832716032,0.5329241037368775,93.99492303004712,0.6335156122843424,126.15292695588727,0.5974586804707845
0.7942975044250489,0.3361867586771647,0.8042838096618652,0.5268911043802897,0.7691498756408691,0.5012218475341796,0.7243390083312988,0.5533384323120117,0.720097541809082,0.5533130645751954,0.6708137512207031,0.6342655817667643,0.7085464477539063,0.7117395401000977,0.8105094194412232,0.3620660940806071,0.7867168426513671,0.5140564759572347,145.81187431842037,146.45247157304328,162.5946612605204,169.52546621663927,98.8968791049786,0.4380612850189209,149.49053736579882,0.5336847702662151,147.7996463845889,0.5336974541346232,94.17013561733299,0.6325263023376465,123.48067011269296,0.593802007039388
0.7925115108489991,0.33329737981160484,0.8064945220947266,0.527126407623291,0.771108865737915,0.5056229591369629,0.7264667510986328,0.5500081380208334,0.7177910804748535,0.5494966506958008,0.669102954864502,0.6323330561319987,0.7083899974822998,0.7108774185180664,0.8090388059616089,0.362153959274292,0.7888016939163208,0.5163746833801269,140.97508776136718,142.0776149946626,160.87266876073585,168.9593606409947,97.4757386463975,0.4392643213272095,154.99391991434013,0.5329356670379639,151.65046665536323,0.5331914107004802,93.33394321249317,0.6301870346069336,124.86868693979359,0.5911705970764161
0.7919455528259277,0.3316022555033366,0.8044684410095215,0.5294263521830241,0.7706457614898682,0.5066801389058431,0.7247097969055176,0.5539498647054036,0.7180945396423339,0.5557258605957032,0.6614473819732666,0.6403827031453451,0.7080477714538574,0.7107531229654948,0.8091196775436401,0.3629878520965576,0.7875571012496949,0.5180532455444335,143.75307722335225,143.58039835298715,161.2865621371553,170.32960752482745,97.91648461709579,0.44052054882049557,151.52706769425674,0.5368895530700684,150.26620274514872,0.5360015551249186,93.70795150459293,0.633239491780599,126.20135540581781,0.5971662839253744
0.7925537109375,0.3380816141764323,0.8070816993713379,0.5332108497619629,0.7730859756469727,0.5063241958618164,0.7291596889495849,0.5492146174112956,0.7195729732513427,0.5496886571248373,0.670651912689209,0.632595952351888,0.7093421459197998,0.7101816813151042,0.8104412794113159,0.36539853413899737,0.7900838375091552,0.5197675228118896,139.2404537016485,139.65087253879437,160.66895812796264,168.42835911113144,97.51254239108232,0.4425830284754435,157.00616382916957,0.5347280899683635,154.203651187779,0.5344910701115926,93.6474554503154,0.6299351692199707,125.05692164999434,0.5909052848815919
0.7907586574554444,0.33573112487792967,0.8055263519287109,0.5372180302937826,0.7741946220397949,0.5112648963928222,0.7296994686126709,0.5478378931681315,0.7206422328948975,0.55407288869222,0.6674622535705567,0.6346340815226237,0.7100272178649902,0.7093022028605144,0.8100970983505249,0.36864824295043946,0.7898604869842529,0.5242414633433023,139.06906534719627,135.58067198653774,160.57709314136773,167.69014555531513,97.41034961323592,0.4464448531468709,156.68510416415467,0.5391571760177611,158.58383319740244,0.5360396782557169,93.9119556689068,0.6316875457763672,125.64241880982621,0.5912359873453776
0.7924479961395263,0.3368165334065755,0.806037712097168,0.5341764450073242,0.7740484237670898,0.5090950012207032,0.730426836013794,0.546008046468099,0.7225117206573486,0.5485645294189453,0.6681236743927002,0.6329612096150716,0.7103196144104004,0.7103228251139323,0.8091370105743407,0.3643087228139241,0.7900430679321289,0.5216357231140136,136.9200477518675,135.65747550557137,161.40549849090365,168.02156064554296,96.91984194309046,0.4429722229639689,158.25985931588778,0.5351001262664794,157.7642615835959,0.5338218847910563,94.31036867563736,0.6294436772664388,125.6221291304347,0.5894846280415853
0.7914077758789062,0.33415438334147135,0.8067858695983887,0.533304754892985,0.7737364768981934,0.5103040059407552,0.7312176704406739,0.5458171844482422,0.7230200290679931,0.5485702514648437,0.6677882194519043,0.633456039428711,0.7103236675262451,0.7103786468505859,0.808226752281189,0.36447930335998535,0.790261173248291,0.5218043804168702,136.5425384546842,135.14098042682812,161.51423110963864,168.24915439660026,96.5146143127353,0.44314184188842776,158.2945789178287,0.5351873159408569,157.86858146362002,0.5338107824325562,94.48654409208099,0.6294744491577149,125.89549543357943,0.5896366119384766
0.7922338485717774,0.32834758758544924,0.8041365623474122,0.5300615628560384,0.7730885505676269,0.5085374514261881,0.7297159671783447,0.5465325673421224,0.7195381641387939,0.5494784037272136,0.6676953315734864,0.6331888834635416,0.710273551940918,0.7105689366658529,0.8093947172164917,0.3592675844828288,0.7886125564575195,0.5192995071411133,138.88700928825241,137.86434697153672,161.0188240784244,168.87723702693467,97.3991701037863,0.43928354581197104,156.39927797246884,0.5343889554341634,155.1847579965544,0.5329160372416178,93.29155956341398,0.6300236701965332,125.59160912906282,0.5898607254028321
0.7941433429718018,0.3320229848225911,0.8069382667541504,0.5297786076863606,0.7730115413665771,0.5047993659973145,0.7307683944702148,0.5465920766194662,0.7216185092926025,0.5441274642944336,0.6688879013061524,0.634208615620931,0.7088834285736084,0.7173227310180664,0.8099945783615112,0.36081082026163735,0.7899749040603637,0.5172889868418376,137.17473927280494,139.42796089758562,162.13831001693134,169.22910529249637,97.29076267591886,0.43904990355173745,158.56375222113977,0.5307082255681356,153.6678021534539,0.5319405317306518,94.20540130207057,0.63072509765625,125.2322224838299,0.5904003461201985
0.7941366195678711,0.33031222025553386,0.8056890487670898,0.5312394142150879,0.7737593650817871,0.508039124806722,0.7315877437591553,0.5439931233723958,0.723237943649292,0.5431922912597656,0.6674447536468506,0.6334224065144857,0.7098062992095947,0.7106782913208007,0.80745370388031,0.3587307929992676,0.7897242069244385,0.5196392695109049,134.04592551555112,134.99859428216928,161.88389593206543,168.58862530008352,96.28769967235885,0.43918503125508623,160.4931077482164,0.5314157803853352,157.2707797159181,0.5318161964416503,94.5850582905649,0.6269352912902832,125.64991346729609,0.5887077649434407
0.7907400608062745,0.33238337834676107,0.8068775177001953,0.5366278330485026,0.7776639938354493,0.5130944569905599,0.7285030841827392,0.5462340037027995,0.7241754531860352,0.5437555313110352,0.6630788326263428,0.6407846450805664,0.7099781990051269,0.7107250849405925,0.8097187042236328,0.36255812644958496,0.7922707557678224,0.5248611450195313,130.77970968604296,132.38297102599213,160.978410751247,166.582798016247,96.13586384619605,0.4437096357345581,164.49227499125868,0.5343083381652832,161.47051611641822,0.5355475743611654,94.86011257563698,0.6272403081258138,124.68127056128787,0.5935093243916829
0.790907335281372,0.33433558146158854,0.8067069053649902,0.537173334757487,0.7767646789550782,0.5151141484578451,0.7330296039581299,0.5378733317057292,0.7243773460388183,0.5445702234903972,0.663341760635376,0.640269406636556,0.7104961395263671,0.7108011881510417,0.8080050945281982,0.3648304144541422,0.7917357921600342,0.526143741607666,130.2506433478663,124.72496981698448,161.02644754999397,165.87103474365807,95.7591083236441,0.4454870780309041,164.70055695008745,0.5353569825490316,168.70099843483302,0.5320085366566976,94.77344023485112,0.6276857058207195,124.23808446937933,0.5890713691711426
0.7914553642272949,0.33499755859375,0.8077680587768554,0.5342432022094726,0.7768686771392822,0.5123209317525228,0.7309008121490479,0.5441492080688477,0.7232351303100586,0.5471243540445964,0.6627969741821289,0.6409084955851237,0.7097486019134521,0.7114251454671224,0.8085496187210083,0.36316741307576494,0.7923183679580688,0.5232820669809977,133.92144098074218,131.9870016591969,160.99748883094372,167.38426541243595,95.78845229054456,0.4432247400283813,160.95921411780796,0.5352032105127971,161.23436709551905,0.5337156375249227,94.69256807207685,0.6292747497558594,125.1397248509379,0.5925288518269858
0.7900423049926758,0.33171459833780925,0.8067165374755859,0.5357930501302083,0.777127742767334,0.5142786343892415,0.7280520915985107,0.5448163350423177,0.7241379737854003,0.5443923314412434,0.6625476837158203,0.6411546071370443,0.7097622394561768,0.7110052108764648,0.8082565069198608,0.36090989112854005,0.79192214012146,0.5250358422597249,130.56660494517982,130.77045580062983,161.09590617789704,166.122666975194,95.68355302835006,0.4429728666941325,164.06274386179558,0.5347140868504842,162.79229699214008,0.5349260886510213,94.93139557824352,0.6276987711588542,124.21341766612925,0.592985471089681
0.7905379295349121,0.3323531150817871,0.8057826042175293,0.5325824737548828,0.7737780094146729,0.5118270556131999,0.7273796081542969,0.5446183522542317,0.7199556350708007,0.5530444463094075,0.6625944614410401,0.6413299560546875,0.7096925735473633,0.711686642964681,0.8076014041900634,0.3611321767171224,0.7897803068161011,0.5222047646840413,138.3758001243474,133.37306252400123,160.7893102648916,166.94296585181453,96.31353609123833,0.44166847070058185,156.17024043912298,0.5376246054967244,160.24231630587522,0.5334115584691366,93.70148570038144,0.6323655446370442,123.81733045785408,0.5929741541544595
0.7896571636199952,0.333077081044515,0.8045802116394043,0.5294981956481933,0.7718673706054687,0.5087456703186035,0.728478193283081,0.547375742594401,0.721027421951294,0.5507054011027018,0.6641547679901123,0.641183344523112,0.7093477725982666,0.7137173970540365,0.8083060026168823,0.3632416089375814,0.7882237911224366,0.5191219329833985,140.1398860834996,138.74777335043683,162.0338325866612,168.97091272406635,97.34103431384155,0.44118177096048994,154.8256551483235,0.5349136670430501,154.69044178730704,0.5332488377888998,94.09818309837857,0.6322113990783691,124.4382467228745,0.5942795435587565
0.7905082702636719,0.33642765680948894,0.8059460639953613,0.5309718132019043,0.7761641025543213,0.511825148264567,0.733046579360962,0.5456413269042969,0.7247113704681396,0.5455331166585287,0.664979362487793,0.6407460530598958,0.7080914497375488,0.7202303568522136,0.8094897747039795,0.36574420928955076,0.7910550832748413,0.5213984807332357,135.23641259340553,135.70293201674536,162.7859192441964,169.0212632765346,96.75428144499402,0.4435713450113932,160.00953361154353,0.5334657986958822,157.31903146257162,0.5335199038187664,95.43451025598584,0.6328817367553712,125.59160314189981,0.5931936899820964
0.7889616012573242,0.3322797139485677,0.8041357040405274,0.5296709378560384,0.7746851921081543,0.509590498606364,0.7300431251525878,0.5472349166870117,0.7242117404937745,0.544188117980957,0.6636929988861084,0.6421371459960937,0.7089196681976319,0.7133886973063152,0.8099147081375122,0.3639871120452881,0.7894104480743409,0.5196307182312012,136.0747157532463,138.48792783657953,162.60533318915597,169.21787420417445,97.5048453246299,0.44180891513824466,159.36088119840093,0.5319094181060791,155.06284731841848,0.5334328174591065,95.16426855610665,0.6287884076436361,124.95901045783168,0.5946860313415527
0.7881637573242187,0.33183167775472006,0.8041890144348145,0.5297330856323242,0.7730983257293701,0.5046695391337077,0.7297231674194335,0.5478796641031901,0.7230032444000244,0.5513233184814453,0.6641281604766845,0.6411977132161458,0.7088629245758057,0.7132890065511067,0.8103290796279907,0.3648282686869303,0.7886436700820922,0.5172013123830159,142.55808702427274,141.27089552927532,162.84995518452473,169.98441966211485,98.09982090254076,0.4410147905349731,152.53313731599135,0.5342623154322306,152.49519586232807,0.5325404882431031,94.98952342153736,0.632306162516276,125.10410285334632,0.594538688659668
0.7891535758972168,0.33530302047729493,0.8044588088989257,0.5299062410990397,0.7713931560516357,0.5103288650512695,0.7313376903533936,0.5434869766235352,0.7235921382904053,0.5465735117594401,0.6643539905548096,0.6409637451171875,0.7093765258789062,0.7124370574951172,0.8089804887771607,0.36582517623901367,0.7879259824752807,0.5201175530751546,137.64068399912497,136.04586348389532,162.68197926951805,168.85696960616312,97.7705020113957,0.44297136465708414,157.64610150950816,0.5333455324172973,157.56070774033225,0.5318022648493449,94.89865936725576,0.6295052846272786,124.4959169714274,0.5922253608703614
0.7894706726074219,0.33387943903605144,0.8029974937438965,0.5356988906860352,0.7721040725708008,0.5140744527180989,0.732110595703125,0.5406203587849935,0.7219622135162354,0.5490025838216146,0.6623769283294678,0.6409921646118164,0.7095052242279053,0.7122032801310222,0.8105949878692627,0.36796852747599285,0.7875507831573487,0.524886671702067,136.27368898643167,130.2893981356845,161.74580529083252,167.63735786238715,98.35445142646456,0.44642759958902994,159.812298232001,0.5369446277618408,164.1562857571689,0.5327535152435303,94.36488107273354,0.6306029319763184,124.78977756044966,0.5908062616984049
0.7893774509429932,0.3329249064127604,0.8033661842346191,0.5356000264485677,0.7738832473754883,0.5135018348693847,0.732791519165039,0.5420743306477864,0.7234213829040528,0.545818583170573,0.6640690803527832,0.6417573928833008,0.7095136642456055,0.7123708724975586,0.8101489305496216,0.3676719347635905,0.7886247158050537,0.5245509306589762,134.02331249302642,131.34462392651372,161.93217018668008,167.84158217530572,97.81235534565845,0.44611143271128334,161.93500392563791,0.5351847569147745,162.57539351135802,0.5333126306533813,94.77333083039433,0.6290947278340657,124.58274418810123,0.5919158617655436
0.7886873722076416,0.33312740325927737,0.8026080131530762,0.5309162139892578,0.7707914352416992,0.5113298416137695,0.728131914138794,0.5464241663614909,0.7212863445281983,0.5486545562744141,0.6628232955932617,0.6413110097249349,0.7095265865325928,0.7121628443400065,0.8102621555328369,0.3657321612040202,0.7866997241973877,0.5211230278015136,138.7643946207835,137.80751725836944,162.11679726907045,168.67299676770236,98.62226608139339,0.4434275945027669,157.17449103533934,0.5348887920379639,156.63578362743212,0.5337735970815023,94.11371399013859,0.6304087003072103,124.53881878876359,0.5938675880432129
0.7891912460327148,0.33456608454386394,0.802578353881836,0.5349020004272461,0.7696251392364502,0.5125562667846679,0.7306365013122559,0.5468977610270183,0.723380708694458,0.5509164810180665,0.6636509895324707,0.6411830266316731,0.7092755794525146,0.7128026962280274,0.809109902381897,0.3652159690856933,0.7861017465591431,0.5237291336059571,138.21557208997834,136.03184669901984,162.86624146356317,169.1988951092615,98.25879381823015,0.4444725513458252,156.5649771546203,0.5373228073120118,157.3290073778959,0.5353134473164877,94.97959969681365,0.6318595886230469,125.39211011036012,0.5940403938293457
0.7890785694122314,0.32938060760498045,0.8027912139892578,0.5352814992268881,0.7713820457458496,0.5126880327860515,0.7322410583496094,0.5425546010335286,0.7223814487457275,0.5447466532389323,0.6647362232208252,0.6398279825846355,0.7097023963928223,0.7122451146443685,0.8096506357192994,0.3646148999532064,0.7870866298675536,0.5239847660064698,133.63881671817128,132.21589246072534,161.98377078031862,168.19462941537503,98.05852627461172,0.4442998329798381,162.21017427237567,0.534365709622701,161.29472016074084,0.5332696835199993,94.32883627723984,0.6284958839416503,124.75949841666875,0.591191291809082
0.7898247241973877,0.3280369758605957,0.8023129463195801,0.535286013285319,0.7711252689361572,0.5141408284505208,0.7297616004943848,0.5467511494954427,0.7217442512512207,0.5453810373942057,0.6644020080566406,0.6402067184448242,0.709707498550415,0.712857437133789,0.8093146800994873,0.3643231709798177,0.7867191076278686,0.5247134208679198,133.45635026686355,134.71323770432465,161.85045835782034,168.32399967155862,98.01898331986347,0.44451829592386877,162.35484168040648,0.5350472291310628,158.847785486514,0.5357322851816813,94.11085578619921,0.6291192372639973,124.96761074753945,0.5934789339701334
0.7893423557281494,0.3262890497843424,0.802226448059082,0.5378531773885091,0.7748695373535156,0.5183718363444011,0.7296829223632812,0.547849464416504,0.7227227210998535,0.5438458124796549,0.6643733024597168,0.6405057271321615,0.7096408367156982,0.7131064732869467,0.8106946468353271,0.3663611094156901,0.7885479927062988,0.5281125068664552,129.8081614410572,132.59061769560483,161.31937053209725,167.32737941624026,97.79633830853044,0.44723680814107264,166.55757680071363,0.535979159673055,161.46413550747747,0.5379809856414796,94.41951268873562,0.6284761428833008,125.17844769758102,0.5941775957743327
0.7889660835266114,0.3282313346862793,0.8034450531005859,0.5354174296061198,0.7756948947906495,0.5110625584920248,0.7286218643188477,0.5521688461303711,0.7207777976989747,0.5557527542114258,0.6671477794647217,0.6346802393595378,0.7098278045654297,0.7094356536865234,0.8123505353927613,0.36637099583943683,0.7895699739456177,0.5232399940490723,141.10189161349862,139.6496437933556,160.8914309428228,168.99891545724262,98.26274863538961,0.4448054949442546,154.70350781569527,0.539496374130249,154.60877499644684,0.5377044200897216,94.07546930061444,0.6325942039489746,126.68749359061479,0.5934245427449545
0.7889750480651856,0.3286794026692708,0.8037690162658692,0.5366587956746419,0.7757539272308349,0.5110347429911296,0.7279639720916748,0.5535548528035482,0.7213956356048584,0.5531922658284505,0.6634314060211182,0.6402734120686849,0.7097409248352051,0.7095226923624675,0.812239694595337,0.36614532470703126,0.7897614717483521,0.5238467693328858,139.13574314046437,139.88797293511115,160.94907564013366,169.3190588599498,98.11210136970965,0.44499604701995854,156.7689524779598,0.5385195175806681,154.32488097201087,0.538700811068217,94.26361472040682,0.631357479095459,126.65518325410649,0.5969141324361166
0.7892664432525635,0.32849327723185223,0.8043824195861816,0.535215950012207,0.7764183521270752,0.5109176953633626,0.7253746509552002,0.5560626983642578,0.7210655212402344,0.5540390650431315,0.663414716720581,0.6399005254109701,0.7096678733825683,0.70963560740153,0.8120006322860718,0.3656830151875814,0.7904003858566284,0.5230668226877848,139.8410257850972,141.37085030577268,160.79028593110624,169.08181078720025,97.81477448939185,0.4443749189376831,155.92943766605296,0.5385529438654582,153.09548903084558,0.5395647605260213,94.18950731828735,0.6318373362223307,126.46607188035784,0.597981611887614
0.7879789352416993,0.32904672622680664,0.806521987915039,0.5320568084716797,0.7798664569854736,0.5117643674214681,0.7273580074310303,0.5512867609659831,0.7188278198242187,0.5505130132039388,0.6631574153900146,0.6433495839436849,0.7078881740570069,0.7141291936238606,0.812171721458435,0.36442691485087075,0.7931942224502564,0.521910587946574,137.67659504879427,138.45926487640742,159.89368972135472,167.93208871816685,96.87126986673935,0.44316875139872236,158.9625140031594,0.5362118005752563,155.9535322413152,0.5365986744562785,93.82519627484467,0.6323211034138997,124.8902352766784,0.597318172454834
0.7896478652954102,0.3281188646952311,0.8036609649658203,0.5360939025878906,0.773892879486084,0.515238094329834,0.72978515625,0.546893310546875,0.7199858665466309,0.5553986231486002,0.663556718826294,0.639982795715332,0.7093733310699463,0.7107111612955729,0.811301326751709,0.3648932139078776,0.7887769222259522,0.5256659984588623,138.9847148301058,133.91768428188607,160.68459822035044,167.82368881560933,97.9752777813177,0.4452796061833699,156.62520595856927,0.5405323108037312,160.2094846657449,0.5362796545028686,93.90895548603876,0.6330548922220866,125.42991760707622,0.5934380531311034
0.7880250930786132,0.3289282480875651,0.8029714584350586,0.5292985916137696,0.7732474327087402,0.5109550476074218,0.7288476943969726,0.5506195704142253,0.7188148498535156,0.5552755355834961,0.664915132522583,0.6394483566284179,0.7082892417907715,0.7218194961547851,0.8085315465927124,0.36310782432556155,0.7881094455718993,0.5201268196105957,141.92206782175782,140.25104831610622,162.02503103186118,169.8287329323335,97.41036824795289,0.4416173219680786,153.104234322423,0.5377011775970459,152.77220755909974,0.5353731950124105,93.61629381036401,0.6385475158691406,125.74362102070081,0.5950339635213215
0.7876996517181396,0.3286949475606283,0.8038017272949218,0.5330432256062826,0.7766423702239991,0.5115462938944498,0.7255148887634277,0.5559364954630533,0.7194733142852783,0.5503389358520507,0.6619074821472168,0.6420419057210286,0.707609748840332,0.716517448425293,0.8113242626190185,0.3651495615641276,0.7902220487594604,0.5222947597503662,138.0036102787192,141.68682757019053,161.04105067845467,169.47579479138946,97.6482003159694,0.4437221606572469,158.3770609328417,0.5363168478012085,152.52974178046577,0.5391156276067097,94.08344594629766,0.6334281921386719,126.45385903979249,0.598989200592041
0.7894576072692872,0.33397588729858396,0.8030038833618164,0.5371984481811524,0.7779529094696045,0.5106953938802083,0.7238861560821533,0.558146603902181,0.7190965175628662,0.5478416442871094,0.6625142574310303,0.6416945139567057,0.7076927185058594,0.714909553527832,0.8144586086273193,0.3674323876698812,0.7904783964157105,0.5239469210306804,136.3680832169927,142.58720800097575,160.46728013122728,168.9189838751331,98.71077464043069,0.4456896543502808,161.49229047212773,0.5358942826588948,152.81639188049473,0.5410467624664307,93.90486494541456,0.6313755989074707,126.29993646510135,0.5999205589294434
0.7872547149658203,0.3303473154703776,0.8024226188659668,0.532853635152181,0.774950361251831,0.5107138315836589,0.7215896606445312,0.5574076970418295,0.7177013874053955,0.5502607345581054,0.6651097297668457,0.6406226476033529,0.7078481197357178,0.7142398834228516,0.8118172645568849,0.3658743381500244,0.7886864900588989,0.5217837333679199,138.90012540885203,143.18953983808032,160.6545617634201,168.04599093031706,98.43886654763294,0.44382903575897215,158.1408884010202,0.5360222339630127,152.03466401697443,0.5395957152048747,93.43868511516196,0.6322503089904785,124.1656546136549,0.5990151723225912
0.7896204471588135,0.3315155347188314,0.8021025657653809,0.533344841003418,0.773711109161377,0.5099859555562337,0.7230515003204345,0.5582370122273763,0.7189317226409913,0.5495652516682943,0.6627679347991944,0.6426692962646484,0.7080942630767822,0.7141466776529948,0.8109666585922242,0.36238319079081216,0.7879068374633789,0.5216653982798258,138.20565108784956,143.59287287429885,161.24601449519528,169.56391546544052,98.23766897132718,0.442024294535319,157.977082321071,0.5356153249740601,150.58155700353348,0.5399512052536011,93.7674090072139,0.6318559646606445,125.52634878610993,0.6004531542460123
0.790462875366211,0.3339421272277832,0.8039253234863282,0.5359917958577474,0.7795701503753663,0.5124070485432942,0.7241855144500733,0.5567160924275716,0.7197623729705811,0.5480984369913737,0.6648795127868652,0.6403203964233398,0.7079655647277832,0.7135207494099934,0.8138291358947753,0.3658098856608073,0.7917477369308472,0.5241994222005208,135.66126724568423,140.85409547783487,160.20776039990255,167.8180677280811,97.93656433905193,0.4450046539306641,161.63392395531176,0.5361489295959473,154.2991955062952,0.5404577573140462,94.07904473806883,0.6308095932006836,125.35057125190887,0.5985182444254558
0.7902210235595704,0.3366762479146322,0.8048751831054688,0.5356333414713542,0.7794692516326904,0.5132267316182454,0.7257183074951172,0.5531359990437825,0.7198469161987304,0.5450210571289062,0.6647851467132568,0.6412793477376302,0.7073842525482178,0.7143056233723958,0.8122824430465698,0.36585168838500975,0.7921722173690796,0.5244300365447998,133.1813852640458,138.16951373043622,160.1475929285303,167.18542081669042,97.22742532577475,0.4451408624649048,164.10834140934287,0.534725546836853,156.63720068234355,0.5387830177942912,94.210497123085,0.6296633402506511,124.65595737757873,0.5972076733907064
0.7888302803039551,0.32533884048461914,0.8061793327331543,0.5307229042053223,0.7770391941070557,0.5101577440897623,0.7282276630401612,0.5453530629475911,0.720853853225708,0.5506996154785156,0.6648100852966309,0.6415849049886068,0.7094018459320068,0.7125080744425456,0.8089184761047363,0.3597436269124349,0.7916092634201051,0.5204403241475424,137.912573391544,134.95402285844827,160.87682806006327,167.07875247197134,96.147829133512,0.44009197552998863,156.84551946959905,0.535569969813029,158.54222138013435,0.5328966935475667,94.04836305134641,0.6316038449605306,123.38521168097935,0.5934689839680989
0.7890523910522461,0.3267590840657552,0.8053142547607421,0.5309540430704752,0.7751287460327149,0.5098467508951823,0.7288919925689697,0.5453269322713216,0.7206174373626709,0.5497146606445312,0.6646978378295898,0.6422362645467122,0.7093481063842774,0.7126532872517903,0.8077126979827881,0.3592091719309489,0.7902215003967286,0.5204003969828288,137.4076729744812,135.07122178312846,161.14183254793917,167.6669327584653,96.19305347193941,0.43980478445688886,157.16124896054748,0.5350575288136801,157.88139252039838,0.5328636646270752,93.9564498040462,0.6311839739481608,123.52107181946741,0.5937815984090169
0.7889714717864991,0.3340562502543131,0.8061787605285644,0.5317743301391602,0.7776909828186035,0.5119002024332683,0.7309054851531982,0.5422955830891927,0.7229343891143799,0.5462101618448894,0.6689009666442871,0.636061414082845,0.7101146697998046,0.7110326766967774,0.8064490556716919,0.36004560788472495,0.7919348716735839,0.5218372662862143,133.61596577919858,131.04648387037432,161.06070637695322,166.3489591592508,95.12623068470937,0.4409414370854696,160.54535815680035,0.5340237140655518,161.46777937116136,0.5320664246877035,94.44745063281344,0.6286214192708334,123.47546282596788,0.5891784985860189
0.7891517162322998,0.33149185180664065,0.8060771942138671,0.5316318511962891,0.7771492958068847,0.5114257176717122,0.7300675868988037,0.5437559127807617,0.721537446975708,0.5468849182128906,0.6652529239654541,0.6413893381754557,0.7095942020416259,0.7114856084187825,0.8090143918991088,0.36311899820963545,0.7916132450103759,0.5215287844340006,135.34764142403293,133.46469910136918,160.79645566389536,167.0663366230753,96.26874664712642,0.44232389132181804,160.1079168278044,0.5342068513234457,160.14288541398653,0.5326423486073812,94.15004585753393,0.6291852633158366,123.57848609055091,0.5925726254781087
0.7879007816314697,0.33296019236246743,0.8047510147094726,0.5335294087727864,0.7747467041015625,0.512938404083252,0.7285358905792236,0.5432095845540365,0.722246789932251,0.5443083445231119,0.6653017997741699,0.6407710393269856,0.7096281528472901,0.7116600672403971,0.8074944496154786,0.3604272524515788,0.7897488594055175,0.5232339064280191,132.21112752791765,131.4365443796442,161.27636338034455,166.313485793584,96.22056502936313,0.441830579439799,162.66141034641876,0.5337711254755655,161.92689970183235,0.5332217454910277,94.31205074747795,0.6279842058817545,122.94913842943008,0.591990311940511
0.7874775886535644,0.3354150454203288,0.8051627159118653,0.5356526692708333,0.779309892654419,0.5186087926228841,0.7289237976074219,0.5435008366902669,0.7211171627044678,0.5475100199381511,0.6654218673706055,0.6411149342854817,0.7096977710723877,0.7130268732706706,0.8116620063781739,0.36634006500244143,0.7922363042831422,0.5271307309468587,132.5446251927233,129.5305985588103,160.0053272367596,164.99568542657087,96.88872410444351,0.44673539797465006,164.01027109625795,0.5373203754425049,165.5030721746651,0.5353157838185628,93.94671461463808,0.6302684466044108,123.04563519292766,0.5923078854878743
0.788342809677124,0.3405608812967936,0.805379581451416,0.5341968536376953,0.777763032913208,0.5136980692545573,0.7310492515563964,0.5415246327718098,0.7236629009246827,0.5433387120564779,0.6701300621032715,0.6342962900797526,0.7104640960693359,0.7105055491129557,0.8103646278381348,0.3651787757873535,0.7915713071823121,0.5239474614461264,131.88661823784176,130.41153132835987,161.01719919948965,165.55137352839955,96.75064358028027,0.4445631186167399,164.06330288955073,0.5336430867513021,163.80533530797968,0.5327360471089682,94.5144731583643,0.6269221305847168,123.29119813128212,0.5879104614257813
0.7871081352233886,0.33532864252726235,0.8059680938720704,0.5341843922932943,0.7778856754302979,0.5165932337443034,0.7333173751831055,0.5396921157836914,0.7240615844726562,0.5439269383748372,0.6702419281005859,0.6354957580566406,0.7102887153625488,0.7105384826660156,0.8101940393447876,0.3671030203501383,0.7919268846511841,0.5253888130187989,131.24933691816364,127.72432914654162,160.93143164958659,165.50066090078732,96.58316255590309,0.4462459166844686,164.72177546234832,0.5346578756968181,166.28538045372687,0.5325404644012451,94.7255856580549,0.6272327105204264,123.3602099613442,0.5875939369201659
0.7869441986083985,0.3346184412638346,0.8068093299865723,0.5354973475138346,0.7789121627807617,0.5172434171040853,0.7332502365112304,0.5427218755086263,0.7263584136962891,0.5414023081461589,0.6698745727539063,0.6314148585001628,0.7092322826385498,0.7119991302490234,0.8098878383636474,0.3684093157450358,0.792860746383667,0.5263703823089599,128.51038151745723,129.07224297842947,161.48042796780297,166.048917616521,96.15232681135414,0.44738984902699785,167.26312711037698,0.5338863452275594,164.6607473257515,0.5345461289087932,95.73268849356192,0.6267007191975911,125.54774296926297,0.5870683670043946
0.7862577438354492,0.3364627520243327,0.8076857566833496,0.5322566986083984,0.7783113479614258,0.5125299453735351,0.7315359592437745,0.5422915140787761,0.7237312316894531,0.5441396077473958,0.6697176933288574,0.6329708099365234,0.7087401390075684,0.7114991505940755,0.8088551759719849,0.3652026812235515,0.7929985523223877,0.5223933219909668,132.87092375579078,131.52577642736193,161.10261479563155,166.17390257669462,95.76023266700615,0.44379800160725913,162.57046184598676,0.5332664648691813,162.0609118173065,0.5323424180348715,95.11856159875627,0.6278193791707356,124.28319895461347,0.5876311620076498
0.7838434219360352,0.33637822469075523,0.8064420700073243,0.5351145426432292,0.7786673069000244,0.514899222056071,0.7280301570892334,0.5466168721516927,0.720747423171997,0.5466047286987304,0.6679527759552002,0.641041628519694,0.7090207576751709,0.7109354654947917,0.8090594053268433,0.3697036266326904,0.7925546884536743,0.5250068823496501,133.26912068941587,133.12485410110094,159.88830230642793,165.4274100546775,96.06628900327341,0.44735525449117025,163.2600148301348,0.5358058055241903,161.48372388146595,0.5358118772506715,94.08171621767693,0.6287700970967611,122.4663979734042,0.5938292503356934
0.7838786125183106,0.33660656611124673,0.8073756217956543,0.5338871637980144,0.7814111232757568,0.5150383631388347,0.7321200370788574,0.5397071202596029,0.7257437229156494,0.533594258626302,0.6662455081939698,0.6440428415934245,0.7083034515380859,0.7068706512451172,0.807031011581421,0.36444838841756183,0.7943933725357055,0.5244627634684245,123.24455195987015,126.89870875866694,160.48185053600457,165.28630695257164,94.51574108831187,0.4444555759429931,172.42322708930527,0.5290285110473633,166.24464526388877,0.5320849418640137,95.74746508640891,0.6202324549357097,122.26711862655017,0.5918749809265137
0.783476448059082,0.34093166987101237,0.8048291206359863,0.535795021057129,0.7801584243774414,0.5141288757324218,0.7255515098571778,0.5484186808268229,0.7220355033874511,0.5435919443766276,0.664446496963501,0.6485304514567057,0.7098948001861572,0.7050332387288412,0.8067116737365723,0.36564733187357584,0.7924937725067138,0.5249619483947754,130.25849412689482,133.2543427037608,159.65966530281335,165.37879208624148,95.09980393886981,0.4453046401341756,165.18926887225405,0.5342769463857016,160.689414411167,0.5366903146107991,94.30066039418429,0.6243125915527343,121.39855191636585,0.5984745661417643
0.7817009449005127,0.3400653521219889,0.8044978141784668,0.5315999666849772,0.7787058353424072,0.5086021741231282,0.7220650672912597,0.5607163747151692,0.7210745334625244,0.5542823155721028,0.6650366306304931,0.6537296930948894,0.7098600387573242,0.708775520324707,0.8064849615097046,0.3649423281351725,0.7916018247604371,0.5201010704040527,140.13719993467853,143.61474509310207,160.72744688287904,168.0683590764914,95.4791621053176,0.4425216992696126,154.14272445902816,0.5371916929880778,149.71148486257812,0.540408722559611,94.15175683034823,0.6315289179484049,121.51334413105782,0.6072230339050293
0.7813121795654296,0.3480888684590658,0.8055831909179687,0.5294156392415365,0.778409481048584,0.5069784164428711,0.7235507488250732,0.5612064361572265,0.7192054748535156,0.5578226089477539,0.6694111347198486,0.6546166102091472,0.7093076229095459,0.7057807922363282,0.8038662910461426,0.3649639288584391,0.7919963359832763,0.5181970278422038,142.2632436353227,144.40183069181288,160.03882937331315,168.15362629719067,94.42947954462838,0.44158047835032144,151.43719837014362,0.5380098183949789,147.85582526573305,0.5397017319997152,93.82717225375067,0.6318017005920411,120.09615720083593,0.6079115231831869
0.778184175491333,0.348686154683431,0.8042932510375976,0.5287016232808431,0.780535078048706,0.5053531328837076,0.7259891510009766,0.5517093022664388,0.7253680229187012,0.543895149230957,0.6721459865570069,0.6558618545532227,0.7095662117004394,0.7028916676839193,0.802035927772522,0.36610891024271647,0.7924141645431518,0.5170273780822754,135.16519626242348,139.85060378530707,161.65103058821995,166.43594505886068,93.64793863562296,0.4415681441624959,158.1622697239354,0.5304612636566162,152.4299729805478,0.5343683401743571,95.67568237949368,0.6233934084574382,117.33735542800905,0.6037855784098307
