0,1,2,3,4,5,6,7,8,9,10,11,12,13,14,15,16,17,18,19,20,21,22,23,24,25,26,27,28,29,30,31
0.7335598468780518,0.338552729288737,0.7914102077484131,0.5285798708597819,0.7640823364257813,0.5031241099039714,0.7127384185791016,0.5815351486206055,0.6734763145446777,0.5338480631510417,0.694757604598999,0.7146584828694661,0.6911840438842773,0.6960678100585938,0.7642247200012207,0.3560764789581299,0.7777462720870971,0.5158519903818766,126.83556757458679,148.1596790015476,148.114166309531,165.03498605129036,85.16267392403141,0.4359642346700032,170.20772434122688,0.5248500267664591,134.70394470065452,0.548693569501241,83.77032111427383,0.6149579366048177,97.69232122928094,0.6480968157450357
0.7319132328033447,0.3391464869181315,0.7891342163085937,0.5285086631774902,0.7614737510681152,0.5015379269917806,0.711655569076538,0.5893306096394857,0.6749816417694092,0.5328395525614421,0.6882972717285156,0.7096572240193685,0.6861074924468994,0.696621322631836,0.7638067722320556,0.358488400777181,0.7753039836883544,0.5150232950846354,127.06724857488723,152.14846520003096,149.95467672803625,166.89989994000697,85.79926919027965,0.4367558479309082,169.9298245347561,0.5239314238230388,130.58192264090636,0.5521769523620605,86.11381387194288,0.614730437596639,100.98585482473968,0.6494939168294271
0.725518798828125,0.32242708206176757,0.7892553806304932,0.5261606216430664,0.7645700454711915,0.49920695622762046,0.7106621742248536,0.5899641036987304,0.6752482414245605,0.5371357599894205,0.6824859619140625,0.7143898010253906,0.6666486740112305,0.6847194035847982,0.7626865386962891,0.35320253372192384,0.7769127130508423,0.5126837889353435,128.9492155741352,151.78715061857199,150.67747886994744,167.67324348932416,84.90254790491788,0.43294316132863364,166.47629477258408,0.5249097744623821,130.60568330323542,0.551323946317037,93.3348032251029,0.6109275817871094,102.75944032872039,0.6521769523620605
0.7214291572570801,0.3172354062398275,0.7900153160095215,0.5327885627746582,0.7609950065612793,0.49935792287190756,0.70523042678833,0.5886972427368165,0.6733357429504394,0.5324201583862305,0.677719259262085,0.7113454818725586,0.6694715976715088,0.6802151362101237,0.7614587306976318,0.3554683526357015,0.7755051612854004,0.5160732428232829,125.56373335169953,149.49643442275703,148.63573165638317,166.04252346365016,85.00165571130924,0.43577079772949223,170.90982771951948,0.5242467006047566,134.05813813404345,0.5523852427800497,91.49767463030823,0.606317647298177,102.64272258274433,0.6500213623046875
0.7175418376922608,0.31604010264078775,0.7882085323333741,0.5337764739990234,0.7579792022705079,0.5004659970601399,0.705926513671875,0.5883717854817708,0.6722464561462402,0.5315155665079753,0.677060890197754,0.7146196365356445,0.662733793258667,0.6831132888793945,0.756342887878418,0.35557557741800944,0.773093867301941,0.5171212355295817,123.67021008520226,148.9094425849294,149.97255866399047,166.94767874263886,84.0800472714001,0.4363484064737956,171.8768252518654,0.5243184010187785,133.3103190776063,0.5527465105056762,93.59056690272328,0.6073144276936848,102.87887106017385,0.6514957110087076
0.7159986019134521,0.32281710306803385,0.796919870376587,0.5292312304178873,0.7597620010375976,0.4961007754007975,0.7088449954986572,0.5892669677734375,0.6727343082427979,0.5340957005818685,0.6780505657196045,0.7201330184936523,0.6653282642364502,0.6777305603027344,0.757488489151001,0.3548229376475016,0.7783409357070923,0.5126660029093424,126.77393307953069,149.5058979137053,148.5538675309189,167.44221780794206,82.47430679917579,0.433744470278422,168.52928888078796,0.5233808517456054,132.21576958611124,0.5509664853413899,92.95164849516912,0.6059131304423014,103.24152295988348,0.6546999931335449
0.7105367660522461,0.3164624532063802,0.7942902088165283,0.5204999923706055,0.7578044891357422,0.4939083735148112,0.7069130897521972,0.5872991561889649,0.6716523170471191,0.5299801508585612,0.6797370910644531,0.7174032211303711,0.6655013561248779,0.6747547149658203,0.755677843093872,0.3536529541015625,0.7760473489761353,0.5072041829427083,127.7867108718241,150.98984323855493,149.01692108732,167.18165744498268,82.4434853169648,0.4304285685221354,167.69257616637458,0.5185921669006348,130.799234621334,0.5472516695658366,92.43283258139145,0.6023674329121907,101.79824604687703,0.652351188659668
0.7080000400543213,0.3180112838745117,0.7921757698059082,0.5229378700256347,0.7618188858032227,0.49795141220092776,0.707093334197998,0.5846301396687825,0.67026686668396,0.5265174547831217,0.6797713279724121,0.7181029637654622,0.665326452255249,0.6749404907226563,0.7510265827178955,0.3505398909250895,0.7769973278045654,0.5104446411132812,123.21532862084312,147.33142440563634,147.73513977185084,166.4796008049346,80.77492322219666,0.4304922660191854,171.4360330275917,0.5184810479482015,133.29800216569743,0.5475373903910319,91.90644546461088,0.6007289727528891,101.56867882507407,0.6513665517171223
0.7027506828308105,0.3159433046976725,0.7923452854156494,0.5313180605570476,0.7570668220520019,0.4999880154927572,0.7065644264221191,0.5842171986897786,0.6711212158203125,0.5279353459676107,0.6792840480804443,0.720531972249349,0.6661642551422119,0.6780120849609375,0.7441802740097045,0.352401065826416,0.7747060537338257,0.5156530380249024,119.35967718754894,144.39390701540054,148.12787125516923,166.3433067195039,79.40881537050382,0.43402705192565916,173.23787168851544,0.5217941919962565,134.82290946779443,0.5499351183573404,91.89176360295471,0.602973715464274,101.31697412221166,0.6523745854695637
0.6999712467193604,0.31234448750813804,0.7918162822723389,0.5213371276855469,0.7580535411834717,0.4973310470581055,0.7064480304718017,0.5844566345214843,0.6706213474273681,0.528615125020345,0.6809474945068359,0.7213691075642904,0.663775110244751,0.6785236358642578,0.7480738878250122,0.3564570903778076,0.7749349117279053,0.5093340873718262,124.69480854223275,147.99208029485342,149.30939858657416,166.64472079539252,80.0346491609182,0.4328955888748169,169.5277956161269,0.5189746061960856,132.3544535033074,0.5468953609466553,92.61484903317891,0.6035693804423015,100.55069004759127,0.6529128710428873
0.6981059551239014,0.3203073819478353,0.7963538646697998,0.523057206471761,0.7636071681976319,0.5012592315673828,0.7071300506591797,0.5825700759887695,0.6712519645690918,0.5281737009684245,0.6815883159637451,0.7154197692871094,0.6662607192993164,0.6771724700927735,0.7446408987045288,0.3534358501434326,0.7799805164337159,0.5121582190195719,121.1614282327363,143.3220495969962,147.34588672843762,165.05282346335312,77.44780964659044,0.43279703458150226,171.62070902330743,0.5201659599939983,135.97519359857642,0.5473641475041707,91.91860907262051,0.6026730855305991,100.88291381846328,0.6489949226379395
0.6972506523132325,0.32657299041748045,0.7912590026855468,0.5206154187520345,0.7590230464935303,0.4994063377380371,0.7042213916778565,0.5836510976155599,0.6700038909912109,0.529039223988851,0.6799126148223877,0.7186555862426758,0.6657186985015869,0.676630147298177,0.7398773670196533,0.35274542172749834,0.7751410245895385,0.5100108782450359,121.87942108425801,144.85632954254183,148.36933762742004,165.67461962875157,77.36160692247292,0.4313781499862671,169.7413168681866,0.5195250511169434,133.9218325826199,0.5468309879302979,91.66307305574696,0.6028346856435141,100.20724954509853,0.6511533419291178
0.6981936454772949,0.345895512898763,0.7954080104827881,0.5174695332845052,0.7562585830688476,0.49347743988037107,0.7066624641418457,0.5863199869791667,0.6698229312896729,0.5292331059773763,0.6804641723632813,0.7229655583699545,0.6677503108978271,0.683554204305013,0.7396807670593262,0.353530216217041,0.7758332967758179,0.5054734865824382,124.31498887033959,147.52312762995234,149.51454171795206,167.17609884318188,76.61622393198176,0.4295018513997396,167.36731972874924,0.5173532962799072,130.54970985465502,0.5458967367808024,90.76946874309549,0.6063936551411946,100.85329590295868,0.6546427726745605
0.6956900596618653,0.34261837005615237,0.7950029850006104,0.5185918807983398,0.7574803352355957,0.49803667068481444,0.7075604915618896,0.589817492167155,0.6705414295196533,0.533855946858724,0.6805131912231446,0.7235909144083659,0.6690990447998046,0.6842700322469075,0.7402726888656617,0.35554410616556803,0.776241660118103,0.5083142757415772,124.94334060121693,147.82877766424616,149.2114321857118,167.45679785270977,76.75128941275312,0.43192919095357263,166.41531543170893,0.5210851113001506,130.12018475175296,0.5490658839543661,90.5494167891148,0.6090629895528157,101.43039003722556,0.6567042032877604
0.6987225532531738,0.3477440516153971,0.7925978660583496,0.519228172302246,0.7556192398071289,0.49671459197998047,0.7084728240966797,0.5906800587972005,0.6696785449981689,0.5333796183268229,0.6823516368865967,0.7216409683227539,0.6674749851226807,0.6793607076009115,0.7398767471313477,0.3555532296498617,0.7741085529327392,0.5079713821411133,125.2165649545675,149.17277697832628,148.97610432667855,168.03974894665356,77.34190159852865,0.4317623058954875,166.32540754643702,0.520675500233968,128.43471807614392,0.5493257204691568,90.86480443117831,0.6063701629638671,101.28006360715038,0.6561605135599773
0.6976486206054687,0.34479656219482424,0.7959179878234863,0.5205468813578288,0.7582079887390136,0.49933096567789714,0.7082535743713378,0.5918933232625325,0.6699532032012939,0.532075023651123,0.6819310665130616,0.7209263483683268,0.6668992519378663,0.6779741287231446,0.7420121192932129,0.35637070337931315,0.77706298828125,0.509938923517863,123.97603042690614,148.13988625662714,147.95032229790493,167.2599401735765,77.14288378646313,0.4331548134485881,168.32322221375145,0.521006973584493,130.01702450847978,0.5509161233901978,91.19913668749231,0.6050245761871338,101.53003265409549,0.6564098358154297
0.6992623805999756,0.3481586774190267,0.7938290119171143,0.5197009722391764,0.7574405193328857,0.4987717310587565,0.7091652870178222,0.5876052220662434,0.6705938816070557,0.5318691571553548,0.6824030399322509,0.7172015508015951,0.6657711505889893,0.677142079671224,0.7431299686431885,0.35639023780822754,0.775634765625,0.5092363516489664,124.6177101525569,148.05344945580924,148.70397539273839,167.52092983411558,77.99413519875615,0.432813294728597,167.84056750416073,0.5205527544021606,130.3033352296523,0.548420786857605,91.90139142798668,0.6045056184132893,101.66783600862244,0.6524033864339193
0.6979831218719482,0.3231923739115397,0.7951424598693848,0.5220072746276856,0.7600346088409424,0.5014512062072753,0.7093806266784668,0.5875681559244792,0.6709706306457519,0.5311415354410808,0.6834098815917968,0.7160953521728516,0.6648547649383545,0.6773712158203125,0.7415607929229736,0.3553904374440511,0.7775885343551636,0.5117292404174805,122.20179309689036,145.923464074371,148.15623275390433,166.6817974911095,77.02293662364343,0.4335598389307658,169.6809935615429,0.5214353879292806,131.96754010702904,0.5496486981709798,92.39492550032212,0.6042563756306967,101.42360830314519,0.6518317540486653
0.7000777244567871,0.3221625328063965,0.7969302177429199,0.519218381245931,0.7651604175567627,0.49604870478312174,0.7086494922637939,0.5867315292358398,0.6700266361236572,0.5305879910786947,0.6825109481811523,0.7198781331380208,0.6674497604370118,0.6767957051595052,0.747069501876831,0.3568188826243083,0.7810453176498413,0.5076335430145263,125.59272445320264,147.02000881642525,147.127620259109,166.20367543647353,77.30424311919575,0.4322262128194173,168.31802211090354,0.5191107670466105,132.4668582743982,0.5471825361251831,91.00971974895242,0.6036918481190999,101.10672051214884,0.6533048311869303
0.7019289016723633,0.3179441452026367,0.7876173973083496,0.5230248133341472,0.7520100593566894,0.49540561040242515,0.7092709541320801,0.5856889724731446,0.6704679012298584,0.5310125350952148,0.6841766357421875,0.7130613327026367,0.6659135818481445,0.6758941014607748,0.7440118789672852,0.35489907264709475,0.7698137283325195,0.5092152118682862,125.04022807744583,150.19252364921445,149.8629235809152,168.35781598019787,80.50787955506057,0.4320571422576905,167.62490898534244,0.5201138734817505,128.367967620884,0.5474520921707153,91.80048702299673,0.6034533182779949,101.14541144649469,0.6493751525878906
0.7071540355682373,0.3176942507425944,0.7888615608215332,0.5199180603027344,0.7590769290924072,0.4960290273030599,0.7069965362548828,0.5817441940307617,0.6709075927734375,0.5285689036051432,0.6815921306610108,0.7159915288289388,0.6694523334503174,0.6724459966023763,0.7486643314361572,0.35353941917419435,0.7739692449569702,0.5079735438028972,125.25401555872638,148.1128719106565,148.1448688912804,166.77054092683872,80.69445181532616,0.43075648148854573,168.69913954643764,0.5182712237040201,132.2347476998051,0.5448588689168294,90.57950416109387,0.6005074501037597,100.71570288287474,0.6488678614298502
0.7126393795013428,0.3198025385538737,0.78443922996521,0.5270146052042644,0.7514208793640137,0.5006974856058757,0.7071576595306397,0.588335927327474,0.6692954063415527,0.531610107421875,0.683854627609253,0.7147349675496419,0.6681093215942383,0.6789204915364583,0.7525408267974854,0.3564264456431071,0.7679300546646118,0.51385604540507,125.62044736004931,151.85950780789827,149.29836769366162,167.73464995317613,84.41689954565945,0.43514124552408856,169.79612456429965,0.5227330764134726,129.21297267455049,0.551095986366272,90.46131290814921,0.6052652994791666,100.44580423828207,0.651535447438558
0.7169674396514892,0.3200018564860026,0.7910155773162841,0.5254743576049805,0.7563118457794189,0.5013145128885905,0.7079641819000244,0.5894509633382161,0.6694600582122803,0.5302946090698242,0.6820872306823731,0.7175833384195963,0.667893648147583,0.682694943745931,0.7559147119522094,0.3573586940765381,0.7736637115478515,0.5133944352467855,125.77377516340792,150.85186415509258,148.59390291715602,167.26187662879497,83.51052242147547,0.4353765646616618,170.7877497475767,0.5218445221583048,130.8212736383959,0.5514226992925009,90.58888010749315,0.6064947764078776,101.41758721029066,0.6535171508789062
0.7237104892730712,0.3262483278910319,0.784731674194336,0.527052625020345,0.7515660762786865,0.5022836367289225,0.7064341068267822,0.5865786234537761,0.6709314346313476,0.5321572303771973,0.6834642887115479,0.7169478098551433,0.6711705207824707,0.6847731908162434,0.7595601558685303,0.35612336794535315,0.7681488752365113,0.5146681308746337,126.9223730103617,152.34467690618033,150.22240564849693,167.2757472547312,86.89919216667884,0.4353957494099934,169.80175771639307,0.5234126806259155,130.63673623861882,0.5506233771642048,89.9102412607854,0.6084652105967203,99.99241839773748,0.6517632166544597
0.7273208141326905,0.3073884010314941,0.7926116466522217,0.5238068580627442,0.7555124759674072,0.49792744318644205,0.709376335144043,0.5881754557291666,0.6716930389404296,0.531930700937907,0.6798969268798828,0.7224285125732421,0.6708904266357422,0.6960999806722005,0.7620574951171875,0.35318094889322915,0.7740620613098145,0.5108671506245931,128.44520834464262,152.7156412891638,151.16302643190159,168.39085366598522,85.64650051252403,0.4320240497589111,168.3730375624932,0.52139892578125,129.9200369258136,0.5495213031768799,90.28011288921277,0.6140153408050537,102.3845129060172,0.6553019841512044
0.735791540145874,0.31284151077270506,0.7904324054718017,0.5279820442199707,0.7552595615386963,0.5040479024251302,0.7102807044982911,0.586810302734375,0.6737393856048584,0.5336226145426433,0.6812639236450195,0.7187323888142904,0.6679102897644043,0.6941367467244466,0.7676538228988647,0.3488952000935872,0.772845983505249,0.5160149733225505,127.02280201746636,152.0893956722004,151.57645982473704,168.092778599049,88.22047851229692,0.43245508670806887,169.92574011523826,0.5248187939325969,131.46859818875515,0.5514126380284627,92.07979125489877,0.6138796806335449,102.40490056623075,0.6527713457743327
0.7456723690032959,0.32229207356770834,0.7880722522735596,0.5285291989644368,0.7567615032196044,0.5033014297485352,0.7117729663848877,0.5841567993164063,0.674062967300415,0.5344216028849283,0.6821783542633056,0.7196114857991537,0.6691104888916015,0.6935803731282552,0.773145055770874,0.34701587359110514,0.7724168777465821,0.5159153143564861,128.52176188125296,152.8833841943249,151.60568129893755,168.43090784175152,90.24701839651831,0.4314655939737956,169.34380875350104,0.5251684586207073,131.6264158362679,0.5500360568364462,91.78227427955007,0.6140009880065918,102.32451368109845,0.6518841425577799
0.7507823467254638,0.3117915153503418,0.7929283142089844,0.5251534144083659,0.7585286617279052,0.5052055994669596,0.7145214080810547,0.5785708745320638,0.6763039588928222,0.5350079854329427,0.6813885688781738,0.7175669987996419,0.6697236061096191,0.6922686894734701,0.7789983510971069,0.3502099355061849,0.7757284879684447,0.5151795069376628,130.34009123589922,151.7711754881935,151.49149173080872,168.41564517055164,91.13551139292285,0.4326947212219239,168.72133786089174,0.5250937461853027,133.99567248848888,0.5468751907348632,92.39606347873571,0.6136383374532064,103.407524873346,0.6480689366658529
0.7646502494812012,0.32826391855875653,0.7847239017486572,0.5307838122049967,0.7501399993896485,0.4971515973409017,0.7078700065612793,0.5850828806559245,0.6747571468353272,0.5343177795410157,0.6796066284179687,0.7173858006795247,0.66932373046875,0.6873984018961589,0.7941978693008422,0.35819676717122395,0.7674319505691529,0.5139677047729492,136.52888943915522,160.8837247912955,152.53633344324638,168.7064595598971,99.74984861129242,0.43608223597208656,167.61521748239187,0.5241427421569824,129.94758704744652,0.5495252927144368,92.03279284267245,0.6108580907185872,102.05862712323128,0.6512343406677246
0.7659523487091064,0.3177316665649414,0.7846823692321777,0.5310609499613445,0.7513517379760742,0.4929049491882324,0.7070877552032471,0.5821526209513347,0.6760624408721924,0.5371390024820963,0.6801366806030273,0.709142557779948,0.6669663429260254,0.674755859375,0.798182225227356,0.3587913513183594,0.768017053604126,0.5119829495747884,139.7006365440507,161.2191032385627,151.94925602719388,167.9580281864042,101.13967423659058,0.4353871504465739,164.69993188772327,0.5245609760284424,130.9682350161908,0.5470677852630615,93.78159368958649,0.6059474309285482,101.9820971471559,0.6456475893656413
0.7704818248748779,0.31059818267822265,0.7848670959472657,0.5306007385253906,0.755427074432373,0.4949682871500651,0.7072168827056885,0.5807379404703776,0.6752475261688232,0.5375129699707031,0.6783843040466309,0.7140349706013998,0.6678351879119873,0.6826106389363606,0.8002151012420654,0.35615172386169436,0.7701470851898193,0.5127845128377279,139.1739880904989,159.69170163025655,151.8575239518085,167.69399653611623,100.86659223072225,0.4344681183497111,165.39492655376273,0.5251487414042155,132.80210547962216,0.5467612266540527,92.9244221283973,0.6100618044535319,102.20523170532876,0.6473864555358887
0.7754083633422851,0.2990435600280762,0.7905324935913086,0.5449198404947917,0.758010721206665,0.49985694885253906,0.7097720623016357,0.5806128184000651,0.6803732872009277,0.5395163218180339,0.6774615287780762,0.7181317647298177,0.667050552368164,0.6782417933146159,0.8055163621902466,0.3583624203999837,0.7742716073989868,0.5223883946736654,134.97476409317048,155.37902444065844,150.95921956173672,166.90609760754123,100.78487497105797,0.4403754075368246,169.66237199391807,0.5309523582458496,137.9270983450512,0.5515006065368653,95.48567331268725,0.6088790575663249,103.2220167773424,0.6493722915649414
0.7801930427551269,0.2960101445515951,0.7895671844482421,0.5449419021606445,0.7552461624145508,0.5011023203531901,0.7090434551239013,0.5838014602661132,0.6771218776702881,0.542988650004069,0.6768503189086914,0.7182076772054037,0.6642269134521485,0.6832316716512045,0.807533574104309,0.3630443096160889,0.7724066734313965,0.5230221112569173,137.76696107062992,157.85152501926362,151.2246591178825,167.3849591885273,102.38411299666309,0.4430332104365031,168.1651419688512,0.5330053806304932,136.19236645527596,0.5534117857615153,95.25341958026382,0.6131101608276368,103.46979047006525,0.6510045687357584
0.7825883865356446,0.29349699020385744,0.7918330192565918,0.5439448038736979,0.758913516998291,0.5005577405293783,0.7083100795745849,0.5840131759643554,0.6789698123931884,0.5397722244262695,0.6783301353454589,0.7260342915852864,0.665190601348877,0.689250628153483,0.8099638462066651,0.35873805681864424,0.7753732681274415,0.5222512722015381,136.18987201960803,156.93048125195546,151.85076264054746,166.45568351652082,101.94459443930747,0.44049466451009117,169.69915133823955,0.5310117483139039,137.35645059892775,0.5531322240829468,95.26675235672116,0.6145114262898763,101.91985359819658,0.6550237337748209
0.7859137058258057,0.2903077443440755,0.787041711807251,0.5379433314005534,0.7549168586730957,0.4951521873474121,0.707030200958252,0.5798874537150065,0.6779849052429199,0.5410805384318034,0.676947546005249,0.7283692042032878,0.6635578632354736,0.6927527745564779,0.8112475395202636,0.3602600892384847,0.7709792852401733,0.5165477593739828,141.1682573222857,160.11092486410442,154.06551088424882,167.51580973642865,104.44827781938487,0.43840392430623376,165.2215391310842,0.528814148902893,135.2742991591324,0.5482176065444946,95.4336185222187,0.6169166564941406,101.45319356067579,0.6541283289591471
0.7876564025878906,0.2879667599995931,0.7884589195251465,0.54030335744222,0.7547143936157227,0.5025844891866048,0.7072695255279541,0.5800671895345052,0.6797205924987793,0.5424517313639323,0.6741007804870606,0.7304046630859375,0.6624256134033203,0.698751958211263,0.8095480918884277,0.36572410265604655,0.7715866565704346,0.5214439233144124,139.18255622081648,157.8574765589119,154.69537645450913,167.43143402098463,103.70035941969041,0.4435840129852294,167.1191599449755,0.5319478273391723,137.65170337836406,0.5507555564244588,96.31422290483228,0.6206018447875976,102.44176694997287,0.6552359263102214
0.7890159130096436,0.2913921038309733,0.7871871948242187,0.5353516896565755,0.7565044403076172,0.49477310180664064,0.6942599296569825,0.5568677266438802,0.6887294292449951,0.543065071105957,0.6724296569824219,0.7204346338907878,0.6751710414886475,0.7018327713012695,0.8132003784179688,0.3589183171590169,0.771845817565918,0.5150623957316081,142.6752200072721,149.3170574915661,157.51441035016705,161.77139391509422,104.83412831483078,0.4369903564453125,161.38085587172773,0.5290637334187825,151.6830369412647,0.5359650611877441,94.88108213055312,0.6224489212036133,97.60199188087877,0.638651180267334
0.7911898136138916,0.2958921114603678,0.7862900257110595,0.5373114903767904,0.7533028602600098,0.4949541727701823,0.7010987281799317,0.5651235580444336,0.6852593898773194,0.5385140736897787,0.6730921745300293,0.7235006332397461,0.667559003829956,0.6913110097249349,0.8117104768753052,0.3625563939412435,0.7697964429855346,0.5161328315734863,140.53159863315767,154.13072273884396,156.3391576500818,165.026601870039,105.26537969965986,0.4393446127573649,165.17112152482642,0.5273234526316325,144.50601319426954,0.54062819480896,96.60783605247886,0.6149125417073568,100.02820741255587,0.6443120956420898
0.7930328369140625,0.3051143646240234,0.7890398979187012,0.5372886657714844,0.7563815593719483,0.49793252944946287,0.701794958114624,0.5636492411295573,0.6868622779846192,0.5378581364949544,0.6725018501281739,0.7230437596638998,0.6693639278411865,0.7013195673624675,0.8133590221405029,0.3617151101430257,0.7727107286453248,0.5176105976104737,138.9547480887187,151.91136711309576,156.74993323516784,164.41067026825812,104.61395905449369,0.4396628538767497,166.7291899808841,0.527734367052714,147.0082955930938,0.5406299193700155,96.11017564073795,0.6195888519287109,100.41347089090796,0.6433465003967285
0.7948005199432373,0.2972613652547201,0.7918615341186523,0.5361179351806641,0.7564359664916992,0.4939273834228516,0.7059577941894531,0.5660366694132487,0.6853297233581543,0.5359748204549154,0.6703240394592285,0.7184740702311198,0.6634870529174804,0.6933998107910156,0.8123928785324097,0.36033732096354165,0.7741487503051758,0.5150226593017578,139.1567314121269,154.15877082889168,156.0846829454644,166.12120691363808,103.88721694150152,0.43767999013264974,166.72674224012925,0.5254987398783366,143.19964588578733,0.5405296643575033,97.89933863733803,0.6146873156229655,103.1571997708254,0.6422553698221842
0.7973304748535156,0.30014168421427406,0.7895405769348145,0.5269405047098795,0.7542432308197021,0.48505957921346027,0.7031076431274415,0.5635908126831055,0.6840858936309815,0.5273614247639974,0.6707795619964599,0.7262451171875,0.6563990116119385,0.68612060546875,0.8132597446441651,0.3608920733133952,0.7718919038772583,0.5060000419616699,141.4833517750913,158.45919679832494,157.22473471901466,166.58184461697482,105.91195953201755,0.4334460576375325,166.32674356374926,0.5166807333628336,140.06168359784132,0.5347954273223877,99.89263431014591,0.6067410151163737,101.24123317846863,0.6449179649353027
0.796563720703125,0.3015124003092448,0.7855757713317871,0.5245566685994466,0.755236005783081,0.4846782684326172,0.6982341289520264,0.5524850845336914,0.6820645332336426,0.5184533754984538,0.6718317031860351,0.7234217325846354,0.6564346313476562,0.6794631958007813,0.812751865386963,0.35524374643961587,0.7704058885574341,0.5046174685160318,137.58668541651647,153.69348322926095,155.94671033121935,164.52818173756035,105.82751012160318,0.42993060747782386,171.09872129855606,0.5115354220072428,146.44584018364506,0.5285512765248617,99.0445857480792,0.5989582856496176,98.7803697286066,0.6379534085591634
0.7976455688476562,0.3050477345784505,0.7891632080078125,0.5322002728780111,0.7545671939849854,0.4858474095662435,0.7080742835998535,0.5679157257080079,0.6820381164550782,0.502947457631429,0.669923734664917,0.7192173639933268,0.6549759387969971,0.6658867518107097,0.8136633872985839,0.3607563495635986,0.7718652009963989,0.5090238412221273,128.92030952152246,159.72118286580775,152.73772158324607,168.27921039709102,105.74371002250568,0.43489009539286294,3.8698968742400837,0.5059856494267782,137.28674964253153,0.5384697834650676,99.43003142384966,0.5844171047210693,104.15206771453556,0.6435665448506673
0.7966538429260254,0.3004961649576823,0.7897315979003906,0.5287278175354004,0.7549267292022706,0.4827968279520671,0.7069317817687988,0.5633197784423828,0.6841151237487793,0.49365383783976235,0.6745540618896484,0.723298708597819,0.6532496929168701,0.6537814458211263,0.8142529010772706,0.362708838780721,0.7723291635513305,0.5057623227437338,127.00712796699709,159.49711648730585,152.09402368791834,167.23912575074488,106.33392874515445,0.4342355807622274,7.81572418909812,0.49970808029174807,138.6483916070086,0.5345410505930583,100.91025148142133,0.5737176418304444,101.44139880592677,0.6433092435201009
0.7967907428741455,0.30232327779134116,0.7891338348388672,0.5274849573771159,0.7554601669311524,0.479100767771403,0.7069720268249512,0.5616995493570963,0.6838178157806396,0.4814634323120117,0.673300838470459,0.7232990264892578,0.6724713325500489,0.697660255432129,0.8150929689407349,0.35901471773783367,0.7722970008850099,0.5032928625742594,123.13324009177065,159.8771257265635,155.8195519230191,167.5435489658645,106.52147731729976,0.43115379015604655,13.859137800123932,0.49237814744313557,138.20028319059148,0.5324962059656779,93.00425185320013,0.5895618438720703,101.76986243374051,0.642499287923177
0.7966937065124512,0.30392335255940756,0.7856312751770019,0.516740640004476,0.7588674068450928,0.48005158106486,0.7022783756256104,0.5588978449503581,0.6873484134674073,0.4692580223083496,0.6719551086425781,0.7297609329223633,0.649119758605957,0.6138849258422852,0.8163578987121582,0.35803564389546716,0.7722493410110474,0.498396110534668,120.29225891283188,160.44333376144397,147.9721054443943,166.6273384385276,107.44543049676817,0.4282158772150676,18.94227479922199,0.4838270664215088,139.15103986879532,0.528646977742513,104.80613910658792,0.5415714740753174,100.06356628713155,0.6443293889363607
0.7966234683990479,0.3071605682373047,0.7852357387542724,0.5193797429402669,0.7575822353363038,0.48486630121866864,0.6997867107391358,0.5747294743855794,0.6910531997680665,0.4565726280212402,0.6722596645355224,0.7284771601359049,0.649754810333252,0.5986392974853516,0.814224123954773,0.35904715855916336,0.771408987045288,0.5021230220794678,112.08106229324703,163.3406345520522,144.63628738824545,166.49597129572356,106.65969653130833,0.4305850903193156,29.547119085454483,0.479347825050354,134.6090358942705,0.5384262482325236,106.20900224675597,0.5276059627532959,100.15070893152503,0.6516033172607422
0.795581579208374,0.3039415677388509,0.7882120132446289,0.5260806401570638,0.7613638877868653,0.4891957918802897,0.6996975898742676,0.5730327606201172,0.6922708034515381,0.44969978332519533,0.6719579219818115,0.7337781270345052,0.674083948135376,0.7284820556640625,0.8143073558807372,0.3599858601888021,0.7747879505157471,0.5076382160186768,108.60475943213758,159.33016752128663,159.21968622836403,165.33886601359796,104.98409603666786,0.4338120381037394,35.074155084436995,0.47866899967193605,138.9481095528991,0.5403354883193969,93.73250268138437,0.589090919494629,99.7910430513424,0.6534054438273111
0.7938578605651856,0.3070969581604004,0.7842967987060547,0.5277799924214681,0.7614181518554688,0.5008530298868815,0.6981462478637696,0.5775966008504232,0.6952359676361084,0.4360805511474609,0.6739917755126953,0.7366606394449869,0.654429578781128,0.569805908203125,0.8149181842803955,0.37017073631286623,0.7728574752807618,0.5143165111541748,105.9322408104646,159.64211642940387,132.0750479081404,164.66220724126833,106.26686837215834,0.4422436237335205,45.22588166737225,0.47519853115081784,139.7355435907693,0.545956556002299,106.96960616306698,0.5029432296752929,98.63461268602302,0.6571286201477051
0.7941961288452148,0.304198169708252,0.7857365608215332,0.5284051895141602,0.7615370273590087,0.49911762873331705,0.7036810874938965,0.5697484970092773,0.7027965545654297,0.5544227600097656,0.672529935836792,0.7322861353556315,0.6897475242614746,0.6334285100301107,0.814866805076599,0.3691445668538411,0.773636794090271,0.5137614091237386,151.02396644925574,157.66868239007283,154.34731962391413,166.02045839944938,105.9127590700745,0.44145298798878985,150.14475194684815,0.5340920845667521,141.32894553778002,0.541754953066508,99.37862029048584,0.5939256350199382,100.84946006094451,0.6510173161824544
0.7947247505187989,0.31166423161824547,0.7877937316894531,0.527314567565918,0.7580325603485107,0.48923072814941404,0.7107732772827149,0.562824567159017,0.6976793289184571,0.4191414515177409,0.6865177631378174,0.5931940078735352,0.6897130012512207,0.5733530680338542,0.8126091241836548,0.3647653579711914,0.772913146018982,0.508272647857666,104.8470516484438,158.49035683840137,130.99023936169758,173.12075387346363,105.46213471729872,0.4365190029144287,49.832973634903,0.4637070496877035,138.72045256834522,0.5355486075083415,92.95718051640753,0.49624725977579753,128.61371914744367,0.5780092875162761
0.7935089111328125,0.3157597541809082,0.7834985733032227,0.5227466901143392,0.7580836772918701,0.4887573560078939,0.7018504619598389,0.4193943659464518,0.6979050636291504,0.413873545328776,0.687855863571167,0.5882429122924805,0.6929844856262207,0.5650793075561523,0.8134107828140258,0.3652252991994222,0.7707911252975463,0.5057520230611166,105.58487160610035,102.7016248523055,129.18926759821113,139.584081775154,106.87176730504794,0.4354886611302694,51.57546648495145,0.4598127841949463,51.39908768943616,0.4625731945037842,91.86387668533622,0.48947642644246414,94.73799097940632,0.5038186391194661
0.7927756786346436,0.31034644444783527,0.787620735168457,0.5303378423055013,0.7626127243041992,0.4935408274332682,0.710703992843628,0.5542028427124024,0.706552267074585,0.5189257621765136,0.67479567527771,0.7316984176635742,0.6971846580505371,0.592483647664388,0.812972331047058,0.3650954723358154,0.7751167297363282,0.5119393348693848,130.49366866585189,151.67462264992926,143.20190870992025,166.89996598594254,104.4558107364979,0.4385174036026001,174.18188415934267,0.5154325485229492,146.7296825515807,0.5330710887908936,97.25756083160896,0.5557047049204509,101.43688662591141,0.6429506301879884
0.7942266941070557,0.31433897018432616,0.7865343570709229,0.5311238288879394,0.762718915939331,0.5020712534586589,0.7035951137542724,0.5549812316894531,0.7052572727203369,0.5199330012003581,0.6735840797424316,0.7270810445149739,0.6947311401367188,0.5812560399373372,0.8132933616638184,0.3668851375579834,0.774626636505127,0.5165975411732991,127.97097881817861,148.6365730542749,138.72277779826973,164.24853760089584,104.48151214007522,0.4417413393656413,177.24718954563875,0.5182652711868286,151.61430158803978,0.5357893864313761,99.73993275950865,0.5505945205688476,99.89186087548097,0.6410311381022136
0.7901565551757812,0.31312491099039713,0.7870803356170655,0.5307481765747071,0.7604867458343506,0.5014630953470866,0.7114681720733642,0.543438975016276,0.7091168880462646,0.5101005872090657,0.6737470149993896,0.729886245727539,0.6995469570159912,0.5727123260498047,0.8111494541168213,0.3702454090118408,0.7737835407257081,0.5161056359608969,120.80758440466124,143.6061689912242,136.01630634317786,166.36065673687625,104.368808786471,0.4431755224863688,5.305362725860505,0.5131031115849813,156.3163415273814,0.5297723054885864,98.6901538401669,0.5414064566294352,101.43743659089672,0.6366626103719075
0.7903376579284668,0.31141525904337564,0.7940323352813721,0.528929869333903,0.7685061931610108,0.49503472646077473,0.7094831466674805,0.5351441065470378,0.7072377681732178,0.5025283813476562,0.6744771480560303,0.7299633026123047,0.7052037239074707,0.569372812906901,0.8130494594573975,0.36261521975199384,0.7812692642211914,0.5119822978973388,119.82165362658813,138.85802408720744,128.77705000040652,164.0855492120996,102.01146585172441,0.43729875882466634,7.277355983647823,0.5072553396224975,162.11769138268247,0.5235632022221883,91.74294549384412,0.5359505971272787,100.18646574905173,0.6325537045796712
0.7882434368133545,0.30734841028849286,0.7868036270141602,0.5391843795776368,0.7632328033447265,0.5004894574483235,0.6927965641021728,0.5707022984822591,0.7009810447692871,0.5161367734273274,0.6741762161254883,0.7327016194661459,0.6991252422332763,0.5687774022420248,0.8137698411941527,0.36042715708414713,0.7750182151794434,0.5198369185129801,123.05673995775103,151.65470557841533,124.83550615262725,161.20818314362745,103.6632571005473,0.4401320377985636,2.8610825407804157,0.5179868459701538,148.2575194129378,0.5452696084976196,92.01907988681512,0.5424570878346762,96.55685447329591,0.6517019589742025
0.7903272151947022,0.31085411707560223,0.7853586673736572,0.5225304285685222,0.7639223575592041,0.48937304814656574,0.6931138515472413,0.5647118250528972,0.7010980129241944,0.5164096514383952,0.6747623920440674,0.7283644994099935,0.697401762008667,0.5768911361694335,0.8146987915039063,0.3613110542297363,0.7746405124664306,0.5059517383575439,134.31395608992491,156.65137387240677,136.06291727173115,162.21497541469176,105.48008615808644,0.4336313962936401,171.9066699689191,0.5111806948979696,144.21793962952663,0.5353317817052206,93.49721091947592,0.5466503938039144,96.39822657630964,0.6465381622314453
0.7896430969238282,0.30631074905395506,0.783275842666626,0.5178885459899902,0.7556049823760986,0.47619412740071615,0.6967976093292236,0.5674835205078125,0.6952242851257324,0.5454292933146159,0.675421667098999,0.726464589436849,0.6770083427429199,0.711537488301595,0.8122684955596924,0.36350920995076497,0.7694404125213623,0.4970413366953532,155.8603538609021,163.63329067927896,162.945737336528,165.37377590862081,107.78273042954618,0.4302752733230591,146.89616880704506,0.5212353150049845,135.8811285195538,0.5322624286015829,96.25822656639035,0.6284833908081054,97.65782875038175,0.6469740549723307
0.7889752864837647,0.30397075017293296,0.7801615715026855,0.5194039026896159,0.7527675628662109,0.47674264907836916,0.6940027236938476,0.5666254043579102,0.695587158203125,0.541335932413737,0.6740718841552734,0.7278839747111002,0.6921424865722656,0.5868003209431966,0.8121468067169189,0.36439611117045084,0.7664645671844482,0.49807327588399253,154.77436931288636,163.70567756715457,144.38163883931318,165.14375884652085,108.86712168991062,0.43123469352722166,148.60064706944488,0.5197046041488648,136.58816032786487,0.5323493401209514,94.33281491498245,0.5640681266784668,97.04577087484566,0.6472546895345053
0.7892769336700439,0.31158145268758136,0.7779763221740723,0.5314046223958333,0.7538200855255127,0.4999770482381185,0.695772361755371,0.5602945327758789,0.6938758850097656,0.5502251307169597,0.6736015319824219,0.7316232045491536,0.6764281272888184,0.7240461349487305,0.8115674257278442,0.36951864560445147,0.7658982038497926,0.5156908353169759,148.69307583326037,153.71494653598256,162.49279828604043,164.22992563871256,107.35060089605092,0.4426047404607137,154.38254503186283,0.5329579830169677,147.54150945590456,0.5379926840464274,95.73202035344687,0.637135632832845,97.37339930003142,0.6459588686625163
0.7911202907562256,0.2916194597880046,0.7730355262756348,0.5303606669108073,0.7513062477111816,0.48997557957967125,0.6938694953918457,0.5655550638834635,0.6913552761077881,0.5382719039916992,0.6725883960723877,0.7320386250813802,0.6758193969726562,0.7258090972900391,0.8128813743591308,0.36158458391825354,0.7621708869934082,0.5101681232452393,146.16639274401186,159.30181073553243,162.91247092858626,165.29754705975128,108.84440192623823,0.4358763535817464,158.35392370227245,0.5242200136184693,140.96072476485298,0.5378615935643514,94.73566000265376,0.6320405006408691,97.28444545065837,0.6487968444824219
0.7895801544189454,0.3091780662536621,0.7804710388183593,0.5279979705810547,0.7530918598175049,0.4910477002461751,0.6993068218231201,0.5585898717244466,0.6936404228210449,0.5275155067443847,0.6723244190216064,0.7325917561848958,0.6957136154174804,0.5848167419433594,0.812747573852539,0.3683275858561198,0.7667814493179321,0.5095228354136149,140.62479397732724,156.82917680728383,134.5818167261094,165.86472635087006,108.03266318751385,0.43892521063486734,166.17967612331492,0.5185191710789998,143.97563695516567,0.5340563535690308,87.92790862497016,0.556166124343872,98.8146272299468,0.6455908139546712
0.7901386737823486,0.3120045344034831,0.77553391456604,0.5281307220458984,0.7486618041992188,0.4909494082132975,0.6997387886047364,0.5649239857991536,0.6921773433685303,0.5419508616129557,0.672275161743164,0.7355072021484375,0.6762437343597412,0.728550402323405,0.8135130643844604,0.36939803759256995,0.7620978593826294,0.5095400651295979,149.9836274745801,161.80436080113074,163.47495943583309,167.46805768398045,110.14704043335983,0.43946905136108394,155.13049822055066,0.5257454633712768,138.39026661914116,0.5372320254643758,94.8806089155358,0.6352506319681803,99.146045094213,0.6502155939737955
0.7904480934143067,0.31125125885009763,0.7798548221588135,0.5273214658101399,0.7506375789642334,0.4894833564758301,0.7029722690582275,0.563210932413737,0.6913853645324707,0.521963342030843,0.6726114749908447,0.7322388966878255,0.6930870056152344,0.6199549357096354,0.8129456996917725,0.37012364069620773,0.7652462005615235,0.508402411142985,139.0838824962321,161.0154482294022,146.10781730610842,167.70066347531716,109.03196209585445,0.4392630259195964,169.59629977037886,0.515182876586914,138.64835405458834,0.5358066717783609,89.00514880545964,0.5709591388702393,100.18288030176073,0.6477249145507813
0.7894406318664551,0.3116061528523763,0.7809041023254395,0.5307011604309082,0.7530189514160156,0.49284661610921227,0.7047908782958985,0.5702524820963542,0.6943234920501709,0.5407169977823894,0.6719695091247558,0.7337545394897461,0.6942765235900878,0.6208798726399739,0.8137722492218018,0.36483108202616377,0.7669615268707275,0.5117738882700602,145.9065980261632,161.19431497971752,146.3625282144631,168.18318391661342,107.67001846125748,0.438302485148112,158.27486059440312,0.5262454430262248,136.75279309979487,0.5410131851832072,90.03357033077744,0.5807984352111817,101.35068342136657,0.6520035107930502
0.7908087730407715,0.31098260879516604,0.7804322242736816,0.5307904243469238,0.7546385288238525,0.49404064814249676,0.7037195205688477,0.5709398905436198,0.694618558883667,0.5414741516113282,0.6726012229919434,0.7275137583414714,0.6936461448669433,0.6202753067016602,0.813639235496521,0.36478794415791826,0.7675353765487671,0.5124155362447103,145.69342776177947,160.58979660167094,146.2939441008811,167.42639482200377,107.34350020045059,0.43860174020131426,158.27186140773927,0.5269448439280192,137.47663351898595,0.541677713394165,90.70699967816675,0.5808747291564942,101.24078376333226,0.6492268244425456
0.7901655673980713,0.3120418548583984,0.782628870010376,0.5336212158203125,0.7563355922698974,0.49791701634724933,0.7034643650054931,0.5645126342773438,0.69699068069458,0.5415576934814453,0.673134708404541,0.7282969792683919,0.6962900638580323,0.6052241643269857,0.8141353845596313,0.3667390823364258,0.7694822311401367,0.515769116083781,143.40856839520063,155.67057300823976,141.34043636931239,166.10449444742454,106.67954077697394,0.4412540992101034,160.41718891883403,0.5286634047826131,143.5601282867357,0.5401408751805623,90.63048519852344,0.5733909289042155,100.49121398875099,0.6464048067728678
0.7907732486724853,0.31447935104370117,0.7829679012298584,0.5299028396606446,0.7547132015228272,0.4919213612874349,0.7036281108856202,0.5421499888102214,0.6942241191864014,0.5067681312561035,0.6750553607940674,0.7272472381591797,0.6929261207580566,0.6388711929321289,0.8127907752990722,0.37043730417887366,0.7688405513763428,0.5109121004740398,127.83465329826605,148.04051523804387,149.8835191619983,165.3376614792212,107.37328930965609,0.4406747023264567,3.1787674970821627,0.5088401158650717,154.40477206827958,0.5265310446421305,90.5629501515599,0.5728196620941162,98.77526480263725,0.6346986134847006
0.7922800064086915,0.31491111119588217,0.7817409038543701,0.539043680826823,0.7563738822937012,0.5026628812154134,0.7014990329742432,0.5582874933878581,0.6957455635070801,0.5254147211710612,0.6748957157135009,0.7299585342407227,0.6937658786773682,0.6418645858764649,0.8141731739044189,0.3728419303894043,0.7690573930740356,0.5208532810211182,131.3790940671759,150.27320047157554,149.0846657029129,164.5664789103865,106.9519018772656,0.4468476057052612,176.4396633365031,0.5231340010960897,151.00908218767904,0.5395703872044881,90.97395269992514,0.5836396535237631,98.8088771477181,0.6441230138142904
0.7914729595184327,0.32135130564371744,0.7815180778503418,0.5396494547526042,0.7533554077148438,0.4997846285502116,0.6962541103363037,0.5823597590128581,0.6937041759490967,0.5392007827758789,0.6754072189331055,0.7268689473470052,0.6779018878936768,0.7190100987752278,0.813179612159729,0.37282020250956216,0.7674367427825928,0.5197170416514079,140.48357119747388,160.51070858051926,160.82986921281483,164.25514143159063,107.29630184773119,0.446268622080485,165.19799766939818,0.5294589122136434,138.65131517594267,0.5510384003321329,95.02245491942851,0.6291054407755534,98.20885548006001,0.6546143531799317
0.7916094779968261,0.326177183787028,0.7838126182556152,0.5438670476277669,0.7546342849731446,0.5047611872355143,0.7004643440246582,0.5736883799235026,0.6939384937286377,0.5236824671427409,0.6748910903930664,0.7274750391642253,0.6937897205352783,0.6410203297932943,0.8127564668655396,0.37417044639587405,0.7692234516143799,0.5243141174316406,127.99363913961398,155.05277603693148,147.19580653903037,164.53480511087648,106.16911437274698,0.4492422819137573,0.4807075347382863,0.5239982922871907,144.31878116624887,0.5490012486775716,90.07264553251537,0.5823513984680175,99.4413481993706,0.650581709543864
0.7919970989227295,0.3167361895243327,0.7806902885437011,0.5340968449910481,0.753215217590332,0.4958272298177083,0.6966753959655761,0.5744450887044271,0.6948844432830811,0.5442557652791341,0.6750807285308837,0.7348400751749674,0.694858980178833,0.6282845179239909,0.8106430768966675,0.37056352297465006,0.7669527530670166,0.5149620374043782,145.80215112089965,159.44945466785833,147.55355969620047,164.99114829633584,106.83411871949322,0.4427627801895141,157.8796498076222,0.5296089013417562,139.75528299033448,0.5447035630544026,90.01736225180241,0.5862701416015625,97.66786898936938,0.6546425819396973
0.7919349193572998,0.31491142908732095,0.780239486694336,0.5304198582967122,0.7500243663787842,0.4938947677612305,0.7023332595825196,0.5744138717651367,0.6952815055847168,0.5628255844116211,0.6756045341491699,0.7349629084269206,0.6757761478424072,0.7238680521647135,0.8102877855300903,0.3718968550364177,0.7651319265365601,0.5121573130289714,157.01921028669724,162.81209739278665,164.02306253631463,167.56092673114821,107.84559440122104,0.44202708403269453,144.04352657466194,0.5374914487202962,135.24837281443806,0.5432855923970541,96.90598818029193,0.6433468182881673,99.45209693902419,0.6546883900960286
0.7944625377655029,0.31507673263549807,0.7799712181091308,0.5321468671162923,0.7515451431274414,0.4921509106953939,0.7066232204437256,0.5661815643310547,0.6953416347503663,0.5548531850179036,0.6754494667053222,0.7350581487019857,0.6756466388702392,0.7237321853637695,0.8116288900375366,0.3762678146362305,0.765758180618286,0.5121488889058431,154.30530197396138,161.3572568377595,163.58315062281244,168.40409924064113,108.65364465322205,0.4442083517710368,148.76517468435637,0.5335010369618733,137.58149370171586,0.5391652266184489,96.65189653966061,0.6392926851908365,100.45877328168021,0.6506198565165202
0.7963125705718994,0.32773071924845376,0.7836326599121094,0.5391073226928711,0.7533230781555176,0.5006268501281739,0.7020219326019287,0.5716320037841797,0.6950520515441895,0.5612454096476237,0.6739562511444092,0.7373789469401042,0.6755438327789307,0.7253866831461588,0.8125744819641113,0.37934691111246743,0.7684778690338134,0.5198670864105225,152.268977973376,157.81266013967536,162.44578237642196,166.12288427666581,107.42237022982306,0.44960699876149496,150.5970378971177,0.5405562480290731,142.08369349817164,0.5457495450973511,96.77781958415275,0.6433160463968912,99.61064779179885,0.654505475362142
0.7960865497589111,0.32975438435872395,0.7832114696502686,0.5389049530029297,0.752586555480957,0.5000132878621419,0.7014760971069336,0.5716169993082683,0.694223165512085,0.5532512029012044,0.6753400802612305,0.7359785079956055,0.6769793033599854,0.7158329010009765,0.8123412609100342,0.3817183017730713,0.7678990125656128,0.5194591204325358,149.1903982314682,158.41729464685764,161.2105014701381,165.88925221952027,107.8823609888182,0.4505887111028036,155.36102212423867,0.5363551616668701,141.85960657747492,0.545538059870402,96.0543134193025,0.6345420519510905,99.03526516934058,0.6537977536519368
0.7957054615020752,0.3303689002990723,0.7829665184020996,0.539808972676595,0.7525423049926758,0.4996665318806966,0.7008257389068604,0.5717334111531576,0.69181809425354,0.5457302729288737,0.6755847930908203,0.735577646891276,0.677207088470459,0.7143393834431966,0.8127871751785278,0.3813477993011475,0.7677544116973878,0.5197377522786458,145.2451065188352,158.30179349514566,160.00029438039388,165.6339990240861,108.02513987040302,0.45054277578989665,161.1042493850627,0.5327340126037597,142.15702111746404,0.5457355817159018,94.95265583736622,0.6300348281860351,98.75782461122122,0.6536555290222168
0.7960629940032959,0.33134158452351886,0.7807894706726074,0.5343202590942383,0.7498198986053467,0.49423144658406576,0.7026954174041748,0.5667729059855143,0.6941009521484375,0.559503682454427,0.6752989292144775,0.7346993128458659,0.6772790908813476,0.7162212371826172,0.8123467206954955,0.38328162829081214,0.765304684638977,0.514275852839152,156.285048894667,160.8412233028503,162.57478282696044,167.0542109438716,109.75399204212647,0.44877874056498207,147.5767350426653,0.5368897676467895,140.0206063189987,0.5405243794123331,96.1265979219365,0.6378624598185221,99.26593229805958,0.65073610941569
0.7984012603759766,0.3342243512471517,0.7826297760009766,0.5345151901245118,0.7521385669708252,0.49452053705851234,0.7019582271575928,0.5649099349975586,0.6943329334259033,0.5530514399210612,0.6721794128417968,0.7360512415568033,0.6913875102996826,0.628161366780599,0.8127480268478393,0.3752879778544108,0.7673841714859009,0.5145178635915121,151.48017654432473,157.90034164408644,148.4739145339039,166.61492927473645,108.04663578172709,0.44490292072296145,152.18893711445753,0.5337846517562866,142.39598099604547,0.5397138992945354,92.24569366646324,0.59060640335083,99.87071660108435,0.6504805882771809
0.7978688716888428,0.32693522771199546,0.7819083213806153,0.5332696596781413,0.7517810344696045,0.4937895774841309,0.7017076969146728,0.5644274393717448,0.6943048477172852,0.5526525497436523,0.6721343040466309,0.7360686620076498,0.6912442684173584,0.6290466944376628,0.8123436450958252,0.37483917872111006,0.7668446779251099,0.5135296185811361,151.91694351266116,158.2700370165808,149.0913830288346,166.72183408789152,108.16266192101129,0.4441843986511231,151.66066842795732,0.5330910841623941,141.9960490568665,0.5389785289764404,92.29421441145817,0.5908496220906576,99.77594889881478,0.6502480506896973
0.799716567993164,0.3298797925313314,0.7802626132965088,0.535240109761556,0.7517499446868896,0.4967801094055176,0.6992643356323243,0.5653488159179687,0.6947248935699463,0.5528230667114258,0.6731645584106445,0.7359059015909831,0.6886385440826416,0.6530903498331706,0.8127281427383423,0.380633004506429,0.7660062789916993,0.5160101095835368,151.73705031170994,158.03431516954615,154.03339231444437,165.81043663430185,109.04077392338705,0.4483215570449829,152.68610749525928,0.5344165881474813,143.5264884144212,0.5406794627507527,93.47366325718116,0.6029567082722982,98.70028742206001,0.650627358754476
0.7985198497772217,0.3304615338643392,0.7792264461517334,0.5381320953369141,0.7515442371368408,0.49856958389282224,0.6976282119750976,0.567901611328125,0.6916587829589844,0.5136911074320475,0.6720963001251221,0.7348303476969401,0.6887933254241944,0.6523456573486328,0.812339472770691,0.3790899276733398,0.7653853416442871,0.5183508396148682,128.2623101867963,157.4584851754929,151.43144384998254,165.38305047059322,108.6323890749651,0.448720383644104,3.6164490083233147,0.5160209735234578,143.82200482699648,0.5431262254714966,91.18391539384476,0.5830183823903401,98.69605107906052,0.6513659795125326
0.7986808300018311,0.32057059605916344,0.7793851375579834,0.5379297892252605,0.7494140148162842,0.49727853139241535,0.6960890293121338,0.5655027389526367,0.6886336803436279,0.5092246691385905,0.672190809249878,0.7349971771240235,0.6771882534027099,0.7283164342244466,0.8120448112487793,0.3780905405680339,0.7643995761871338,0.5176041603088379,126.95105720485125,156.78363264524663,160.506346182938,165.0410645994742,108.85552664340177,0.44784735043843593,6.311100694375483,0.5134144147237143,144.96229836064794,0.5415534496307373,92.99043227512887,0.6187705516815185,98.02563272495462,0.6502499580383301
0.7992801189422607,0.32745002110799154,0.7856473445892334,0.5344404220581055,0.7531519889831543,0.4955645879109701,0.7043645858764649,0.5682155609130859,0.6930643081665039,0.5466119130452474,0.6737799167633056,0.7307584762573243,0.6923046112060547,0.6431703567504883,0.8125676393508912,0.3762030601501465,0.7693996667861938,0.5150025049845378,147.53475252158873,158.69291207689432,149.42318356580057,166.75419466088258,107.27620012599628,0.44560278256734215,157.50623567582213,0.5308072090148925,140.7092552790221,0.5416090329488119,90.4507791319943,0.5948911348978678,100.65638410701308,0.6494870185852051
0.7992076873779297,0.32617057164510094,0.7853988170623779,0.5333020528157552,0.7523936271667481,0.49606335957845055,0.7024725914001465,0.5651006062825521,0.6944146156311035,0.5363835016886394,0.6737481117248535,0.7315805435180665,0.6993208408355713,0.6212809244791667,0.8130642175674438,0.3749472459157308,0.768896222114563,0.5146827061971029,142.55838616178772,157.3817217380285,143.56054969294397,166.10347954408033,107.54085686511291,0.44481497605641684,163.75610704963742,0.5255331039428711,142.80020784931472,0.5398916562398275,86.69255345543077,0.578832213083903,99.78943971760957,0.6483405749003093
0.7989685535430908,0.32573219935099285,0.7855859756469726,0.5357119878133138,0.7541986465454101,0.5000648180643718,0.7046889781951904,0.5645509719848633,0.6938026428222657,0.5541738510131836,0.673846960067749,0.7324312210083008,0.6984094619750977,0.6219403584798177,0.8124418258666992,0.3762506008148193,0.7698923110961914,0.5178884029388428,149.19076941555076,155.3691706968043,141.62222311579723,166.29313371777803,106.72083150607568,0.44706950187683103,154.50457766775585,0.5360311269760132,144.41070981246375,0.541219687461853,86.11097249643645,0.5880571047465006,100.40997955227921,0.648491096496582
0.7996890068054199,0.32513510386149086,0.7860880374908448,0.5381783167521159,0.7543124198913574,0.5027854283650716,0.7009245872497558,0.568900998433431,0.694167184829712,0.5369967142740886,0.672526502609253,0.733225949605306,0.6992095470428467,0.6191391626993815,0.8131766557693482,0.37646554311116537,0.7702002286911012,0.5204818725585938,138.80595831590716,155.2070265336618,140.7496700095416,165.14431534101135,106.61581730108304,0.4484737078348796,167.7453586675063,0.5287392934163412,145.0489780865954,0.5446914354960124,86.4872728650794,0.5780679384867351,99.80482018638251,0.6510634740193685
0.799898910522461,0.3298849105834961,0.7873844146728516,0.5370667139689128,0.754865026473999,0.4960370381673177,0.6988898277282715,0.5670913696289063,0.6753050804138183,0.45585492451985676,0.6727876663208008,0.7328693389892578,0.6995434761047363,0.6181244532267253,0.8134587526321411,0.3730896472930908,0.7711247205734253,0.5165518760681153,116.72275029881729,155.54298535576194,136.33096954469647,164.5015498111803,106.44071581837714,0.444820761680603,32.35221431847853,0.486203400293986,145.02125395851937,0.5418216228485108,81.50447193338556,0.536989688873291,98.94790488248665,0.6499803543090821
0.8004068374633789,0.3341479937235514,0.787156629562378,0.5381621678670248,0.7558441638946534,0.4978462219238281,0.701246976852417,0.5687925338745117,0.6951420307159424,0.5512457529703776,0.6729056358337402,0.7331252415974935,0.7045024871826172,0.6168744405110677,0.8131662607192993,0.37214182217915853,0.7715003967285157,0.5180041948954264,146.90894311448696,155.50969828953063,137.7598622078894,165.16211514754485,105.9420912084392,0.4450730085372925,156.47476573841905,0.534624973932902,144.13568645349966,0.543398364384969,81.8827917613863,0.5840600967407226,99.78515486932174,0.6509588877360026
0.8008060455322266,0.3370521863301595,0.7872129917144776,0.5372511545817057,0.7564592361450195,0.496393362681071,0.697322940826416,0.5676887512207032,0.6947038173675537,0.5495468139648437,0.6728596210479736,0.7327083587646485,0.704742431640625,0.6172389348347982,0.8132022619247437,0.3723210334777832,0.7718361139297485,0.5168222586313883,146.75769521672314,154.99307786199458,137.8156468461737,163.80253648389356,105.97474884345588,0.44457164605458577,157.01017345205486,0.533184536298116,145.68056134345917,0.5422555049260458,81.56462294193584,0.5833928743998209,98.43239491293612,0.6501985549926759
0.7980717182159424,0.3041631062825521,0.7864359378814697,0.5406294504801432,0.7566523075103759,0.5047956148783366,0.7112644195556641,0.5669386545817058,0.6973886966705323,0.5466098149617513,0.6726150035858154,0.7294397989908854,0.7054715156555176,0.5755022684733073,0.8100765228271485,0.3710527737935384,0.7715441226959228,0.5227125326792399,140.55791128786552,153.03489065758356,112.99440117296191,167.8053079360243,104.25558177536887,0.44688265323638915,162.137976753369,0.5346611738204956,143.73318047076015,0.5448255936304729,74.37075171665818,0.5610560417175293,103.37870542726306,0.6481892267862956
0.8008513450622559,0.3266907691955566,0.7866700172424317,0.5386199951171875,0.7560294151306153,0.4972808519999186,0.6999419689178467,0.5677714029947917,0.6952901363372803,0.5516042073567708,0.6730424880981445,0.7333198547363281,0.7005358695983886,0.61936461130778,0.8126188039779663,0.3708249886830648,0.7713497161865235,0.517950423558553,146.85199442689336,154.67807476484435,140.64802554313934,164.69442926639852,105.66895379279312,0.4443877061208089,156.1322354130328,0.5347773154576619,145.09662963231767,0.5428609132766724,85.57322461245293,0.5854844093322754,99.22916377701922,0.6505456288655599
0.7993716716766357,0.3100848833719889,0.7859361648559571,0.5376547495524089,0.7569402694702149,0.5030030886332194,0.6972858905792236,0.5654263814290365,0.6955836772918701,0.5529162089029948,0.6739928245544433,0.7301209767659506,0.6936214447021485,0.6111808141072591,0.8071923732757569,0.3719558080037435,0.771438217163086,0.5203289190928142,144.91299857865772,150.90682633244535,141.3480479375373,163.13586765802262,103.5485226532346,0.44614236354827885,156.75152552996167,0.5366225639979045,148.69315133150292,0.5428776502609254,91.9288754984241,0.5820485115051269,98.050058044082,0.6477736790974935
0.7991479396820068,0.312943967183431,0.7861099720001221,0.5317708015441894,0.7556484699249267,0.4958234469095866,0.6996404647827148,0.5657740275065104,0.6976869106292725,0.540814463297526,0.6732361793518067,0.728847058614095,0.7029262065887452,0.581311289469401,0.8079288959503174,0.3719360033671061,0.7708792209625244,0.513797124226888,143.39657765379846,155.30516475582624,127.44266848971247,164.7769959397781,104.63691632129694,0.442866563796997,159.73947903173914,0.527305793762207,143.8849287405412,0.5397855758666992,82.62827887281469,0.5610628763834635,99.19733555958489,0.6473105430603028
0.798668622970581,0.2990606943766276,0.7867082118988037,0.5329671541849772,0.7580286502838135,0.49782934188842776,0.709319019317627,0.5685828526814779,0.7046391010284424,0.5476409276326497,0.6735564708709717,0.7327938715616862,0.7035322666168213,0.5788673400878906,0.8068231105804444,0.36925376256306963,0.7723684310913086,0.5153982480367025,145.26188512282235,156.21501381889328,134.70704798601136,167.84323141405972,103.26568217160411,0.4423260052998861,154.54312519671484,0.5315195878346761,139.8510806163817,0.5419905503590903,92.03002512378914,0.5632541338602701,102.28626174526136,0.650688362121582
0.8033259391784668,0.28334747950236,0.781178617477417,0.5380411783854167,0.7548951625823974,0.503995704650879,0.7002519607543946,0.5658037821451823,0.6957342624664307,0.5521512349446615,0.6746921062469482,0.7337471008300781,0.6825691223144531,0.6592673619588216,0.805581784248352,0.3732043743133545,0.7680368900299073,0.5210184415181478,144.84014522021707,152.12625386600357,155.2817733840914,164.96188827520862,104.25178550098495,0.44711140791575116,156.703768520811,0.5365848382314047,146.5473557351296,0.5434111118316651,97.00681522112448,0.6057092984517416,98.6536296471114,0.6497754414876302
0.803526782989502,0.3098297119140625,0.7838339328765869,0.534419059753418,0.7534526824951172,0.4929408391316732,0.7038714408874511,0.5683020909627279,0.6960299491882325,0.5503266016642253,0.6749934673309326,0.7336797714233398,0.6887171745300293,0.6119550704956055,0.8088748931884766,0.36891905466715497,0.7686433076858521,0.5136799494425456,148.66301846233276,157.91411720270705,147.6459214948256,166.84647152563423,105.53154259004678,0.44129950205485025,153.22074565698776,0.5320032755533854,139.85905112489064,0.5409910202026367,96.76702049151785,0.5811408360799154,99.90502558450478,0.6509909311930339
0.8010592460632324,0.31543617248535155,0.7851553440093995,0.5309930801391601,0.7522045135498047,0.4913324356079102,0.7049108028411866,0.5661976496378581,0.6943347454071045,0.551133664449056,0.67551589012146,0.7317916870117187,0.6880425453186035,0.6432336171468099,0.8103717803955078,0.3688922882080078,0.768679928779602,0.5111627578735352,150.7500213515353,158.92008188444188,152.50169909341,167.17316261921653,106.33303379323337,0.4400275230407715,151.73576993209645,0.5311482111612955,139.20470686343853,0.5386802037556966,93.90833174088937,0.597183640797933,100.06583051908851,0.6489946683247885
0.8005078315734864,0.3084217071533203,0.7811315536499024,0.5295751889546713,0.7506669998168946,0.4890324592590332,0.7040745735168457,0.5696695963541667,0.6964714527130127,0.5553980509440104,0.6749487400054932,0.7337935129801433,0.6952600479125977,0.602978769938151,0.8120566606521606,0.36926387151082357,0.7658992767333985,0.5093038241068523,155.42017709693033,162.63249068852883,144.43889754219032,168.00807384192635,108.24229941891771,0.4392838478088379,146.41918920859072,0.5323509375254314,135.68406817276565,0.5394867102305094,91.45843510867614,0.5791884104410807,100.06308399040392,0.6517315546671549
