0,1,2,3,4,5,6,7,8,9,10,11,12,13,14,15,16,17,18,19,20,21,22,23,24,25,26,27,28,29,30,31
0.7334661483764648,0.427073605855306,0.8274908065795898,0.5867954889933268,0.8168848037719727,0.5713692982991536,0.7265220642089844,0.5769198735555013,0.7287432193756104,0.5632254282633463,0.737560224533081,0.704887580871582,0.7382511138916016,0.6628321965535482,0.7753349542617798,0.4505035241444906,0.8221878051757813,0.5790823936462401,102.8259529132751,109.8180218482452,129.48353512204807,141.1417886435157,69.97876678587086,0.5147929588953654,9.63099238888239,0.5711539109547932,1.2949481739735802,0.5780011336008708,84.54739184976414,0.6130288124084473,85.0700183951808,0.6409037272135416
0.731169319152832,0.4260317166646322,0.8273175239562989,0.5817759195963542,0.8220970153808593,0.5620642979939778,0.7269134521484375,0.5777374903361002,0.7288187503814697,0.5625647862752279,0.7408130168914795,0.7089406967163085,0.7364311695098877,0.6788320541381836,0.7744996547698975,0.4519224643707276,0.8247072696685791,0.571920108795166,106.86186380848135,114.12209308549836,136.70785520449596,142.4746006033348,67.29532170150235,0.5119212865829468,5.572402023237061,0.5672424475351969,176.5957041200182,0.5748287995656332,86.25399430799156,0.6206984202067057,83.95268599803026,0.6433390935262044
0.728531789779663,0.4237030029296875,0.8253001213073731,0.5768966674804688,0.8224118232727051,0.5566171010335287,0.7265599250793457,0.578038215637207,0.7301019668579102,0.5624707539876302,0.7412552833557129,0.7086001714070638,0.7378072261810302,0.6773185094197591,0.7696094989776612,0.4517527898152669,0.8238559722900392,0.5667568842569988,107.02038826784366,115.43761168507773,138.2685356617807,143.36426508910662,64.7471386058622,0.5092548370361328,2.617555385034393,0.5646138191223145,173.38617329620294,0.5723975499471029,86.1617166641819,0.6198946317036946,83.57811989034715,0.6433191935221354
0.7246111392974853,0.43208220799763997,0.8255859375,0.5776772816975911,0.8189432144165039,0.5617543538411458,0.7261497974395752,0.5783099492390951,0.729877519607544,0.56025816599528,0.7406111240386963,0.7099245071411133,0.7363175392150879,0.6772461573282877,0.7667516708374024,0.45635032653808594,0.8222645759582519,0.5697158177693684,103.69343047786177,113.5227722838533,138.2144244795155,143.5144277627669,63.909895425988175,0.5130330721537272,5.8450010177030265,0.5649869918823243,174.89046900807722,0.5740128835042317,86.84913043211668,0.6187521616617839,83.7297017994892,0.6441172281901042
0.7228821754455567,0.4397179921468099,0.8250454902648926,0.5786853154500325,0.818837833404541,0.5635227839152018,0.7255148887634277,0.5778563817342123,0.7279282569885254,0.5604309717814128,0.7401318550109863,0.7062797546386719,0.7375324249267579,0.6776209513346354,0.7675780296325684,0.4533907572428385,0.8219416618347168,0.5711040496826172,103.84870908794738,112.67830146316744,136.91982383908814,142.32383701230432,65.21104934518908,0.5122474034627278,6.476898309961712,0.565767510732015,175.99437370311958,0.5744802157084148,85.31486170573872,0.619025961558024,83.50661925336142,0.6420680681864421
0.7218914985656738,0.44879913330078125,0.8373651504516602,0.5684954325358073,0.8213458061218262,0.5581869761149089,0.7246915340423584,0.5763444264729818,0.7267778396606446,0.5634829839070638,0.7407296657562256,0.709916623433431,0.7367978572845459,0.683934211730957,0.7676568984985351,0.4493650595347087,0.8293554782867432,0.5633412043253581,109.78761457924847,115.77603174722204,137.73768278338545,141.99425765506538,61.57203654712657,0.5063531319300334,179.92080762836093,0.5634120941162108,172.91798451797635,0.5698428153991699,85.2446653429114,0.6237085978190104,83.15322294261296,0.6431305249532064
0.7219065666198731,0.4487102508544922,0.8373716354370118,0.5687694549560547,0.8212347030639648,0.558494504292806,0.724793815612793,0.5764306386311849,0.7267490863800049,0.5634220123291016,0.740752124786377,0.7098949432373047,0.7362454891204834,0.6801525751749674,0.7683005332946777,0.4483234087626139,0.8293031692504883,0.5636319796244303,109.73265102572648,115.74000878804449,136.73688390948263,141.9898222463201,62.11945065562994,0.5059776941935221,0.11730613459843653,0.5635269959767659,173.0180809160083,0.5700313091278076,85.34904849374307,0.6217872937520346,83.18152277075605,0.6431627909342448
0.7192023754119873,0.4539127985636393,0.828182601928711,0.5814459482828777,0.8191039085388183,0.5655902226765951,0.7237661361694336,0.5760499954223632,0.7278012275695801,0.5611458460489909,0.7387696266174316,0.7064507802327474,0.7361706733703614,0.6814996083577474,0.7665004730224609,0.44652207692464196,0.8236432552337647,0.5735180854797364,101.30006795350224,109.71110151351171,137.01214311905068,140.8795564774147,65.77428884138915,0.5100200812021891,7.355628867860645,0.5673319657643636,178.5478486770437,0.5747840404510498,86.02203404138194,0.6213227272033691,83.43659454646541,0.6412503878275553
0.7152431011199951,0.4572533289591471,0.8234705924987793,0.5795927047729492,0.8154584884643554,0.5583093007405598,0.7252093315124511,0.5765275955200195,0.7243638515472413,0.5646707534790039,0.739446496963501,0.7000246047973633,0.7345903396606446,0.6737393061319987,0.76258864402771,0.4515706221262614,0.8194645404815674,0.5689510027567546,106.0968619891969,111.24966590275514,135.63744749368885,142.02046966829425,64.14779485693973,0.510260812441508,2.5770036986836544,0.5668108781178792,175.40422858788202,0.5727392991383871,84.64349210761124,0.6192050298055013,83.42377370058605,0.6382761001586914
0.7128716945648194,0.45908031463623045,0.8175799369812011,0.5747364679972331,0.8106304168701172,0.5567033131917317,0.725807523727417,0.5762199401855469,0.7273094654083252,0.5621791203816732,0.7394180774688721,0.697437604268392,0.7370806694030761,0.6715887705485026,0.7588471651077271,0.4531306425730387,0.8141051769256591,0.5657198905944825,103.79424992826982,111.8067385540747,138.8589210604384,144.03927625610112,63.85852007683931,0.5094252665837606,2.336045876019142,0.5639495054880779,173.21843202776697,0.5709699153900147,84.89654357519582,0.6168839454650878,83.59355168357227,0.6368287722269694
0.7079965591430664,0.463423220316569,0.8181461334228516,0.5738495508829753,0.8110479354858399,0.5576927820841472,0.7250302314758301,0.5782939910888671,0.7278677940368652,0.5661643981933594,0.7391230583190918,0.7038469314575195,0.7358467102050781,0.6816101710001627,0.752776312828064,0.45218399365743,0.8145970344543457,0.5657711664835612,102.58701823374614,110.36747462096851,141.83747826663608,144.93400028868248,61.44240612565269,0.5089775800704956,179.74022183468034,0.5659677823384603,172.0407594464607,0.5720325787862142,86.04634816256355,0.6238872845967611,83.59557973487497,0.6410704612731933
0.7011353969573975,0.4677380879720052,0.8280975341796875,0.5617178599039714,0.8180213928222656,0.55121275583903,0.7253376007080078,0.5773728052775066,0.7319323539733886,0.5613505045572916,0.7394927501678467,0.7087011337280273,0.7376052856445312,0.6805964152018229,0.7474504709243774,0.4485483169555664,0.8230594635009765,0.5564653078715007,100.90158199783681,111.81627816874546,142.73204762996,145.08448084144297,54.98407774317013,0.5025068124135336,176.93139088075637,0.5589079062143962,167.92368807467847,0.5669190565745037,87.27629934186584,0.6209734598795573,83.84815649757377,0.6430369695027669
0.7012497425079346,0.46675192515055336,0.8304239273071289,0.5730200449625651,0.8237808227539063,0.5593875249226888,0.7244527816772461,0.5757301330566407,0.7272150039672851,0.5639659881591796,0.7394755840301513,0.7057399113972982,0.7353244304656983,0.6733456293741862,0.7486061811447144,0.44676192601521814,0.8271023750305175,0.5662037849426269,99.05994228849612,105.90969943872496,135.17640434325068,141.28036666997835,56.68741622929385,0.5064828554789225,1.283394141409815,0.5650848865509033,174.6978786634206,0.5709669589996338,85.75983818810616,0.6186558087666829,83.40862917587104,0.6407350222269694
0.6945032119750977,0.46947991053263344,0.8391387939453125,0.5681336085001628,0.828448486328125,0.5524232864379883,0.7269490242004395,0.576329231262207,0.7323304653167725,0.5612325668334961,0.7405462265014648,0.7070398966471354,0.7376223564147949,0.6690501530965169,0.7415143489837647,0.4440584818522135,0.8337936401367188,0.5602784474690756,95.02034395835702,104.82735040450035,135.70833286703095,141.63061696174853,51.55023177873283,0.5021684646606446,179.4612291449054,0.5607555071512859,171.4565999968683,0.5683038393656413,87.1900697084214,0.6151413599650065,84.06115585048637,0.6416845639546712
0.6866765022277832,0.4806267102559408,0.8426179885864258,0.5679417928059896,0.8310642242431641,0.5537063598632812,0.7270606517791748,0.5756758371988933,0.728981351852417,0.5625890096028646,0.7378511428833008,0.7086292266845703,0.7349483489990234,0.6752373377482096,0.7334760189056396,0.44861685434977217,0.8368411064147949,0.5608240763346354,93.19583678917259,100.59502263282215,135.28064032352077,141.5485276141655,47.34878572676563,0.5047204653422037,179.0625400193767,0.56170654296875,172.29545838029134,0.5682499567667643,86.96786859392132,0.6189131736755371,85.36004697596238,0.6421525319417318
0.685422706604004,0.4906362215677897,0.8359716415405274,0.5631018320719401,0.8280426979064941,0.552932866414388,0.7260376930236816,0.5753588358561198,0.7298876285552979,0.5621367772420247,0.7390840530395508,0.709761110941569,0.7351969242095947,0.6709828058878581,0.7302866458892823,0.44873808224995926,0.8320071697235107,0.558017349243164,92.51162411618253,101.21577554490298,136.61119839792576,142.97370342449628,47.05165588251635,0.5033777157465616,177.68998239117732,0.5600770632425944,170.70615071294773,0.5666880925496419,87.20743769983393,0.6165597915649415,84.45569818453033,0.6425599733988444
0.6833871841430664,0.4840502103169759,0.8397902488708496,0.5637341817220052,0.8313974380493164,0.5534010569254557,0.7237524509429931,0.5755854924519856,0.7324481010437012,0.5631599426269531,0.7375030517578125,0.7053361892700195,0.7361354351043701,0.6637172698974609,0.724712347984314,0.445622730255127,0.835593843460083,0.5585676193237304,88.78376600165551,99.07498159598322,134.49325406011954,140.1942877986561,45.52817899765835,0.5020951747894287,177.45072278136385,0.5608637809753418,171.34819384482444,0.5670765558878581,87.89996343580037,0.613438606262207,83.9505402374144,0.6404608408610026
0.6822079181671142,0.4806676864624023,0.8289806365966796,0.5550739288330078,0.8241841316223144,0.5505275726318359,0.7237174034118652,0.5745315551757812,0.7240846157073975,0.5649927775065104,0.7381608963012696,0.7073581695556641,0.7356279373168946,0.6722970962524414,0.7205981731414794,0.4443568547566732,0.826582384109497,0.5528007507324219,95.1279960600873,100.55601255087105,136.5834699558794,144.0204252865261,45.65720576989326,0.4985788027445475,173.21658611433352,0.5588967641194662,168.07133565155416,0.5636661529541016,83.8599871845288,0.618644936879476,83.79407202565504,0.6409448623657227
0.6822653770446777,0.4810486157735189,0.8322037696838379,0.55602601369222,0.8244629859924316,0.5505847930908203,0.7238181591033935,0.5743782043457031,0.7242995738983155,0.564723523457845,0.7381861209869385,0.7075276692708333,0.7356173992156982,0.672354253133138,0.7208166599273682,0.44411122004191084,0.8283333778381348,0.5533054033915201,94.6093015761518,100.07946068807072,136.0854888466968,143.53364017657117,45.44349301248618,0.4987083117167155,173.73663142959245,0.5590144634246825,168.60061306640438,0.5638418038686116,83.99716744983803,0.6185388882954915,83.8411285160774,0.6409529368082683
0.6997025966644287,0.45531495412190753,0.8210036277770996,0.5490835825602214,0.8195165634155274,0.5410935719807942,0.7202177524566651,0.5737543106079102,0.7238263607025146,0.566618537902832,0.7395621299743652,0.705140495300293,0.7343389987945557,0.6762734095255534,0.7215177297592164,0.4476704756418864,0.8202600955963135,0.5450885772705079,101.47365199598813,106.57963683217838,141.30049655729673,144.8671667237143,44.61320648112883,0.4963795264561971,167.41444923502283,0.5558535575866699,164.01108579123047,0.559421443939209,84.52377685169976,0.6214459737141926,81.62434776602699,0.6394474029541015
0.6710345268249511,0.47632312774658203,0.820000171661377,0.549521001180013,0.8097662925720215,0.5349725087483724,0.7269662380218506,0.5756085713704427,0.724576997756958,0.5617177327473958,0.7409337043762207,0.7092613220214844,0.7340790271759033,0.6687379201253255,0.7108818292617798,0.4517884890238444,0.8148832321166992,0.5422467549641927,95.0658976758252,103.37886578005306,142.3551986956587,150.1514588348843,41.016070350734815,0.49701762199401855,167.8326871241403,0.5519822438557942,159.2197745820152,0.5589276631673177,84.92616933542635,0.6152278264363606,84.03392430717517,0.6424349466959636
0.66578688621521,0.48821725845336916,0.8170873641967773,0.5440092086791992,0.8098013877868653,0.5295874277750651,0.7207030773162841,0.5733926137288411,0.7289515972137451,0.5594473520914713,0.7368197441101074,0.7031400680541993,0.7371052742004395,0.6650705337524414,0.7068945646286011,0.456452735265096,0.8134443759918213,0.5367983182271321,92.91814627269208,104.79900818416318,144.8274577522347,148.18627223754368,37.01870182532117,0.49662552674611404,164.99414017539107,0.5481228351593017,158.46656748700582,0.5550954659779865,85.5857550842326,0.6122589429219564,82.91923542319445,0.6382663408915201
0.6607433795928955,0.49220107396443685,0.8134790420532226,0.5349379857381185,0.8046462059020996,0.5171268145243327,0.7220856189727783,0.5756566365559895,0.7265027523040771,0.5609090169270833,0.7391974449157714,0.7019286473592122,0.7342260837554931,0.6718832651774088,0.7038994312286377,0.44999953905741374,0.809062623977661,0.5260324001312255,101.38204169586514,111.47151199586212,148.85637617345114,150.619793930006,35.86688369430045,0.48801596959431964,157.0988448060027,0.5434707085291544,150.29332589454634,0.5508445183436075,86.01887894292885,0.616396141052246,82.28254188058621,0.6387926419576009
0.6568554878234864,0.4798194249471029,0.8147381782531739,0.5177872021993001,0.7980632305145263,0.5074891090393067,0.7222936630249024,0.5765384038289388,0.7268351554870606,0.559726333618164,0.7401291847229003,0.7009623845418295,0.7342317581176758,0.6761186599731446,0.700312614440918,0.4504878997802735,0.8064007043838501,0.5126381556193034,106.97067792477729,117.33378665573177,152.5446056916029,152.45549073314487,30.363321087547238,0.4815630276997884,149.3822674370407,0.5361822446187336,142.77427971708693,0.544588279724121,86.36380667768738,0.6179224967956543,81.84252166549558,0.6387503941853842
0.6627496719360352,0.4804749806722005,0.8201427459716797,0.5195465087890625,0.8044121742248536,0.5047576268513997,0.7227816581726074,0.5734966278076172,0.7207119941711426,0.5603728612263997,0.7390480518341065,0.6993838628133138,0.7336262702941895,0.6726305643717448,0.6983754158020019,0.45451010068257647,0.8122774600982666,0.5121520678202311,105.85807253503579,112.83694387477325,147.3277967061197,151.27609976744256,26.842427036444636,0.4833310842514038,152.22752411743994,0.5362624645233154,145.57145849862005,0.5428243478139242,83.43746615666244,0.6165017127990723,82.63737814780612,0.6364402453104655
