0,1,2,3,4,5,6,7,8,9,10,11,12,13,14,15,16,17,18,19,20,21,22,23,24,25,26,27,28,29,30,31
0.5222068309783936,0.27135391235351564,0.5106614589691162,0.5146591186523437,0.5444220542907715,0.5235074043273926,0.5011748313903809,0.5151181221008301,0.5471370697021485,0.5076828956604004,0.5128716945648193,0.5737995783487956,0.538931131362915,0.5532641092936198,0.5209768295288086,0.34245165189107263,0.5275417566299438,0.5190832614898682,68.80624334211447,87.99006911521813,151.36586906580087,153.71842390412775,87.87144805258669,0.4307674566904704,149.80956452424715,0.5133830785751343,8.552230205429282,0.5171006917953491,100.20558074711384,0.5304735024770101,78.7270886878955,0.5444588502248129
0.5181656837463379,0.27410704294840493,0.518809175491333,0.521868642171224,0.5500044822692871,0.524355697631836,0.5080216884613037,0.5221806526184082,0.5481732845306396,0.5141167004903158,0.5113370895385743,0.572861925760905,0.5391983985900879,0.567629623413086,0.5214905977249146,0.3437753200531006,0.5344068288803101,0.52311216990153,65.74064246601266,92.2954527280436,164.3359860668684,151.37934074378188,85.88054594418874,0.4334437449773153,146.83803621874014,0.5186144351959229,2.0219657736294607,0.5226464112599691,99.52071861750807,0.5408731619517009,86.25723260056787,0.5475212891896566
0.516235637664795,0.2754059155782064,0.5172470092773438,0.5275368372599284,0.5518024921417236,0.5300450960795084,0.5034700870513916,0.5292061487833659,0.5476809978485108,0.5241960525512696,0.5109333515167236,0.579011599222819,0.5421250820159912,0.5764235814412435,0.5234301090240479,0.3463872273763021,0.5345247507095336,0.5287909666697184,78.51438143786393,96.99679208323096,164.86198717946823,146.315701041217,86.51929309020667,0.43758909702301024,160.74787699578755,0.5264935096104939,179.2340356363489,0.5289985577265421,96.07223483065714,0.5503098169962566,81.47773240265067,0.5541088740030924
0.5177099704742432,0.2769041379292806,0.5178094387054444,0.5255929946899414,0.5519158840179443,0.5252074877421061,0.485158634185791,0.49695472717285155,0.5476746559143066,0.5148246129353841,0.5115367412567139,0.573829460144043,0.5404762744903564,0.5542944590250651,0.5268442630767822,0.34039446512858074,0.5348626613616944,0.5254002412160237,57.27211092152831,75.12720657326048,158.6696313884661,135.34353543107406,87.518277297726,0.4328973531723022,140.4621175100272,0.5201124270757038,29.782418637733798,0.5111774841944376,100.33582174021792,0.5345595359802247,71.06131431984866,0.5353920936584473
0.5167286396026611,0.27814213434855145,0.5213317394256591,0.5340994517008464,0.5534563064575195,0.5258980433146159,0.4996851921081543,0.5235816637674967,0.5440621852874756,0.5170653343200684,0.5127569198608398,0.5760251998901367,0.5370692729949951,0.5535629908243815,0.5262854814529419,0.3428430239359538,0.5373940229415893,0.5299987475077311,33.10055223564974,88.71466063425679,169.94320854209553,137.84471217982508,86.60322064991138,0.43642088572184246,117.27456267810527,0.5235320409138997,9.657765727366439,0.5267902056376139,100.84636162279557,0.535314162572225,76.00402632172462,0.5498034318288167
0.5174870967864991,0.2834914207458496,0.5184990882873535,0.5262426694234212,0.5510299205780029,0.5261975288391113,0.487580394744873,0.5130040168762207,0.5431762218475342,0.5094478607177735,0.5123655796051025,0.5753966649373372,0.5368794918060302,0.5535157521565756,0.5244205236434937,0.3445011456807454,0.5347645044326782,0.5262200991312662,33.122069693241414,86.68528898907586,167.43754320522277,133.84648418810607,86.74207038362812,0.4353606224060058,116.6349654572619,0.5178339799245198,15.647348947786668,0.5196120580037434,98.13178039840976,0.5314818064371745,68.33478334407869,0.5442003409067789
0.5129424571990967,0.28517932891845704,0.516611385345459,0.5276541392008464,0.548638391494751,0.5187227249145507,0.49027175903320314,0.5206647872924804,0.5403364658355713,0.5077772458394368,0.5110732078552246,0.5737736384073894,0.5120604515075684,0.575419553120931,0.522280216217041,0.34375734329223634,0.532624888420105,0.5231884320576985,32.86499850963863,96.84578168883641,178.80452112454233,135.53463746092876,86.70040077982082,0.4334728876749674,116.58284719781419,0.5154828389485677,3.40998254748294,0.5219266096750894,112.6860306730111,0.5415983994801838,68.61092620766829,0.5472192128499349
0.5112450122833252,0.28860514958699546,0.5200591087341309,0.522130012512207,0.5522113800048828,0.5253041903177897,0.5075739860534668,0.5300437927246093,0.5448935031890869,0.5244774182637533,0.5120007991790771,0.5787162780761719,0.5386936664581299,0.5749764124552409,0.5219427347183228,0.3474186102549235,0.5361352443695069,0.5237171014149984,102.34711873516255,106.98878256106947,170.14339846728174,151.1106168191331,85.39745881301448,0.43556785583496094,4.961489065058926,0.5240972598393758,167.50991880692044,0.5268804470698039,96.99926218124158,0.549726915359497,84.80318733890012,0.5543800354003906
0.5097630500793457,0.2882436116536458,0.5168700695037842,0.5246445337931315,0.5502046108245849,0.5266543706258138,0.5011401176452637,0.5290470441182454,0.5392578601837158,0.5350028355916341,0.5106655597686768,0.5782953262329101,0.5125264167785645,0.5746479034423828,0.5219775676727295,0.3429080009460449,0.5335373401641845,0.5256494522094726,153.6904111626266,102.37431010521252,169.21946633971172,145.57087269102868,86.38043339202969,0.43427872657775873,58.55008536772188,0.5303261439005533,174.0131078738786,0.527348248163859,123.99057001052788,0.5548253695170084,79.05320805979552,0.5536711851755778
0.5132249355316162,0.2881993293762207,0.5190017223358154,0.5245578130086263,0.5501958847045898,0.5259392420450847,0.5064803123474121,0.5403666178385417,0.5418108940124512,0.5354239145914713,0.5104547500610351,0.5736911773681641,0.5356269836425781,0.5690135955810547,0.523512887954712,0.3419955094655355,0.5345988035202026,0.5252485275268555,150.0758288010586,123.1724914691908,168.22275511991495,146.70688171622206,86.53810324952661,0.43362201849619547,54.67182474112528,0.5303362210591633,151.73501273598797,0.5328075726826986,100.43143303327837,0.552218755086263,83.19877169564266,0.5570288976033528
0.51521897315979,0.2869577725728353,0.515415096282959,0.5097304662068685,0.5510875225067139,0.5197198232014973,0.5060879230499268,0.5199419021606445,0.5526297092437744,0.5158600489298503,0.5096940517425537,0.5752312342325846,0.5512674808502197,0.589544932047526,0.522398567199707,0.3417051315307617,0.5332513093948364,0.514725144704183,103.19943250667069,106.09998475247993,165.4021291875668,154.9954879094632,86.41080400873733,0.42821513811747236,3.3517231493589033,0.5152925968170166,169.12865253388148,0.5173335234324137,91.05911883562504,0.5527024904886881,86.2682906569787,0.5475865681966146
0.5086583614349365,0.29221216837565106,0.5198143005371094,0.5142086982727051,0.5495172023773194,0.5088092803955078,0.5073198318481446,0.5297064145406087,0.5451943397521972,0.5164711634318034,0.5115971088409423,0.5700187683105469,0.5385424613952636,0.5681749979654948,0.5229751825332641,0.3426327705383301,0.5346657514572144,0.5115089893341065,122.51849463061923,128.4255796649232,168.75527211896713,152.42556124921472,86.03997909885824,0.4270708799362183,25.234726434809076,0.513990076382955,146.35809972025012,0.5206077019373576,97.33103148794335,0.5423230806986491,83.94338460931937,0.5498625914255778
0.5213764667510986,0.27906411488850913,0.5134541034698487,0.5151358286539713,0.5478894233703613,0.5157621701558431,0.5087337017059326,0.5290044784545899,0.53990478515625,0.5230197588602702,0.5120343685150146,0.574668820699056,0.513493013381958,0.5767038345336915,0.5244653701782227,0.3416737238566081,0.530671763420105,0.5154489994049072,134.21687676237312,126.51214941157471,169.46950197494596,158.39619421017713,87.95454758328702,0.42856136163075764,39.3505712839957,0.5192343791325886,148.2881741930887,0.5222267389297486,116.19650425511352,0.5498617966969808,85.86579043266865,0.551836649576823
0.5213150024414063,0.2775137265523275,0.5136834621429444,0.5139053344726563,0.5499622344970703,0.5147900899251302,0.5088360786437989,0.5295580863952637,0.542686939239502,0.5333269437154134,0.5112313270568848,0.5681147257486979,0.5137275695800781,0.5767260869344075,0.5246829748153686,0.34126664797465006,0.5318228483200074,0.5143477121988933,155.5676425660808,128.30341964255385,162.46248167979613,155.48950809959868,87.63779584621204,0.42780718008677165,60.2123167927434,0.5238373279571533,146.50734391485474,0.5219528992970786,123.71437960089952,0.5550265153249105,86.44519101727285,0.5488364060719808
0.5197968482971191,0.2783447265625,0.5146561145782471,0.506216843922933,0.5505852222442627,0.5152614275614421,0.5102939605712891,0.5300785064697265,0.5457259178161621,0.5252027829488118,0.5115242004394531,0.5630314509073894,0.5353165626525879,0.5484748840332031,0.5231369733810425,0.3394608656565348,0.5326206684112549,0.5107391357421875,144.75480151847876,134.75359842928873,151.8152091519641,155.89116093799188,86.83076308534827,0.42510000069936116,47.820844363126525,0.5179709593454997,139.10092409359928,0.520408821105957,114.09844345149469,0.5368388334910075,87.8619564053763,0.546554978688558
0.5208804607391357,0.2740457534790039,0.5127532958984375,0.513439432779948,0.5470628261566162,0.5145739555358887,0.511500358581543,0.5213866551717122,0.5435375690460205,0.5173126856486002,0.509556245803833,0.5558095932006836,0.5141931056976319,0.5711309432983398,0.5238331317901611,0.33940080006917317,0.5299080610275269,0.5140066941579183,109.95438729642466,115.72356782231054,166.78017273134105,157.27325724063064,88.0073555674487,0.42670374711354575,13.634412778572212,0.5156596899032593,158.15331107711643,0.5176966746648153,118.60147448946131,0.5442218144734701,93.23247396510804,0.5385981241861979
0.5112094879150391,0.28692200978597004,0.515763235092163,0.5131176312764486,0.5506069183349609,0.5137364705403645,0.505837345123291,0.5172617912292481,0.5394544124603271,0.515362008412679,0.5114693164825439,0.5641324996948243,0.5142244338989258,0.574735959370931,0.5223081588745118,0.3422104199727376,0.533185076713562,0.5134270509084066,112.80748313516278,103.35726780800407,174.16269671618556,149.96407548201432,86.36504261378805,0.4278187354405721,17.152232623384396,0.5143945296605428,172.01794215964625,0.5153444210688274,113.0222628622888,0.545048983891805,83.14820519841074,0.5406971454620362
0.516188383102417,0.27923377354939777,0.5148830890655518,0.4948131561279297,0.5497908592224121,0.49562950134277345,0.5069723129272461,0.5050148963928223,0.5448075771331787,0.5005071640014649,0.5119898796081543,0.5543128331502278,0.53512601852417,0.5418306350708008,0.5221121788024903,0.3404316266377767,0.532336974143982,0.4952213287353516,121.03989496843595,116.36790466273104,163.38973365089,155.18819843473844,86.22075788046503,0.4178264776865641,22.970322211095898,0.4978642463684082,158.8878906558258,0.5001181125640869,103.18583973445413,0.5211688995361328,84.18842195279801,0.529663864771525
0.5144312381744385,0.27822151184082033,0.51551833152771,0.502949587504069,0.5490340709686279,0.5037412961324056,0.5028470516204834,0.5028039614359537,0.5386043548583984,0.49641717274983727,0.5108712673187256,0.5538378397623698,0.5146460056304931,0.5756432215372721,0.5225309610366822,0.34162995020548503,0.532276201248169,0.5033454418182373,48.33645424042108,95.90886272766475,176.87883451474931,148.09111486394875,86.55143296318421,0.42248769601186115,132.40800182202878,0.49988130728403724,1.0540923091935497,0.5030747016270956,106.82557638692313,0.5360301971435547,81.06436315736056,0.5283209005991618
0.5149351119995117,0.2856485366821289,0.5159951686859131,0.5161963144938151,0.5494417667388916,0.5166555404663086,0.5023906230926514,0.5229544957478841,0.5418307304382324,0.5199005762736003,0.5135169982910156,0.5654858271280925,0.5308150768280029,0.552484639485677,0.5242416858673096,0.3441601594289144,0.5327184677124024,0.5164259274800618,116.58807007082981,109.11623119930064,164.34281533556862,143.96493097926535,87.18288555958709,0.4302930434544881,20.872634086236484,0.5181632518768311,167.85152719973223,0.519690211613973,108.67878853675373,0.5361926078796386,75.33972319953384,0.5442201614379882
0.5122401714324951,0.2836150169372559,0.5172884941101075,0.5337347666422526,0.5497756481170655,0.526803716023763,0.5010088920593262,0.535739517211914,0.540128231048584,0.5290428161621094,0.512285566329956,0.5747217178344727,0.5276251316070557,0.5774829864501954,0.5215035915374756,0.35294537544250487,0.5335320711135865,0.5302692413330078,85.50460324473556,105.94479947026065,172.65828808396793,138.32009915665355,86.11937761409554,0.4416073083877563,169.46725900550175,0.5296560287475586,170.4524304442941,0.5330043792724609,104.47296703666926,0.5532629013061523,73.86603222430158,0.5552306175231934
0.516656494140625,0.28474334081013997,0.5205873489379883,0.5175546328226726,0.5451605796813965,0.5178744951883952,0.511925745010376,0.5169348398844401,0.534491491317749,0.5080025355021159,0.5131995677947998,0.5634479522705078,0.5142433166503906,0.562745730082194,0.520980429649353,0.351505168279012,0.5328739643096925,0.5177145640055338,14.39009831785041,91.00127011391626,177.8219643398757,155.15400994014686,85.90703172419869,0.4346098661422729,99.45575315011646,0.5128585497538249,2.1316507314365367,0.5173247019449869,110.29820664158355,0.535374132792155,88.43127179754605,0.540191396077474
0.5170064926147461,0.2728603363037109,0.5142336368560791,0.4987812360127767,0.5447992324829102,0.49709043502807615,0.5149563312530517,0.476874574025472,0.5386245250701904,0.46701841354370116,0.5160881519317627,0.5197139104207357,0.520362138748169,0.5117546399434407,0.5189423322677612,0.34367297490437826,0.5295164346694947,0.4979358355204264,25.48089837813346,36.37097996831419,168.68387931704598,146.82875582533123,86.07873711092627,0.42080440521240237,106.41466287827284,0.4824771245320638,55.34306027718412,0.48740520477294924,112.20644494027617,0.48938652674357097,88.48659033418622,0.4982942422231038
0.5177052974700928,0.2752594312032064,0.5190121173858643,0.5096493721008301,0.5499186515808105,0.5104175885518392,0.5137039661407471,0.507098388671875,0.5438711643218994,0.4913329760233561,0.5137670516967774,0.5452422459920248,0.5265138149261475,0.5353156407674153,0.5228650331497192,0.3430018107096354,0.5344653844833374,0.5100334803263347,34.76141766953129,85.1486338503303,175.9228328380363,149.45505809605294,86.02718663581885,0.42651764551798504,116.70099283217408,0.5006832281748455,8.046717284563755,0.5085659344991048,111.53620960501944,0.5133243083953858,89.90523945224567,0.5261703173319499
0.5168200016021729,0.27432956695556643,0.5117007732391358,0.5217349688212077,0.5515259742736817,0.5231647491455078,0.4907359600067139,0.4692858060201009,0.5432989597320557,0.49445056915283203,0.5118594169616699,0.5774482091267904,0.512813663482666,0.5765092213948567,0.5241787910461426,0.34962960879007976,0.5316133737564087,0.5224498589833577,30.174409499044263,53.171594657467715,178.79531251381815,149.19262003619136,87.53670227331466,0.43603973388671874,112.65336077880006,0.5084502140680949,52.443605238293415,0.4958678325017293,110.38034256363298,0.5354798952738444,78.94956981547728,0.5233670075734457
0.5174760341644287,0.2792903264363607,0.5154150009155274,0.5070076624552409,0.551584005355835,0.5096400578816732,0.508920955657959,0.48701356252034506,0.5405794620513916,0.478204886118571,0.5132726192474365,0.5561035792032878,0.5264612674713135,0.5424981435139974,0.5241218566894531,0.3492266019185384,0.5334995031356812,0.508323860168457,20.49979262198273,55.369297858589,179.25237751143857,153.45126370160781,86.62672617079211,0.4287752310434977,103.2281566797306,0.493264373143514,40.92621550521034,0.49766871134440105,102.38504228595245,0.5103515148162842,86.39596227364231,0.5215585708618165
0.516878080368042,0.2800387064615885,0.5128003597259522,0.5135410308837891,0.5538200855255127,0.5153939247131347,0.49039154052734374,0.46929101943969725,0.5404894828796387,0.46374632517496744,0.5121929168701171,0.5762300491333008,0.5131194114685058,0.5749750773111979,0.5248822689056396,0.3510367552439372,0.5333102226257325,0.5144674777984619,15.94011443701383,59.79205765786594,175.37076272168767,149.6010413807464,87.04793079016555,0.43275211652119955,98.05633990591129,0.48910690148671465,46.46810298763003,0.4918792486190796,103.82412731781565,0.5193607012430826,78.4771665592319,0.522760534286499
0.5158034324645996,0.27957995732625324,0.5147707462310791,0.5051090876261394,0.5494877338409424,0.5066801071166992,0.4896284580230713,0.4711894989013672,0.5301458835601807,0.48047059377034507,0.5125429630279541,0.5783379872639974,0.5121448516845704,0.5800506591796875,0.5235157489776612,0.34396750132242837,0.5321292400360107,0.5058945973714193,1.6799311331022004,65.6809622918008,175.16428209825062,152.79955047114194,86.95509889095969,0.42493104934692383,85.53932294118862,0.4931825955708822,39.23423434461904,0.48854204813639324,100.24666966542775,0.5302606264750163,77.92870416529695,0.5247637430826824
0.5164771556854248,0.2791180928548177,0.5141295909881591,0.5079717953999837,0.5511227130889893,0.5034031550089518,0.5100892066955567,0.4862879117329915,0.5403772354125976,0.4874452590942383,0.5120515823364258,0.5746767679850261,0.5138232707977295,0.5792344411214193,0.5239424467086793,0.34338061014811194,0.5326261520385742,0.5056874752044678,29.528672796288916,54.81535444839975,178.20616871181812,162.1220725568245,86.93749396472013,0.42453404267628986,113.02054770411065,0.49656636714935304,40.721520441222964,0.4959876934687296,106.13478443369264,0.5333398501078288,88.7281499205158,0.5304823398590088
0.5136128425598144,0.2794292132059733,0.5139645099639892,0.495916748046875,0.5477060794830322,0.5018576939900716,0.5111363887786865,0.5245546340942383,0.5313217639923096,0.5177539189656576,0.5112855911254883,0.5774330139160156,0.513029956817627,0.5789717356363933,0.5221814393997193,0.3394703229268392,0.5308352947235107,0.4988872210184733,178.5421219735883,145.91005248253603,175.89871311737798,165.86166020847094,86.89278103353743,0.4191787719726563,88.52298152377988,0.5083205699920654,127.5050677152141,0.5117209275563558,106.63607981268447,0.5483628273010255,89.83833388792594,0.550993824005127
0.5100773334503174,0.2840334256490072,0.5173344612121582,0.49915892283121743,0.54613356590271,0.4947530746459961,0.5114473819732666,0.5150711695353191,0.5270232677459716,0.5071034113566081,0.5116163730621338,0.5765685399373373,0.5143813610076904,0.5612144470214844,0.5224492073059082,0.341775099436442,0.5317340135574341,0.49695599873860674,153.51302846545323,135.3961991191741,178.03812510124507,165.66110914049804,86.57595255089478,0.4193655490875244,114.90220048726428,0.5020297050476075,138.23638947570754,0.5060135841369628,103.1500866008969,0.5341589291890463,89.84255502742845,0.5458198547363282
0.5097601413726807,0.2824783643086751,0.5149811267852783,0.49781592686971027,0.5459152221679687,0.5022449811299642,0.5085693836212158,0.5232173283894856,0.5272128582000732,0.516191037495931,0.5112477302551269,0.5768464406331381,0.5126792430877686,0.5778977076212565,0.5215481519699097,0.33743764559427897,0.5304481744766235,0.5000304539998373,166.86406104251478,140.6588619136282,179.6013250925728,163.10715844042767,86.86686423726788,0.4187340497970581,101.32083954969947,0.5081107457478842,133.337389945831,0.5116238911946615,103.2531872882346,0.5470443725585937,87.14090804203488,0.5500318845113119
0.5065225124359131,0.28914337158203124,0.5148233890533447,0.5078406969706217,0.5488766193389892,0.5117655118306478,0.4972202301025391,0.5211715698242188,0.5331123352050782,0.5170381546020508,0.5070864200592041,0.5792908350626628,0.513178014755249,0.5755405426025391,0.5220772981643677,0.3403107643127441,0.5318500041961669,0.5098031044006348,173.67594489651447,115.99984264342692,177.04038840816645,150.75073182349448,86.7000541799314,0.42505693435668945,80.10297716491957,0.5134206295013428,161.82572275012004,0.5154873371124268,108.81622030238603,0.5462893486022949,80.36545076599906,0.5502312024434408
0.5004820346832275,0.29324286778767905,0.5130719661712646,0.5081082026163737,0.5463221549987793,0.5111284255981445,0.49556384086608884,0.5213607788085938,0.5265756130218506,0.5253124872843424,0.5071794033050537,0.578898557027181,0.514830493927002,0.5731809616088868,0.5211330413818359,0.3441551049550374,0.529697060585022,0.5096183141072591,167.0302766906909,117.19477564446593,179.37829810863482,150.58134686417543,87.03713772509884,0.42688670953114827,101.24888472095027,0.5174654006958008,161.0158266488964,0.5154895464579264,103.78588200295893,0.5492467244466146,78.58668906404819,0.5501296679178873
0.4980450630187988,0.2914031982421875,0.5167506217956543,0.47995227177937827,0.537278127670288,0.4797514279683431,0.49495434761047363,0.5186416308085123,0.5162286758422852,0.5100348790486654,0.5102283477783203,0.580126953125,0.5112999439239502,0.5795183181762695,0.5175111293792725,0.3369501908620198,0.5270143747329712,0.47985184987386065,160.76051808091745,147.50302251672568,175.09734412796067,156.54596692293666,86.19531853575643,0.40840102036794024,109.66400144912241,0.494943364461263,129.57397129319466,0.4992467403411865,94.05741756546996,0.5447765986124675,76.04915149753977,0.5493842919667562
0.4987778663635254,0.28949769337972003,0.5170457839965821,0.47847894032796223,0.5343792915344239,0.47065105438232424,0.4996471881866455,0.5180605252583822,0.5142653942108154,0.5107298851013183,0.5109777450561523,0.5799425125122071,0.508470869064331,0.5813657760620117,0.5198090076446533,0.33707071940104166,0.525712537765503,0.47456499735514324,164.2644397163182,155.42361888703232,175.51911005336962,161.66412867543235,87.54142691283413,0.4058178583780925,107.56395688319466,0.4926474412282308,120.93278347930989,0.4963127613067627,94.68968514972443,0.546047830581665,79.62410835124902,0.5490015188852946
0.5077509880065918,0.28815720876057943,0.5189761161804199,0.5295375188191732,0.5499104976654052,0.5226906776428223,0.5049000740051269,0.5031894683837891,0.5424560070037842,0.49855928421020507,0.5136140346527099,0.5708330154418946,0.521260404586792,0.5125329971313477,0.5229827642440796,0.34350806872049966,0.5344433069229126,0.5261140982309978,23.372400505624658,58.650432274447205,100.75177525681883,147.6842220540553,86.40876808728879,0.4348110834757487,106.2139709517461,0.5123366912206014,37.81035054233746,0.5146517833073934,146.60416736589977,0.5055461406707764,82.65948420858128,0.5370112419128419
0.49872798919677735,0.2924663543701172,0.5214949607849121,0.5221975326538086,0.5498197555541993,0.5143799146016439,0.5016536712646484,0.5040726661682129,0.5394917964935303,0.4972296396891276,0.5137930393218995,0.5709444681803385,0.5200900554656982,0.5272523880004882,0.5205919981002808,0.3439263979593913,0.5356573581695556,0.5182887236277263,17.34754256866386,74.05573562277867,152.8053150355806,147.1612701426355,85.06175938959338,0.4311075607935588,100.31936768555188,0.5077591816584269,22.68853680565553,0.5111806948979696,122.87194594605181,0.5122410138448079,79.71102987592317,0.5375085671742756
0.5002487182617188,0.2936395645141602,0.5215685844421387,0.528606669108073,0.5520966529846192,0.5217726707458497,0.5017099857330323,0.5020684242248535,0.5373079299926757,0.49530712763468426,0.5138122081756592,0.571056620279948,0.5184457302093506,0.530665111541748,0.5237376689910889,0.3386815865834554,0.536832618713379,0.5251896699269614,5.863091337672263,64.32134538340739,134.66133456660987,143.39829156216885,85.98378739650897,0.43193562825520837,90.91126898307478,0.5102483987808228,33.35692865873955,0.5136290470759075,118.07830051105682,0.5129861195882162,80.05015473651463,0.5365625222524008
0.5046281814575195,0.2876853624979655,0.5210934638977051,0.521249516805013,0.5518748760223389,0.5213450113932292,0.5047585964202881,0.4924741427103678,0.5419133186340332,0.49039681752522785,0.513795804977417,0.572088114420573,0.5149041175842285,0.5728459040323893,0.5223719596862793,0.3380677064259847,0.536484169960022,0.5212972640991211,17.27524339891954,54.25210241118645,175.42221305804262,149.45351105319182,85.59581456054816,0.4296824852625529,99.96504860008363,0.5058470408121745,42.2555798570545,0.5068857034047445,108.13809316255471,0.5316213607788086,83.5239131874683,0.5322811285654704
0.5050012588500976,0.2873605092366536,0.5180976390838623,0.5145144462585449,0.5485869884490967,0.5085833867390951,0.5025276184082031,0.4952715873718262,0.5383498668670654,0.4917446772257487,0.5130658626556397,0.5729382197062175,0.5139327049255371,0.5739095052083333,0.520136547088623,0.340509573618571,0.5333423137664794,0.5115489164988201,21.057054934363677,68.646759256836,179.26187425226905,153.9949538079414,85.5850124939657,0.42602924505869555,104.18996683769726,0.5016467968622844,27.844478162417005,0.5034102519353232,106.55052362828778,0.532827091217041,82.2729763931732,0.5341049035390218
0.5000560283660889,0.2918267567952474,0.5202711582183838,0.5159470558166503,0.5482574462890625,0.5143808682759603,0.510792350769043,0.5247314771016439,0.5342288494110108,0.5093733787536621,0.5117247104644775,0.5701168696085612,0.5178568840026856,0.5304475784301758,0.5214491367340088,0.33845815658569334,0.5342643022537231,0.5151639620463053,3.9253869784527553,115.45088654479675,170.81172438691956,156.52155629256006,85.85202271619607,0.42681105931599933,89.64921100759598,0.5122686703999837,157.8234632229257,0.5199477195739746,127.84265002254777,0.5199104785919189,88.8231287722807,0.5474241733551026
0.5039687633514405,0.2870037078857422,0.5204199314117431,0.5135077158610026,0.5481525421142578,0.5129235267639161,0.507494592666626,0.5242993672688802,0.5371020317077637,0.5199414571126302,0.5117468357086181,0.5705479303995769,0.5189100742340088,0.5395018259684244,0.5200848579406738,0.3382121562957764,0.5342862367630005,0.5132156213124593,162.63279487466676,116.345569675268,167.40147179388356,153.28522783280062,85.36066317912432,0.42571388880411787,67.2832043818736,0.5165785392125448,157.5250421876239,0.5187574942906698,132.92410443640532,0.5297216415405273,84.74680951736589,0.5474236488342286
0.5087814807891846,0.2833324750264486,0.5177567958831787,0.5099218686421713,0.545573616027832,0.5115887641906738,0.5130280017852783,0.5231922149658204,0.5404117107391357,0.52000732421875,0.5123655796051025,0.5718299865722656,0.5133282661437988,0.5778324127197265,0.5186410188674927,0.33736360867818194,0.5316652059555054,0.5107553164164225,143.40622354592662,125.44591645230899,170.192540807842,163.2437294280259,85.704337626326,0.4240594625473022,46.60877613909719,0.5153813203175862,146.28419627420905,0.5169737656911214,115.09690720817959,0.5489198684692382,90.78029168446302,0.547511100769043
0.5058372974395752,0.28056875864664715,0.517833662033081,0.5084307352701823,0.5474174499511719,0.5024409929911295,0.5130551815032959,0.5363986333211263,0.5431162357330322,0.5297969182332357,0.5122407436370849,0.5718741734822591,0.5138368129730224,0.5772875467936198,0.5183409214019776,0.3344924767812093,0.5326255559921265,0.505435864130656,163.9313138270865,149.20421006372624,162.9992362164529,164.25792347677594,85.22325965204914,0.41996417045593265,66.70168177525427,0.5176163911819458,122.29540458498342,0.5209172487258911,121.65509999350114,0.5535422325134278,91.31515000514686,0.5541364034016927
0.49887738227844236,0.292725944519043,0.5219807147979736,0.5118066151936849,0.5483475685119629,0.5034010251363118,0.5064249515533448,0.5234304428100586,0.5356024265289306,0.5185196876525879,0.512539005279541,0.576184336344401,0.5155962944030762,0.5533957799275716,0.5173467874526978,0.3351478894551595,0.5351641416549682,0.5076038201649984,176.61389135714,122.16137696648389,173.29794357769418,155.1310045761287,84.10139136129902,0.42137585481007894,87.70074232342327,0.5130617539087932,151.15849848424875,0.5155171314875284,119.8400726032883,0.5359577337900798,83.38904699134211,0.5498073895772297
0.499403715133667,0.2908738772074381,0.5201155662536621,0.5056997617085774,0.5495310306549073,0.4983612378438314,0.5069669723510742,0.5064517339070638,0.5370453834533692,0.4929893175760905,0.5075492858886719,0.5287002881368001,0.5183935165405273,0.5251214027404785,0.5194616079330444,0.33522149721781414,0.5348232984542847,0.5020304997762044,20.167683038187338,103.19197456664061,174.70124003116354,132.8589915078963,84.73838679008803,0.41862599849700927,103.80811390820826,0.4975099086761474,170.98148998094555,0.5042411168416341,120.13408676920749,0.5090553601582845,88.50073436857966,0.517576011021932
0.5055639743804932,0.28238554000854493,0.5202957630157471,0.5158746719360352,0.5484394550323486,0.5082135518391927,0.5136590480804444,0.519085152943929,0.5407609939575195,0.5159671783447266,0.5123613834381103,0.5738624572753906,0.5134525299072266,0.5759154637654622,0.5182868242263794,0.33776211738586426,0.5343676090240479,0.512044111887614,128.7216932442472,110.24035764364419,173.6404983524669,161.76225281939526,84.72831544573543,0.42490311463673913,31.533834722269482,0.5140056451161703,161.22164353683732,0.5155646324157714,114.49086383078337,0.5459413210550944,91.35707304490028,0.5464738051096598
0.501884126663208,0.27585026423136394,0.5178071022033691,0.5131407101949056,0.5472176551818848,0.5055890401204427,0.5091182708740234,0.4966522216796875,0.5391246318817139,0.48293546040852864,0.5115459442138672,0.550589116414388,0.5152810096740723,0.5514570236206054,0.5163407564163208,0.3341981887817383,0.5325123786926269,0.5093648751576741,22.75522597683143,64.02540092995898,176.9236486808123,150.465232634305,84.7253289976579,0.42178153196970625,104.04623976424973,0.4961501677831014,28.520215253675048,0.5030085484186808,109.18649306601868,0.517196242014567,87.42288424311268,0.5236206690470377
0.5014322757720947,0.2804873784383138,0.5202938079833984,0.5134385426839193,0.5492551326751709,0.5064958254496257,0.5095044612884522,0.4991109530131022,0.5371405601501464,0.48422247568766275,0.5099438667297364,0.540812619527181,0.5159481525421142,0.5336885452270508,0.5185460567474365,0.3341182072957357,0.5347744703292847,0.5099671840667725,12.312735149124652,69.88785879551531,164.7543456270906,140.5622070343662,84.72733160453646,0.42204269568125413,95.2510669078059,0.49709482987721765,23.248810156658152,0.5045390685399374,113.19141101051531,0.5089555104573568,89.39630360809245,0.5199617862701416
0.5005313873291015,0.28581212361653646,0.5159873962402344,0.5047773996988932,0.5515670776367188,0.4971652030944824,0.5050852298736572,0.5060598691304524,0.542732048034668,0.49470771153767906,0.5122241497039794,0.5551977793375651,0.5308989524841309,0.5476701100667317,0.5174168825149537,0.3337333679199219,0.5337772369384766,0.5009713013966879,63.96576033669055,104.1500135346674,170.93253502643142,150.0576606200309,84.41271470235836,0.4173523346583049,145.02850212853065,0.49783950646718345,169.94308473858635,0.5035155852635702,102.59443283026755,0.5211889108022054,81.73371338919478,0.5306288242340087
0.49630184173583985,0.29500484466552734,0.5216821193695068,0.5206198374430339,0.552211332321167,0.5045681317647298,0.5051074981689453,0.5044608434041341,0.5406942367553711,0.49124447504679364,0.5095097064971924,0.5502675374348959,0.5160717010498047,0.5498281478881836,0.5167696475982666,0.33411753972371416,0.5369467258453369,0.5125939846038818,18.613309302053576,79.587069923396,173.52005602460397,138.4452771316912,83.54999613005747,0.423355762163798,99.95578927141872,0.5019192298253378,14.329438013199365,0.5085274140040079,112.79686419847714,0.5205363114674886,84.51050303015057,0.527364190419515
0.49466142654418943,0.2963184674580892,0.5167741775512695,0.5023287773132324,0.5452592849731446,0.49471524556477864,0.49594554901123045,0.5131804466247558,0.5277573585510253,0.4971750259399414,0.5075894832611084,0.5688361485799154,0.5168439865112304,0.5529155095418294,0.5143613576889038,0.3371901988983155,0.531016731262207,0.49852201143900554,62.76001331125113,118.6568447362798,176.4735101079394,149.7563478207234,84.10584980684715,0.4178561051686605,22.45360754380806,0.49784851868947344,157.3169068123135,0.5058512290318806,101.07775141912643,0.5250452677408854,78.1833775722809,0.5410082976023356
0.496201229095459,0.30065234502156574,0.5197332382202149,0.5168694814046224,0.5512415409088135,0.5091257731119792,0.49529595375061036,0.5154491106669108,0.5410282611846924,0.4971458117167155,0.5114522933959961,0.5689531962076823,0.5192558288574218,0.5330186525980631,0.5191873550415039,0.3368584950764974,0.5354873895645142,0.5129976272583008,27.02604459524558,101.11008615661972,172.22239827887645,139.95213586666083,84.7128680728154,0.4249280611673991,109.26665330429256,0.5050717194875082,176.50955860054364,0.5142233689626058,121.25497042240445,0.5150822321573894,73.1975427553482,0.5422011534372966
0.4924637317657471,0.3026226043701172,0.5161580085754395,0.5139702479044597,0.5516283512115479,0.5080258687337239,0.48676118850708006,0.49822521209716797,0.5351577281951905,0.494923464457194,0.5094157218933105,0.5645254135131836,0.5143723964691163,0.5704085667928059,0.5160805463790894,0.3393831253051758,0.5338931798934936,0.5109980583190918,11.490515215589314,85.29499700938963,177.20604300604458,136.56080652546385,84.0742498319875,0.4251905918121338,94.49805282271589,0.5029607613881429,15.163051090343231,0.5046116352081299,105.39525215817021,0.5326660156249999,71.13489217483416,0.5313753128051758
0.4973032474517822,0.2925066630045573,0.5180259227752686,0.5270399411519369,0.5543055057525634,0.5198348999023438,0.5031152248382569,0.5307951291402181,0.5435604572296142,0.5205415407816569,0.5115443706512451,0.5736446380615234,0.5269657135009765,0.5632806142171224,0.5185900926589966,0.34290095965067546,0.536165714263916,0.5234374205271404,76.61548568021784,107.25876353914697,171.7817988717946,142.74807452812635,84.43965162714066,0.4331691900889079,158.61402789623423,0.5219894806543987,167.4494613512156,0.5271162748336793,111.22021447502811,0.5419110774993896,78.87115285258474,0.5522198836008707
0.495665454864502,0.28852831522623695,0.5129013538360596,0.5184274037679036,0.5485801696777344,0.5131545384724935,0.5011001110076905,0.522470219930013,0.5434123516082764,0.5109772046407064,0.5074700355529785,0.5569635391235351,0.5145642757415771,0.5558141072591146,0.5149298667907715,0.34169238408406577,0.530740761756897,0.5157909711201986,78.74955872171505,107.07365506492125,169.250253109406,140.06187123409399,84.81087494552669,0.42874167760213217,159.1988894987906,0.5133840878804525,167.30103077759617,0.5191305955251058,122.75724053372547,0.5333956559499105,79.53699530742304,0.539716879526774
0.14634183645248414,0.47660160064697266,0.1987071752548218,0.4910973230997721,0.2025682210922241,0.48976802825927734,0.20871832370758056,0.5324640909830729,0.21246886253356934,0.5178792317708333,0.21345391273498535,0.5210140546162924,0.21505377292633057,0.5233098983764648,0.15804246068000793,0.46591889063517256,0.20063769817352295,0.49043267567952475,156.99114568902525,153.5922576322709,178.22289173526235,45.20721768881239,29.920655064635298,0.47817578315734866,66.68096731565191,0.504155953725179,79.11754764168806,0.5114483833312988,64.54629937374234,0.520594565073649,112.46936329719178,0.5267390727996826
0.4888608932495117,0.297174072265625,0.5147521495819092,0.4939135551452637,0.5433529853820801,0.48113441467285156,0.492768669128418,0.5166487693786621,0.5213048458099365,0.49554284413655597,0.5137884616851807,0.5775935490926106,0.5141989231109619,0.5784651438395182,0.5067944049835205,0.3389338811238607,0.5290525674819946,0.48752398490905763,130.691649709783,133.26630656944056,175.62157415080034,151.35219873748093,81.48068121528176,0.41322893301645913,134.0147828155528,0.4915334145228068,141.24627629694493,0.5020863771438598,94.89792434029079,0.5370039939880371,70.97073801807495,0.5471211592356364
0.485303258895874,0.30481026967366537,0.5228050231933594,0.5007070859273275,0.5474083900451661,0.4812527338663737,0.4956036567687988,0.5147012710571289,0.5186094760894775,0.4946770985921224,0.5116384506225586,0.5754056294759115,0.5125351905822754,0.5709527333577474,0.5065798759460449,0.33654691378275553,0.5351067066192627,0.4909799098968506,98.28147802197716,124.51015984437745,168.79201686939973,149.6689083505237,79.53430616804623,0.41376341183980303,167.36818050003188,0.4928285042444865,149.0154183055861,0.5028405904769897,94.55319692097767,0.5328149159749349,75.20351981445968,0.5450534502665202
0.4793732166290283,0.3128149668375651,0.5138307094573975,0.5078573862711588,0.5393668651580811,0.4922588348388672,0.494398832321167,0.5684965133666993,0.5134525299072266,0.5394381841023763,0.4997304916381836,0.5800798416137696,0.5019654273986817,0.5756591161092123,0.5037734508514404,0.3395634651184082,0.5265987873077393,0.500058110555013,158.76700992147605,157.14813492268777,179.54853999406174,136.72386347043042,81.90575050606232,0.4198107878367106,108.46056596928294,0.5197481473286947,115.19676966084907,0.5342773119608561,107.59589818312786,0.5575486501057942,65.28398325529055,0.5742881774902344
0.4803208827972412,0.31133721669514974,0.5095052719116211,0.4928207079569499,0.5282669544219971,0.4791020711263021,0.49274682998657227,0.5451598485310872,0.507956075668335,0.5209227244059245,0.49601945877075193,0.5875947952270508,0.4978323936462402,0.5801254272460937,0.49991896152496335,0.3426414807637532,0.5188861131668091,0.485961389541626,160.05786832842549,158.2042456427769,177.10051719604616,162.91009597239943,82.4612069908179,0.4143014351526896,107.36092269872913,0.5034420569737752,113.82402074749153,0.5155606190363566,99.70374119274489,0.550524075826009,85.59001698991409,0.5663773218790691
0.4781219005584717,0.31114171346028646,0.49180917739868163,0.46637140909830727,0.5201403141021729,0.45694961547851565,0.4954500675201416,0.5506947835286459,0.5029426097869873,0.516002877553304,0.49998178482055666,0.5630240122477214,0.49713830947875975,0.5846844355265299,0.49848413467407227,0.3345008850097656,0.5059747457504272,0.46166051228841143,175.39923458930272,174.06242812788517,179.2777207961549,156.43506271610642,86.6287648468609,0.3980806986490885,93.19361587127857,0.4888316949208577,96.74160858394993,0.5061776479085287,94.83060631646909,0.5503436565399169,69.81864863026661,0.5568593978881836
0.47846384048461915,0.32328596115112307,0.509381914138794,0.4849482536315918,0.526788854598999,0.4748396873474121,0.4871946334838867,0.5311249732971192,0.4980007648468018,0.5221002578735352,0.4962306976318359,0.5737605412801107,0.4965208530426025,0.5691265106201172,0.5000142097473145,0.3402487595876058,0.5180853843688965,0.47989397048950194,155.1860686146785,152.7536024659981,168.21650628666788,154.92744060644628,82.62645903605204,0.4100713650385539,115.4482796450007,0.5009971141815186,121.0887108297044,0.5055094718933105,91.80249797669026,0.5456133842468263,78.03395547834378,0.5524427572886149
0.4787894725799561,0.32767852147420246,0.5045688629150391,0.46736726760864256,0.5241274356842041,0.45623575846354164,0.4893843650817871,0.5266074816385905,0.5052035331726075,0.5113636334737142,0.4975654125213623,0.5787836074829101,0.4992371559143066,0.5826859792073568,0.4984637975692749,0.34452295303344727,0.5143481492996216,0.46180151303609207,167.23275541358623,161.78753374242467,177.6566501843248,162.9245801618139,82.28672589034082,0.40316223303476967,100.45396848442546,0.4865825732549031,111.0670890801522,0.4942044973373413,94.78186959189053,0.5470248063405354,81.08876300017526,0.5526955445607503
0.4817616939544678,0.32643187840779625,0.5040306568145752,0.46640087763468424,0.5232122421264649,0.45391305287679035,0.4907532691955566,0.5326353391011556,0.5020844459533691,0.5214770634969076,0.49649806022644044,0.5830962498982747,0.5012840747833252,0.577849006652832,0.49763288497924807,0.3513846556345622,0.51362144947052,0.4601569652557373,167.84553804347775,164.66230906554551,174.82911026822373,165.57571613270238,81.63791047297238,0.40577081044514973,100.65529188610994,0.4908170143763224,107.511386569527,0.49639615217844646,90.8134331811471,0.5496630350748698,83.50504805560118,0.5578657944997152
0.4787290096282959,0.33212188084920247,0.5258372306823731,0.4640442212422689,0.5412746906280518,0.45831638971964517,0.4868706226348877,0.4982419649759928,0.5005323410034179,0.48238881429036456,0.49333391189575193,0.5814069112141927,0.49394564628601073,0.5719467798868815,0.500938892364502,0.3490032513936361,0.5335559606552125,0.461180305480957,122.88411975932206,133.8298642856284,164.5291909771337,157.05833781255714,73.78746196380169,0.40509177843729655,147.29051387049225,0.4717845598856608,141.5553170608475,0.4797111352284749,94.20634341878831,0.527167797088623,85.55610452237218,0.5398244380950927
0.47761964797973633,0.33630135854085286,0.5243626117706299,0.46294418970743817,0.5362433433532715,0.4467091242472331,0.48274006843566897,0.5049693743387859,0.4906400203704834,0.4962259610493978,0.4931145668029785,0.5888911565144856,0.49320182800292967,0.5877084732055664,0.5013802766799926,0.34582878748575846,0.5303029775619508,0.4548266569773356,140.31179068641404,143.19311935452808,162.79599924716103,157.44920429904275,75.13897982672796,0.400327722231547,133.77291682203125,0.4755263090133667,133.4875201799655,0.47989801565806073,88.39595117978189,0.5419672171274821,82.95278962687901,0.5469302654266357
0.47742671966552735,0.34033101399739585,0.5206290721893311,0.4841998736063639,0.5284909248352051,0.47416261037190754,0.48572454452514646,0.5229186693827311,0.4928627014160156,0.5171854337056477,0.4934245109558105,0.590913454691569,0.4935314178466797,0.5911244710286458,0.5016714096069336,0.3566178639729818,0.5245599985122681,0.4791812419891357,143.31038079307345,143.87484167555615,163.9894382115926,157.96803356825876,79.42191785354525,0.41789955298105874,129.82970782269936,0.4981833378473917,131.60259960185724,0.5010499556859334,89.48182197206019,0.5541549523671467,83.53915061492549,0.55691606203715
0.4797853946685791,0.340586789449056,0.5141430377960206,0.48863290150960287,0.5252276420593261,0.4795939127604167,0.48844127655029296,0.5452587763468425,0.4957374095916748,0.5331623713175456,0.4922366142272949,0.6064248402913411,0.49286413192749023,0.5978551864624023,0.5001135110855103,0.35916336377461755,0.5196853399276733,0.4841134071350098,155.41696378099297,156.52286580255347,169.274664177732,163.80079643107914,81.09768416951037,0.4216383854548137,116.0237300752421,0.5086378892262777,117.06612570768539,0.5146860917409262,92.54307317672173,0.565508778889974,86.44936460161918,0.5758418083190918
0.48068675994873045,0.3420797983805339,0.5139348030090332,0.46919523874918617,0.5159003257751464,0.45975859959920246,0.4881431579589844,0.5217528343200684,0.49019551277160645,0.5158259073893229,0.49398107528686525,0.5969772974650065,0.49451308250427245,0.5935876846313477,0.49835565090179446,0.35845150947570803,0.5149175643920898,0.4644769191741943,157.2596652190635,158.52410922213946,167.84136004163793,166.58324820240625,81.1217446453352,0.41146421432495117,115.70856306091446,0.4901514132817586,115.05437807999098,0.49311487674713134,86.8220275486951,0.5547067960103353,85.5623621712927,0.5593650658925374
0.48154630661010744,0.34762547810872396,0.51875,0.4723443667093913,0.5237234115600586,0.47198925018310545,0.494309663772583,0.5107377370198568,0.5139718532562256,0.5154389063517253,0.5148715019226074,0.5683244705200196,0.5146555423736572,0.5690187454223633,0.5052212953567505,0.3563469250996908,0.5212367057800293,0.47216680844624836,167.32134741368597,149.12311056055077,175.38161790238354,156.56326059441565,82.12714580744591,0.4142568667729696,99.53037734258858,0.4938028573989868,124.91956914157633,0.4914522727330526,89.26893443952815,0.5422288258870442,70.35045778647556,0.5395311037699382
0.4838581562042236,0.3561222712198893,0.519365644454956,0.5045276641845703,0.5309099674224853,0.488537851969401,0.4934849739074707,0.5305335998535157,0.5064568042755127,0.5115562438964844,0.5028727531433106,0.5752481460571289,0.5124700546264649,0.5698111216227214,0.5016878366470336,0.3676749706268311,0.5251378059387206,0.49653275807698566,126.90827602784975,139.93166551701214,164.29874215035957,152.3491846417742,79.68599428202839,0.4321038643519084,141.19334125571595,0.504044500986735,132.95177134362098,0.5135331789652506,84.10662295378182,0.5406836827596029,78.14301346584594,0.5528908729553224
0.4807892322540283,0.3531280517578125,0.5127445697784424,0.49732863108317055,0.521813440322876,0.48547004063924154,0.4882843494415283,0.5247883478800456,0.4944157600402832,0.5233414014180501,0.49301810264587403,0.6046682357788086,0.5021069049835205,0.5797662099202474,0.5003585577011108,0.36575485865275065,0.5172790050506593,0.49139933586120604,146.5656394680193,143.37101103913247,162.4955957742929,164.51913275844498,82.33016450507694,0.42857709725697835,125.59403701218288,0.507370368639628,130.9706941310109,0.5080938418706258,82.23797136971093,0.5515538056691487,86.60856750523132,0.5647282918294271
0.47816948890686034,0.349730650583903,0.5095522403717041,0.4802180290222168,0.5104069232940673,0.4686815579732259,0.4527463912963867,0.47842995325724286,0.4779058456420898,0.49611212412516276,0.4877033233642578,0.5834534327189128,0.4885202407836914,0.5731770833333333,0.4973074197769165,0.3578981240590413,0.5099795818328857,0.4744497934977213,132.02535385375293,114.26763289710854,159.89476802157876,150.03997380243663,83.79485049103045,0.4161739587783813,145.9652404815347,0.48528095881144206,176.02189236154226,0.47643987337748206,82.1578165077077,0.534644603729248,71.59004381043347,0.5309416929880778
0.47794084548950194,0.35000155766805013,0.4983077526092529,0.49247573216756185,0.505661153793335,0.47888336181640623,0.44924511909484866,0.4814023017883301,0.4677881717681885,0.48942089080810547,0.4792966365814209,0.5858772277832032,0.48505187034606934,0.5821002960205078,0.4962511539459229,0.3594099680582682,0.5019844532012939,0.485679546991984,108.59257705132322,106.436018481709,159.48802577586025,151.19409592483265,87.40025755350774,0.4225447575251261,173.75622212261638,0.48755021890004474,4.636632284113574,0.48354092439015706,79.44825752963287,0.5357605934143066,73.95247079770812,0.5336397647857667
0.4749870300292969,0.3545143763224284,0.5035745620727539,0.48940130869547527,0.5106682300567627,0.4886922836303711,0.4755347728729248,0.5061204910278321,0.48373889923095703,0.5066825866699218,0.4760411739349365,0.58909912109375,0.47688965797424315,0.5891636530558269,0.4938507556915283,0.37279777526855473,0.5071213960647583,0.4890467961629232,131.3438614730888,126.21517521484567,167.94450685031725,162.39347258151432,83.48747762206274,0.430922285715739,142.9752904021063,0.49786469141642253,151.60719887755613,0.49758364359537766,94.74695974909748,0.5479231198628743,89.65034029397962,0.547609806060791
0.47257075309753416,0.3542950948079427,0.49593138694763184,0.48788073857625325,0.5139955043792724,0.4740092913309733,0.46770925521850587,0.5566770553588867,0.4898221969604492,0.5536102930704753,0.46863255500793455,0.5991127014160156,0.4952998638153076,0.597810935974121,0.49264965057373045,0.3572299321492513,0.5049634456634522,0.4809450149536133,169.05458783265223,160.9341574033929,168.20850269044712,161.66342542635738,84.31587197366703,0.4190874735514323,101.77029081242414,0.5172776540120443,116.19354743873109,0.51881103515625,82.93550657938518,0.5757106145222981,88.75357533764992,0.5778948783874511
0.47115483283996584,0.36291894912719724,0.5116589069366455,0.46768439610799156,0.5464110851287842,0.43980271021525064,0.45424480438232423,0.511567497253418,0.4861410140991211,0.5166369120279948,0.4623915672302246,0.602221425374349,0.4958817481994629,0.5721715927124024,0.5003137826919556,0.3505123933156331,0.5290349960327149,0.45374355316162107,150.58190155039938,143.6722615185265,154.41228364366842,150.6921658796398,74.45224556416021,0.4021279732386271,124.29443004647285,0.4851902325948079,142.29064180403307,0.48265552520751953,80.05156764666869,0.5444042523701986,84.86481577701592,0.5568944613138835
0.46590356826782225,0.3651341120402018,0.49382600784301756,0.4958481470743815,0.5050734996795654,0.48952474594116213,0.4473713397979736,0.5117532094319661,0.47192583084106443,0.5032238006591797,0.4585447311401367,0.6122027079264323,0.4592418193817139,0.6106614430745443,0.4843881845474243,0.35192492802937825,0.49944975376129147,0.4926864465077718,115.65779069905385,123.14851896537566,167.91312760085816,154.75909700353407,83.8925538663502,0.42230568726857504,159.05098179308055,0.49795512358347577,159.89149161091657,0.502219827969869,96.7331321834297,0.556942621866862,83.65285780434505,0.5619779586791992
0.46139025688171387,0.37021811803181964,0.494475269317627,0.49751516977945964,0.4958951473236084,0.4904751459757487,0.44388551712036134,0.5084779739379883,0.4573656558990479,0.5102837562561036,0.4559185028076172,0.6303611755371094,0.4561285972595215,0.6299762090047201,0.48393547534942627,0.34861648877461754,0.4951852083206177,0.4939951578776042,122.6342416984201,119.83009114289545,164.56697240299357,158.29791568621403,85.57513989776703,0.4213058233261109,156.69881678572295,0.5021394570668538,164.23468214644416,0.5012365659077962,90.59214857648522,0.5701299826304118,84.36171377641176,0.5694195747375488
0.4586947441101074,0.3722720464070638,0.4969035148620605,0.508226235707601,0.49149088859558104,0.49948422114054364,0.448181676864624,0.5182235399881999,0.447907543182373,0.5198299090067545,0.45206365585327146,0.629132334391276,0.45009655952453614,0.6215080897013346,0.484928297996521,0.3433762232462565,0.49419720172882076,0.5038552284240723,120.88872992107783,119.20971468623277,158.21882158386722,159.40641236246876,86.6943981102003,0.4236157258351644,160.96031356946028,0.5118425687154133,162.65906679257574,0.511039384206136,88.766677128371,0.5706689993540446,87.99537764170782,0.573677937189738
0.45560388565063475,0.37561194101969403,0.4955725193023682,0.5012496948242188,0.4782456874847412,0.4912671724955241,0.4472325325012207,0.5280914624532064,0.4417447090148926,0.5239583015441894,0.45195517539978025,0.6337247212727865,0.45086121559143066,0.6309885660807292,0.47959516048431394,0.3505374272664388,0.4869091033935547,0.49625843365987143,133.83346081649066,139.0703830445265,160.1524824100474,163.17371015851305,87.12665519072382,0.4233979304631551,148.47870833632015,0.5101083676020304,141.2594747104296,0.512174948056539,85.13147408016184,0.5774734338124593,87.44012972881545,0.5809080918629964
0.45479884147644045,0.3814680735270182,0.49149184226989745,0.49059940973917643,0.4922950744628906,0.486348565419515,0.4434010982513428,0.5286085446675618,0.4539078712463379,0.5158734957377116,0.45313549041748047,0.6376942316691081,0.45388426780700686,0.6364442189534505,0.4718923807144165,0.35245213508605955,0.49189345836639403,0.4884739875793457,132.08353694998348,138.8001317084763,165.60508019810987,160.34056683433326,81.63499454746854,0.4204630613327026,144.19658815911376,0.5021737416585286,140.38724402154494,0.5085412661234537,90.01121646617287,0.576158857345581,84.9006492908587,0.583151388168335
0.4610021114349365,0.34743989308675133,0.47116837501525877,0.4859771728515625,0.4993563652038574,0.4881358782450358,0.43795084953308105,0.513996442159017,0.48256211280822753,0.5271352132161459,0.45226216316223145,0.637107785542806,0.4521963119506836,0.6365400950113932,0.4780720233917236,0.35647672017415366,0.4852623701095581,0.48705652554829915,174.63845925132074,133.94757913765378,176.9608638735894,160.96591672646335,86.84820415938123,0.4217666228612264,93.85441484485727,0.5070958693822225,150.34213992127766,0.500526483853658,105.51222585605453,0.5818376541137695,83.36930325702872,0.5755521138509114
0.4685210227966309,0.3507705052693685,0.47555031776428225,0.48776540756225584,0.5024383544921875,0.49014673233032224,0.4404568672180176,0.515021006266276,0.47735180854797366,0.5114465713500976,0.45155978202819824,0.6411299387613932,0.45105295181274413,0.6289342244466146,0.47940173149108883,0.36897465387980144,0.4889943361282349,0.48895606994628904,153.45534435399637,133.16720084045042,177.45155287329342,161.14826172806272,85.42888241627773,0.42896536191304524,117.36898531752158,0.5002013206481933,151.76391244703095,0.5019885381062825,102.61730252569461,0.5701903978983561,84.96852399036017,0.5780754725138346
0.4263153076171875,0.39614286422729494,0.49080862998962405,0.4843785603841146,0.49623923301696776,0.47425212860107424,0.4354862689971924,0.5142799695332845,0.4463462829589844,0.4986536979675293,0.44901585578918457,0.6401450475056966,0.4478278636932373,0.6237037658691407,0.45491800308227537,0.3684928099314372,0.4935239315032959,0.4793153444925944,116.0567306658076,128.6588549278363,161.75965199736368,158.39575940195562,70.79380377836027,0.4239040772120158,157.71103135782823,0.48898452123006186,148.93325768500526,0.49679765701293943,89.32119707859992,0.561178731918335,83.86467576461736,0.5772125085194906
0.4206942081451416,0.3921754201253255,0.47491884231567383,0.4700668970743815,0.49207563400268556,0.45920832951863605,0.44109606742858887,0.5072767257690429,0.48397035598754884,0.5055342674255371,0.44921040534973145,0.6426171620686849,0.5103784084320069,0.5632876078287761,0.44689486026763914,0.3740328311920166,0.48349723815917967,0.46463761329650877,164.91754390556517,137.65226036063862,170.66995659582037,165.66478647881755,68.00235409991825,0.4193352222442627,89.33719649802315,0.4850859403610229,134.83968748111536,0.48595716953277585,65.4274742236276,0.5344109376271566,86.56893783576777,0.5749469439188639
0.4077296257019043,0.4093700726826986,0.478606653213501,0.47198616663614906,0.49923057556152345,0.4374183336893717,0.4377708435058594,0.5077576955159505,0.48914875984191897,0.5021883010864258,0.446697473526001,0.6137185414632161,0.5083711624145508,0.5646263122558594,0.43728744983673096,0.3870551904042562,0.4889186143875122,0.4547022501627604,156.02866942379194,135.81935213484658,172.9236631081493,160.31473886148547,52.64755904300305,0.42087872028350826,89.7223129801316,0.47844527562459305,133.95118892402684,0.4812299728393554,72.88829615518561,0.5334073066711426,85.18451007700563,0.5607381184895833
0.408290433883667,0.3988899866739909,0.4736970901489258,0.48855454126993814,0.49065418243408204,0.4736236254374186,0.4351231098175049,0.5294480323791504,0.44346275329589846,0.5101044972737631,0.4506349563598633,0.6433935801188151,0.4509917736053467,0.643382453918457,0.43775713443756104,0.3846535841623942,0.48217563629150395,0.4810890833536784,124.24759267906018,136.82665379407769,165.89019535866152,161.25052117001272,65.26905022478867,0.4328713337580363,143.14833894763396,0.4955967903137207,134.21552600783073,0.5052685578664144,86.76673401939453,0.5767434755961101,82.24775960239354,0.5864208062489827
0.39769935607910156,0.41981480916341146,0.4715155601501465,0.5006998380025228,0.4959580898284912,0.48747342427571616,0.4325248241424561,0.5300701141357422,0.4806863784790039,0.5283883412679037,0.451055908203125,0.643205197652181,0.5104657173156738,0.5756913503011067,0.44062745571136475,0.3928472201029459,0.48373682498931886,0.4940866311391195,158.4531173272565,128.47255716002036,165.9435116576079,158.3362412670241,66.93491517142834,0.44346692562103274,95.08193730331789,0.5112374862035116,144.90667614838372,0.5120783726374308,57.80776803898622,0.5520398457845053,80.69777877157948,0.5866376558939617
0.39589881896972656,0.4125750223795573,0.46836085319519044,0.49505675633748375,0.4861034393310547,0.47006394068400065,0.4307976245880127,0.5205133120218913,0.45073800086975097,0.49170090357462565,0.4499551773071289,0.6402649561564128,0.4502567768096924,0.6398286819458008,0.4266246795654297,0.40317813555399573,0.4772321462631226,0.4825603485107422,93.79708416618169,127.22380340454167,170.45321980184525,161.09805728344935,57.48181917961105,0.442869242032369,160.96542089043976,0.4871306260426839,140.7393699703485,0.5015368302663168,90.18613666488226,0.5657647927602132,80.91098749181889,0.580389134089152
0.38770031929016113,0.43384965260823566,0.47015886306762694,0.48573490778605144,0.48182168006896975,0.46051108042399086,0.43517537117004396,0.5415826797485351,0.4488829135894775,0.5137505531311035,0.4506362438201904,0.644946797688802,0.45146665573120115,0.6431653340657552,0.41802904605865476,0.41142128308614095,0.4759902715682983,0.4731229941050211,129.5092709615938,141.6926389191501,170.64960419666707,163.09905459434185,46.79039791616667,0.442272138595581,123.71185256965826,0.4934367736180623,120.80292511550266,0.5073528369267781,88.85625231710804,0.5784579435984294,81.49295059959546,0.5932647387186686
0.38277502059936525,0.4569007237752279,0.48009657859802246,0.463231627146403,0.48749408721923826,0.4407149314880371,0.43661723136901853,0.539962641398112,0.45497779846191405,0.5201246579488118,0.44743905067443845,0.6383502960205079,0.44721198081970215,0.6392478942871094,0.41285068988800044,0.4178990364074707,0.48379533290863036,0.45197327931722003,134.68259966298692,140.78270656960248,172.67661009576167,162.68518578211444,25.654666367267453,0.4349361578623454,112.92087487259253,0.48604896863301594,118.1993018164192,0.495967960357666,93.72991750882582,0.5796862761179606,83.72317488189289,0.5891564687093099
0.37699575424194337,0.4613017717997233,0.46737008094787597,0.48874018987019857,0.4845884799957275,0.4461131413777669,0.4373945236206055,0.5483170827229817,0.45693159103393555,0.5279624621073405,0.44788479804992676,0.6477088292439779,0.4476945400238037,0.6427644729614258,0.412324857711792,0.42121434211730957,0.4759792804718017,0.4674266656239827,139.85519145689875,143.34107809133286,175.43638505002835,165.11752655068764,35.979185507584155,0.44432050387064614,107.46626921191341,0.49769456386566163,115.50115813544566,0.5078718741734822,94.60014902622633,0.5853634675343832,83.97503877052276,0.5980129559834798
0.37764368057250974,0.4637812932332357,0.4589228630065918,0.4930354118347168,0.4862990379333496,0.4228454271952311,0.44888982772827146,0.5457836151123047,0.47896366119384765,0.501769733428955,0.4786070823669434,0.5351992925008138,0.5110185146331787,0.5631760915120443,0.41129887104034424,0.4268541971842448,0.4726109504699707,0.45794041951497394,146.15833358194217,147.34772904220154,172.48532413119074,74.83363115778987,26.88575028305827,0.44239730834960933,81.75286456932623,0.47985507647196446,105.11167850515363,0.5018620173136393,62.434902475520204,0.5324729124704997,160.39574942199883,0.5404914538065593
0.37736124992370607,0.4802178064982096,0.4517310619354248,0.4941366195678711,0.4761842727661133,0.45103171666463215,0.4305607795715332,0.5446697235107422,0.4545067310333252,0.5092627843221028,0.4440788745880127,0.6474074045817058,0.44520998001098633,0.6474614461263021,0.4107568740844727,0.43493289947509767,0.46395766735076904,0.4725841681162516,135.07030477237035,144.9120354046165,177.72952784625014,166.0170305564627,35.28780846390696,0.45375853379567466,104.4490367685763,0.4909234762191772,114.85806037856544,0.5086269458134969,93.8485413813257,0.5783621152242024,82.50415382525608,0.596038564046224
0.3800689935684204,0.49030561447143556,0.45431995391845703,0.4856920878092448,0.47995967864990235,0.43223365147908527,0.43273277282714845,0.5446693420410156,0.45107460021972656,0.5078626314798991,0.4480278491973877,0.6456371307373047,0.44846401214599607,0.6431430816650391,0.4059896469116211,0.4360909620920817,0.46713981628417967,0.458962869644165,129.67702112581554,144.29022183473467,175.31555322602566,165.54040402408282,20.50723050595345,0.4475269158681233,108.18709079515055,0.48341275056203203,111.87309707744983,0.5018161058425903,91.10553384038654,0.5755028565724691,81.38605675181404,0.5951532363891601
0.3813524007797241,0.49514926274617516,0.46070241928100586,0.4947422345479329,0.48720836639404297,0.42444753646850586,0.4326952934265137,0.529486878712972,0.45137672424316405,0.49136683146158855,0.44580950736999514,0.6415097554524739,0.446004581451416,0.639053217569987,0.40736060142517094,0.4328914642333984,0.4739553928375244,0.45959488550821936,107.63072442034978,134.74859566286486,173.23048828681866,164.5278594831536,21.849977408453125,0.4462431748708089,125.39942709845965,0.47548085848490396,120.55508964680857,0.49454088211059566,92.08323507279431,0.5652100245157878,83.3229305377611,0.5854983170827229
0.37903261184692383,0.49549016952514646,0.45028228759765626,0.4873028755187988,0.4795533180236816,0.44569009145100913,0.43121843338012694,0.5364451090494792,0.4485787391662598,0.5068772633870443,0.43770084381103513,0.5920716603597005,0.438769006729126,0.6046769460042317,0.4109894871711731,0.43272544542948405,0.46491780281066897,0.46649648348490397,131.0890322991598,143.24035046937152,175.01211362576524,161.12400127910792,32.05565824116943,0.449610964457194,112.0294752703858,0.48668687343597417,115.72351843197835,0.5014707962671916,95.72785726239836,0.555777104695638,83.35304791623253,0.5642583847045899
