0,1,2,3,4,5,6,7,8,9,10,11,12,13,14,15,16,17,18,19,20,21,22,23,24,25,26,27,28,29,30,31
0.7340686321258545,0.47693424224853515,0.7880219459533692,0.7410860061645508,0.7873806953430176,0.7134247461954752,0.6798853397369384,0.748490842183431,0.7067160129547119,0.7118812561035156,0.7159788608551025,0.8935208002726237,0.7181200504302978,0.8515871047973633,0.7743495225906372,0.5237041155497233,0.7877013206481933,0.727255376180013,99.02012089062855,123.93642292651914,146.1001406511619,142.69066377853835,86.24710094555057,0.6254797458648682,10.749029637670816,0.7195683161417643,168.8576294341443,0.737873109181722,85.33335413029897,0.7817341804504394,76.02473991667408,0.8210058212280273
0.7451445102691651,0.4675109545389811,0.7955435752868653,0.716219965616862,0.8082620620727539,0.6924338658650716,0.6966367244720459,0.7471427917480469,0.7239563941955567,0.705836296081543,0.7155288219451904,0.8878601710001628,0.716196346282959,0.882101313273112,0.7857374906539918,0.5120788892110189,0.8019028186798096,0.7043269157409668,108.79465305557852,132.89268550338133,156.7817212965637,147.15093810321045,85.1935454719053,0.6082029024759928,178.89064422502523,0.7050816059112549,157.8664836855543,0.7257348537445069,92.52081260003355,0.7939688046773274,82.35344341788392,0.8175014813741048
0.7547348499298095,0.46777226130167643,0.7991052150726319,0.7157386779785156,0.8142437934875488,0.6924641927083334,0.6842417240142822,0.7433333079020182,0.7323309898376464,0.7211860020955404,0.7111600875854492,0.8860081990559896,0.7134336948394775,0.8795499165852865,0.7901187896728517,0.5120150407155355,0.8066745042800904,0.7041014353434245,118.38610739085418,132.361451854015,158.8167474333158,141.61286810626032,85.07391370741101,0.60805823802948,167.05780670981818,0.7126437187194825,162.23266979554475,0.7237173716227214,96.80483054724282,0.8003679593404134,79.31564104256995,0.8146707534790039
0.7821320056915283,0.5112271944681803,0.8161352157592774,0.7038398742675781,0.8138311386108399,0.676338259379069,0.7158116340637207,0.6884621938069662,0.7383475780487061,0.663734245300293,0.7032373428344727,0.8618645985921224,0.6759732246398926,0.8413650512695312,0.8191184043884276,0.5614328066507974,0.8149831771850586,0.6900890668233235,109.31443111374779,128.1799344300222,156.7681161635995,151.10217561830297,91.84094832356452,0.6257609367370605,18.977985942187587,0.6769116560618083,0.9398320776315927,0.6892756303151448,109.34852243697846,0.7525496482849121,94.14754897648443,0.7751633961995443
0.7982295513153076,0.5088121096293131,0.8271901130676269,0.7080869674682617,0.8046360969543457,0.6622213999430339,0.7329449653625488,0.7349935531616211,0.7204149246215821,0.69898681640625,0.7104314804077149,0.8744776407877605,0.7009294033050537,0.8050872166951497,0.8313884258270263,0.5488058408101399,0.8159131050109862,0.6851541837056478,134.70368015311774,148.86030031134942,146.61346064856437,160.04439342709566,96.47527046479726,0.6169800122578939,171.75819413324317,0.692070500055949,149.00655507167178,0.7100738684336345,100.40650599006716,0.7520370165506999,99.16877320231477,0.8047355969746908
0.7842901706695556,0.48757874170939125,0.8012677192687988,0.7285519282023112,0.8139592170715332,0.6862694422403971,0.703674030303955,0.7304190317789714,0.7233397483825683,0.6861927668253581,0.707956075668335,0.8733955383300781,0.6743276119232178,0.8373129526774089,0.8261628150939941,0.5473490715026855,0.807613468170166,0.7074106852213542,112.39057037711902,136.2676480231139,152.23263979628797,147.30391740152677,96.61045062084214,0.6273798783620199,14.131858799858776,0.6968017260233561,167.5181135217572,0.7189148585001628,107.96920296225777,0.7617528597513835,88.28454465637428,0.8019072850545248
0.7923701763153076,0.49390354156494143,0.8133358955383301,0.71883118947347,0.8149431228637696,0.6740198135375977,0.7230010509490967,0.7294848124186198,0.7267102718353271,0.696557362874349,0.710774564743042,0.881115214029948,0.6718660354614258,0.8365254084269206,0.8307053565979003,0.5443800926208496,0.8141395092010498,0.6964255015055338,124.43438054366472,140.1308377700555,155.95590863178623,155.3756354546258,96.21803664148116,0.6204027970631918,179.91358618223063,0.6964914321899414,160.062407185509,0.7129551569620769,111.39693372176878,0.7665413856506348,94.60998407264918,0.8053000132242839
0.7924063682556153,0.4916813850402832,0.8138535499572754,0.7203589757283528,0.7941249370574951,0.6743811289469401,0.7274603366851806,0.7375593821207682,0.7128361701965332,0.7067057927449544,0.7111830711364746,0.8747735977172851,0.6709484100341797,0.8384754816691081,0.8242284297943115,0.5330331643422445,0.8039892435073852,0.6973700523376465,128.5235386442958,143.02668589436703,154.31973155113477,159.14950863780606,97.0210035081384,0.6152016083399454,174.1522549390394,0.7020379225413005,152.29368790587193,0.7174647172292073,107.63474017248024,0.7725906372070312,96.76519186834048,0.8061664899190266
0.798858642578125,0.5030173937479655,0.8062955856323242,0.710014533996582,0.7975157737731934,0.6729719797770183,0.6939939498901367,0.7337920506795247,0.727057695388794,0.7155661265055339,0.707513427734375,0.8735876083374023,0.7112039089202881,0.8718715667724609,0.8307055950164794,0.5308894952138266,0.8019056797027588,0.6914932568868002,137.1318905791826,145.375274955863,159.09643798862996,147.07529550767532,100.1663859588759,0.6111913760503134,162.170989658599,0.7035296916961671,158.5960191530636,0.7126426537831625,95.79160380859881,0.7937188466389974,84.47616489065287,0.8036898295084636
0.8013484001159668,0.479772694905599,0.8022833824157715,0.7104037602742513,0.7952275276184082,0.6772659301757813,0.7117092132568359,0.7436360677083333,0.7233071327209473,0.7103190739949544,0.6984385013580322,0.8569203058878581,0.7021410942077637,0.8243949890136719,0.8287939548492431,0.5244712034861246,0.7987554550170899,0.6938348452250163,131.90366956502888,147.88742899590275,154.00992220391322,155.08501737757496,100.05744666020746,0.6091530243555705,167.67547451285287,0.7020769596099854,150.2251012897431,0.7187354564666748,100.51132203889244,0.7673570315043132,96.68147688972492,0.8002781867980957
0.8005926132202148,0.4825092315673828,0.7894443988800048,0.7191851298014323,0.7938973426818847,0.6926296869913737,0.6995066165924072,0.7392721176147461,0.7134602546691895,0.7076552073160808,0.6920086860656738,0.8493352254231771,0.6736234188079834,0.8362225850423177,0.8304990291595459,0.5315254529317219,0.7916708707809448,0.705907408396403,124.88435757016246,142.13398035950806,155.04348286328658,149.10331888929818,102.5527931460566,0.6187164306640625,178.71980504476568,0.7067813078562419,160.09905738919267,0.7225897630055745,107.21569009331803,0.7719388961791993,93.8971918489324,0.7943036715189615
0.8040378570556641,0.48614555994669595,0.8052608489990234,0.7205608367919922,0.7822742938995362,0.6746238072713217,0.6981971740722657,0.7412329991658528,0.7032190322875976,0.7201532999674479,0.7073153018951416,0.867572530110677,0.6964286804199219,0.8280319213867188,0.833640718460083,0.5317733605702718,0.7937675714492798,0.6975923220316569,138.68702137450978,147.4310910234658,146.870023398267,148.9140498757737,103.52075568380718,0.6146828413009644,166.00912008979952,0.7088728109995523,155.45695678958313,0.7194126605987549,93.60169513224268,0.7740926106770833,85.87202838546074,0.804402764638265
0.8104367256164551,0.4786959330240885,0.8008140563964844,0.7239678064982097,0.7845654964447022,0.6803848266601562,0.7070300102233886,0.7344087600708008,0.7034355163574219,0.7172625859578451,0.7119546413421631,0.8841119766235351,0.6737151622772217,0.8373927434285482,0.8367789268493653,0.5307917912801107,0.7926897764205934,0.702176316579183,135.16196686585792,143.12666613144296,152.5520266090647,154.1863129255438,104.42668198815142,0.6164840539296468,170.40621521189573,0.7097194512685141,159.37945844587514,0.7182925383249918,103.89602059873911,0.7773276646931966,88.1158797264865,0.809260368347168
0.8191383361816407,0.46439085006713865,0.8013683319091797,0.7148143768310546,0.7976615905761719,0.6830488204956054,0.7041836261749268,0.7339590708414714,0.7080141067504883,0.715989367167155,0.7112296104431153,0.8811750411987305,0.6733669757843017,0.8356194178263346,0.8474075794219971,0.5223387400309245,0.7995149612426757,0.69893159866333,136.30704494357101,144.26479712781327,153.44837477686357,151.41259105877285,105.17383090133633,0.6106351693471272,169.44002582623563,0.7074604829152424,159.8252171750481,0.7164453347524007,106.15201866341195,0.7758043924967448,87.25982633847556,0.8075670560201009
0.8250676155090332,0.4678197224934896,0.8050127983093261,0.7132855733235677,0.7896014213562011,0.6769575754801432,0.7027909755706787,0.7367830276489258,0.7022753238677979,0.7203149159749349,0.7123587131500244,0.883680788675944,0.6735514640808106,0.8372074762980143,0.8514258384704589,0.5239150365193685,0.7973071098327636,0.6951215744018555,142.0616737275982,148.71187906970366,152.75008723850996,152.02128919509093,107.54184947164404,0.609518305460612,165.1521856119814,0.7077182451883952,156.21275374539397,0.7159523010253906,103.80568260365888,0.7787611961364747,86.27347773868749,0.810231908162435
0.826072883605957,0.4717818260192871,0.8025537490844726,0.7272832870483399,0.7787323951721191,0.6793153127034505,0.7063308238983155,0.7368760426839193,0.6968683242797852,0.7238465627034505,0.7122559547424316,0.8837837855021159,0.6730778694152832,0.8389029820760091,0.8525258541107177,0.5360281467437744,0.7906430721282959,0.7032992998758951,142.00971899572923,147.7650335514496,150.7580113445215,154.2143510529278,110.30220056929865,0.6196637233098348,167.6410676834079,0.7135729312896728,158.28543805755035,0.7200876712799071,101.68252991484101,0.7813747723897297,87.69037980094073,0.8103299140930176
0.8275187492370606,0.4648863474527995,0.8016700744628906,0.7285135904947917,0.7756274700164795,0.6813863118489584,0.7015064716339111,0.7350329717000326,0.6989140987396241,0.7191427866617839,0.6755386352539062,0.8502821604410807,0.6738771915435791,0.837491226196289,0.8493359088897705,0.5410873095194498,0.7886487722396851,0.7049499511718751,139.17892934919223,146.3609613840494,151.0546473841484,154.8046307069732,110.3222972137356,0.6230186303456624,171.01229634969883,0.7120463689168295,160.95444570708506,0.7199914614359538,101.94494658874727,0.7783170064290365,102.69778104342697,0.7926575660705566
0.829532241821289,0.46567805608113605,0.8036659240722657,0.7290749231974284,0.7798996448516846,0.6808827082316081,0.707474660873413,0.7357743581136068,0.698950719833374,0.7175393422444661,0.7111660003662109,0.8876682917277018,0.6727878093719483,0.8371747334798177,0.8556535720825196,0.5387593428293864,0.7917827844619751,0.7049788157145183,138.94049987415556,147.01347385493648,150.34405861146945,154.7970706703949,111.01955849153845,0.6218690792719523,172.29446078954857,0.7112590789794921,159.93407952782383,0.7203765869140626,102.33573643622138,0.7773570378621419,88.60786703544036,0.8117213249206543
0.8279348373413086,0.48118499120076497,0.8007692337036133,0.7362752278645833,0.7755926132202149,0.6815897623697916,0.7044190883636474,0.7317633946736654,0.6994532108306885,0.719039789835612,0.7136860847473144,0.8874386469523112,0.6727899074554443,0.8369113286336263,0.8598991870880127,0.5466298580169677,0.7881809234619142,0.7089324951171875,139.44024022888814,145.27112975487603,150.7070314548611,153.94140027120713,113.83966903500915,0.6277811765670775,173.5012438365298,0.7139861424763998,164.7533094986503,0.7203479448954264,102.74616063110818,0.7779755592346191,86.59333167849312,0.8096010208129882
0.8264640808105469,0.47593952814737955,0.7977607250213623,0.7372045516967773,0.7767091751098633,0.6914672215779623,0.7021572589874268,0.737580935160319,0.6994962692260742,0.7192370732625325,0.7118751049041748,0.888520622253418,0.6722450733184815,0.8373567581176757,0.857916784286499,0.5525209426879882,0.7872349500656128,0.7143358866373698,136.73574580712565,145.36779623621726,149.92385380284153,152.92085453223498,113.59602264357412,0.633428414662679,176.8027128167894,0.7167864799499511,164.71853155136674,0.7259584108988444,102.99130412949205,0.7782969156901041,86.31624949129646,0.8130507787068685
0.8273603439331054,0.48470258712768555,0.7998458862304687,0.7307650883992513,0.7760193347930908,0.6826538721720378,0.7045386791229248,0.732180404663086,0.7013030529022217,0.7192902247111003,0.7138203620910645,0.8848330815633138,0.6732344627380371,0.8378473917643229,0.8598493576049805,0.5504126230875651,0.7879326105117798,0.7067094802856445,141.45572155463282,147.4962774370137,152.1454541629525,153.92972133954237,114.70853947889461,0.6285610516866048,171.7370085136045,0.7129998524983724,163.0158092935925,0.7194449424743652,103.31961698337437,0.7785688082377116,86.5205499676036,0.8085067431131998
0.8315300941467285,0.47016719182332356,0.7946265697479248,0.7379970550537109,0.7788527488708497,0.6938984553019206,0.7008496761322022,0.7378867467244467,0.7014978885650635,0.7228933970133463,0.7127583980560303,0.8869447072347005,0.6733516216278076,0.8378971735636394,0.8633036613464355,0.5559137026468912,0.7867396593093872,0.7159477551778157,138.75670612387475,146.08520776023943,150.83581452145023,152.03659614935643,115.56753372128672,0.6359307289123535,175.34173515922964,0.719420576095581,165.67124671840892,0.7269172509511312,103.75236055585243,0.7803952852884928,85.43215735865923,0.8124157269795735
0.8307847023010254,0.4712836265563965,0.7977461814880371,0.7381469090779622,0.7775018692016602,0.7022751490275065,0.6962948322296143,0.7385772705078125,0.7016294956207275,0.7232857386271159,0.6714321136474609,0.849610710144043,0.6744555473327637,0.840909767150879,0.861361312866211,0.5507739702860515,0.7876240253448487,0.7202110290527344,134.8448908332487,142.68378406166377,149.8526856583334,150.69989393959912,113.51818619954872,0.6354924996693929,177.95227825577436,0.7217483838399251,168.62951480439025,0.7293941497802734,103.00846346984417,0.7820977528889974,102.6215265783047,0.7940939903259278
0.8320538520812988,0.46200904846191404,0.7968246936798096,0.7352527618408203,0.7748222827911377,0.6906079610188802,0.6950294494628906,0.7394767761230469,0.7029061794281006,0.7224751154581706,0.6731185436248779,0.8508769989013671,0.6734893321990967,0.838830312093099,0.8612510204315186,0.5461300214131674,0.7858234882354737,0.7129303614298503,138.48800516357903,146.98377684133064,152.44725921466335,151.8778064585642,114.33260218393502,0.6295301914215088,173.4334861487489,0.7177027384440104,163.70210463224254,0.7262035687764485,104.18817795766759,0.7806527137756347,101.12726206647496,0.7951768875122069
0.8318984985351563,0.46156085332234703,0.7922730445861816,0.7321921666463216,0.7741710186004639,0.6852232615152994,0.6990645408630372,0.7374104181925456,0.6958768844604493,0.7199836730957031,0.7150645732879639,0.8950494130452474,0.6717777729034424,0.8376657485961914,0.863810396194458,0.5474497636159261,0.7832220315933227,0.7087077140808105,141.58187007052052,149.7663162607771,150.73985941957537,154.11364232278186,116.55350668130001,0.6280787388483683,172.64399613850446,0.7143456935882568,161.1675744368934,0.723059066136678,101.57311129786949,0.7788247108459472,84.2044439382709,0.8162299156188966
0.8304285049438477,0.4687403043111165,0.7953369140625,0.7333005905151367,0.7781316757202148,0.6851240793863932,0.6992195129394532,0.7405911127726237,0.7001261234283447,0.7213075002034505,0.6749923706054688,0.8512394587198894,0.6718876838684082,0.8388189951578776,0.8643068790435791,0.5450845559438069,0.7867342948913574,0.709212334950765,140.92409629529715,149.90352604471877,151.96749671646685,154.1559435733185,115.29707193661676,0.627148445447286,172.04984177819617,0.7152599175771077,160.27450013649874,0.7249017238616944,103.51218173659538,0.780063247680664,102.35036214132032,0.7959152857462566
0.8328011512756348,0.46275288263956704,0.7949444770812988,0.731616465250651,0.7801906585693359,0.6826497395833333,0.6996085166931152,0.7394045511881511,0.7018901824951171,0.7175624211629231,0.675060510635376,0.8505856831868489,0.6724997997283936,0.8371821721394856,0.8660649299621582,0.5453818003336588,0.7875675678253173,0.7071331024169922,140.57685617276022,150.7746936151226,152.3015560203199,154.34434749210808,115.88714287133155,0.6262574513753255,173.05965685746125,0.7123477617899576,159.8523302528919,0.7232688268025717,103.80404465535553,0.7773722966512044,102.45074457594448,0.7949951171875
0.8334959983825684,0.45501769383748375,0.7961862564086915,0.7413948059082032,0.777261209487915,0.6841295878092448,0.6998587608337402,0.7419177373250325,0.6982396602630615,0.7202507019042969,0.6740874290466309,0.8513118108113606,0.6716215133666992,0.8386946360270182,0.8657365322113038,0.5411464055379231,0.7867237329483032,0.712762196858724,137.91940018641603,148.1175216894127,150.23846495994525,154.1461940688471,114.72158797132609,0.6269543011983236,175.16252211864594,0.7165064493815104,161.44608013013791,0.7273399670918783,102.66576944832492,0.7794726689656575,103.25617644047178,0.7966147740681966
0.8350488662719726,0.4563195864359538,0.7946245193481445,0.7407073974609375,0.7770509719848633,0.6861216227213541,0.6984438419342041,0.7412348429361979,0.69961576461792,0.7196811040242513,0.6748112201690674,0.850940450032552,0.6714550971984863,0.8395028432210286,0.8662039279937744,0.5423137029012044,0.7858377456665039,0.7134145100911458,137.3619276935507,147.80057113733014,151.01256390766403,153.24239891652846,115.15948069805225,0.6278641064961751,175.84306498131198,0.7165478070576985,162.34202865199947,0.7273246765136718,103.22571066520197,0.77959197362264,102.15679927541935,0.7960876464843749
0.8352017402648926,0.4580791155497233,0.793196153640747,0.7344933827718099,0.7767110347747803,0.6855433781941732,0.6972103118896484,0.7388542175292969,0.7002657890319824,0.719209353129069,0.6733307838439941,0.8509100596110026,0.67122483253479,0.838693110148112,0.8659915447235107,0.5411780993143718,0.7849535942077637,0.7100183804829916,139.1437907456249,148.6841225612031,152.189289600966,153.6416273576157,115.63952075539315,0.6255982398986817,173.80606290067064,0.7146138668060302,161.80747626967934,0.7244362990061443,103.66104755502631,0.7789512316385905,102.02999685654304,0.7948821385701498
0.8365910530090332,0.45422178904215493,0.7950877189636231,0.7312306722005208,0.7798735618591308,0.6866432189941406,0.6933937549591065,0.743694559733073,0.7009310722351074,0.7264184951782227,0.6717462539672852,0.8494150797526042,0.6710112571716309,0.8397367477416993,0.8665356636047363,0.535280990600586,0.787480640411377,0.7089369455973307,142.32532384247318,149.99374543893722,153.1073233218117,152.08825431491988,114.47689545212367,0.6221089680989583,168.5808564927097,0.7176777203877767,159.7247419963744,0.7263157526652018,104.79047205542376,0.783077621459961,101.57201622109542,0.7965548197428386
0.8358214378356934,0.4570992787679036,0.7923743724822998,0.7300204594930013,0.7789647579193115,0.6844087600708008,0.6898751258850098,0.739269765218099,0.7023119449615478,0.7179425557454427,0.6726599216461182,0.8498342514038086,0.6743029117584228,0.8367692311604817,0.8676536083221436,0.5340871493021647,0.7856695652008057,0.707214609781901,139.2986635129855,149.4084726719063,152.5805420315152,150.45728168754988,115.3397692023022,0.6206508795420329,172.66646819714458,0.7125785827636719,161.49850230152174,0.7232421874999999,103.26327771156392,0.7773558934529623,98.85005364640489,0.7945520083109539
0.8364465713500977,0.45422369639078775,0.7942751407623291,0.7329675674438476,0.782390022277832,0.6961707433064779,0.6897096157073974,0.7375858306884766,0.7103470802307129,0.7113969167073567,0.671776294708252,0.8506530125935873,0.7140928745269776,0.8693716684977214,0.8698405742645263,0.5325487931569417,0.7883325815200806,0.7145691553751627,129.39664464887605,144.43682391250798,153.02039490842296,148.43230883032217,114.12264497026307,0.6235589742660522,2.329352722207659,0.7129830360412597,166.86341577529015,0.7260774930318197,88.64169436080675,0.7903842926025391,99.01247606038633,0.7941194216410319
0.8365510940551758,0.453559939066569,0.8001811027526855,0.7328730901082356,0.7863345146179199,0.6922032674153645,0.6913238525390625,0.7415634791056315,0.7094337463378906,0.7170629501342773,0.7151875495910645,0.8961684544881184,0.6734504222869873,0.8387099583943685,0.8713077068328858,0.533381191889445,0.7932578086853027,0.7125381787618001,134.47868176752053,146.73913009668567,152.9604009263324,148.1927565999326,113.5403913374493,0.6229596853256225,176.9102076896168,0.7148005644480387,164.10590150812456,0.7270508289337159,106.47827730629241,0.7778864542643229,81.2254873883869,0.818865966796875
0.8360812187194824,0.45198901494344074,0.8086402893066407,0.7336223602294922,0.7891832828521729,0.6872100830078125,0.6947335720062255,0.7407084147135417,0.7101188659667969,0.7207878748575847,0.7152641773223877,0.8933670679728191,0.6728768348693848,0.8397129694620769,0.8688517093658448,0.5308206876118978,0.7989117860794068,0.7104162216186524,136.54383592545423,145.89133201847545,153.12012604750586,147.76989823048007,111.27744068691409,0.6206184546152751,173.33763069223048,0.7156020482381185,163.78700511277947,0.7255623181660971,107.38822704663446,0.7802504221598308,82.3404204572484,0.8170377413431804
0.8343901634216309,0.45651604334513346,0.7956336498260498,0.7278217951456706,0.7889780044555664,0.7110221227010091,0.6940951347351074,0.7405579249064128,0.7140867233276367,0.7228043238321941,0.6733182907104492,0.8500174204508464,0.7175524711608887,0.884388542175293,0.8720344066619874,0.5349285920461019,0.7923058271408081,0.7194219589233398,132.52991748211906,143.0163483062839,154.39398031735405,148.41049660869007,113.3715268653345,0.6271752754847209,177.52394788165196,0.7211131413777669,167.85459591948367,0.7299899419148763,88.77127677663181,0.8035964330037435,100.74763017776274,0.7952876726786295
0.8376129150390625,0.4489294052124023,0.8004260063171387,0.7150007247924804,0.8079768180847168,0.7028223673502604,0.6908183097839355,0.7443003972371419,0.7199105739593505,0.7209458669026693,0.6714860916137695,0.8496718724568685,0.7198035240173339,0.8839106877644857,0.85760498046875,0.5269963264465332,0.8042014122009278,0.7089115460713704,133.49812119368806,144.84125741951502,154.29073875052748,147.08130293953613,106.36028446737618,0.6179539362589518,171.8747122543933,0.7149287064870198,162.66594306238665,0.7266059716542561,90.03763701245474,0.8024282773335775,100.39628277146966,0.7969861348470052
0.8362585067749023,0.46546786626180015,0.814716911315918,0.7187093734741211,0.7937602996826172,0.6979737599690755,0.6911557197570801,0.7406659444173177,0.7116015434265137,0.7235108693440755,0.7156376361846923,0.8912410736083984,0.719131326675415,0.8795134226481119,0.8577526092529297,0.5202405134836833,0.8042386054992676,0.7083415667215983,135.01571534018458,143.03429400363345,150.79991170004536,144.9184483029381,105.88084248189348,0.6142910401026408,170.70036023927688,0.715926218032837,164.0475864141267,0.724503755569458,87.23664627333204,0.8015121459960937,80.76512465465345,0.815953509012858
0.8281068801879883,0.48145065307617185,0.8069768905639648,0.7255324681599935,0.808749008178711,0.7000274658203125,0.6924417018890381,0.7419912974039714,0.7189860820770264,0.7185397466023763,0.7131211280822753,0.8864433288574218,0.7150345802307129,0.8720922470092773,0.8739794731140137,0.537559445699056,0.8078629493713378,0.712779966990153,134.28503100141933,145.80789100379835,151.2455398851156,143.23840276932188,110.6731573999437,0.6251697063446044,176.29205850788955,0.7156598567962646,165.79754381554125,0.7273856321970622,91.47411745379002,0.7953159968058268,81.85301993325905,0.8142173131306967
0.8368754386901855,0.47382160822550456,0.8120859146118165,0.7133827209472656,0.802006721496582,0.6904897689819336,0.6919691085815429,0.741505495707194,0.7107761859893799,0.7248207092285156,0.7140448570251465,0.886941401163737,0.7149113655090332,0.8732418060302735,0.8621182441711426,0.5189327875773112,0.8070463180541992,0.7019362449645996,139.69015350739951,146.37217194353013,150.13095406494995,144.68042537146187,106.74831682467857,0.6104345162709555,166.62834106892439,0.7133784770965577,161.02448950856532,0.7217208703358968,88.404087673349,0.7990312576293945,81.36894572891588,0.8142234484354656
0.8303154945373535,0.4943998654683431,0.8169017791748047,0.7149504979451498,0.7928803920745849,0.6792466481526692,0.6911821365356445,0.7407451629638672,0.7087578773498535,0.7261365254720052,0.7134608268737793,0.8868382136027019,0.7152359962463379,0.8735824584960937,0.863385009765625,0.5359405040740967,0.8048910856246948,0.6970985730489094,145.91814803764535,151.05667350089936,150.5533973111743,145.60126548638374,109.94886948642593,0.616519538561503,163.19255777441384,0.7116175492604573,159.00096007393094,0.7189218680063882,87.48429601233133,0.7998594919840495,81.32939013885247,0.8137916882832845
0.8432161331176757,0.4702535311381022,0.828160572052002,0.7188512802124023,0.7921903133392334,0.6740365982055664,0.6907065391540528,0.7425777435302734,0.7063718795776367,0.7265983581542969,0.7145163536071777,0.8923450469970703,0.7158347606658936,0.8745333989461263,0.8718583106994628,0.5111274083455404,0.8101754426956177,0.6964439392089843,143.7233739489801,149.16404843866442,148.42812738693848,144.94039302804586,108.41009411101957,0.6037856737772623,163.80168173533588,0.7115211486816406,158.88556191194147,0.7195108413696288,86.33997820542487,0.8005658785502116,80.9667864987247,0.8174613952636718
0.8376935005187989,0.4692956288655599,0.8242680549621582,0.7261476516723633,0.7877362251281739,0.6762819290161133,0.6910840511322022,0.7431638081868489,0.7020393371582031,0.7285285313924154,0.7087539196014404,0.8805809656778971,0.7176254749298095,0.8800327936808269,0.865142011642456,0.5176603953043619,0.806002140045166,0.7012147903442383,142.4417229081461,147.71706170553958,147.8264875303041,144.20726207772952,107.85855755185948,0.6094375928243001,165.27957766533848,0.7148716608683268,159.94619523867058,0.7221892992655436,84.12630810402455,0.8042806625366211,82.67279424464276,0.811872386932373
0.8335248947143554,0.4586080551147461,0.8260950088500977,0.7139752705891927,0.8014969825744629,0.6748925526936849,0.6903007507324219,0.7431689580281575,0.7083641529083252,0.7255259831746419,0.7083670616149902,0.8808600743611653,0.7176734924316406,0.8802249272664388,0.8610728740692138,0.4950506369272868,0.8137959957122802,0.6944339116414389,139.95862065870233,146.07415399941172,149.2006148310209,143.03567073139317,103.33936637577767,0.5947422742843629,163.56910126189277,0.7099799474080404,158.46427330234275,0.7188014348347982,86.55625695904153,0.8028754552205404,82.52498019600363,0.8120145161946615
0.8441441535949707,0.4403920809427897,0.8225998878479004,0.7084580739339192,0.7957810401916504,0.6725288391113281,0.6901391029357911,0.7446601867675782,0.7012719631195068,0.7311445236206054,0.714906644821167,0.9009335199991862,0.7177992820739746,0.8868019104003906,0.870566463470459,0.4895766735076904,0.8091904640197753,0.6904934565226237,145.66390796311478,149.73766780869147,148.9749027257437,146.86028598903226,106.98684835588637,0.5900350650151571,159.3594601513857,0.7108189900716146,155.53511842004187,0.717576821645101,83.93918269513777,0.808973217010498,80.99417819895959,0.8227968533833823
0.8401975631713867,0.46644652684529625,0.7986758708953857,0.7029770533243815,0.814059829711914,0.7045463562011719,0.6894960403442383,0.7435907999674479,0.7095781326293945,0.7359001795450847,0.6713712215423584,0.8555678685506185,0.7176451206207275,0.8877095540364583,0.8621371269226075,0.5083900451660156,0.8063678503036499,0.7037617047627767,142.2126422918892,145.09801099802021,151.20902797995572,147.5485346787856,105.93151362973339,0.6060758749643962,161.63154702548158,0.7198309421539306,161.18124895837082,0.7236762523651123,86.95822439702489,0.8118048667907716,99.19426166472154,0.7995793342590332
0.848629093170166,0.4537764231363932,0.8309072494506836,0.7138546625773112,0.7915030956268311,0.6652086893717448,0.693916130065918,0.7460436503092448,0.7012382507324219,0.7276194254557292,0.7131616592407226,0.8863798777262369,0.7134849071502686,0.8696380615234375,0.8668610572814941,0.5096037705739339,0.8112051725387573,0.689531675974528,146.32717872797792,151.90936335457027,146.58850417506065,145.7148789385287,107.18805415661825,0.5995677232742309,160.89614388795627,0.7085755507151286,154.27439483262478,0.7177876631418865,85.07142013847361,0.7986287434895833,82.1912407748275,0.8162117640177409
0.8311597824096679,0.4659923553466797,0.8114727020263672,0.6986421585083008,0.7978470802307129,0.6815561294555664,0.6919163227081299,0.7425580342610677,0.7114450931549072,0.7358145395914714,0.6705260276794434,0.8515281041463216,0.7143657684326172,0.8760503768920899,0.8584689617156982,0.5161677519480388,0.8046598911285401,0.6900991439819336,149.9217151403123,151.2937452249777,152.90661688954228,151.3819537875145,107.19047340905843,0.6031334479649861,153.87525143225164,0.7129568417867025,155.04773023767217,0.7163285891215007,88.80688003269336,0.8059324582417806,101.10567926393067,0.7970430692036947
0.8472015380859375,0.49557231267293295,0.825131893157959,0.7152889887491862,0.787946081161499,0.6737742741902669,0.6955790042877197,0.7476278305053711,0.7084250450134277,0.7301548004150391,0.7127825260162354,0.8924240112304688,0.6741303443908692,0.8448076248168945,0.8654238700866699,0.5431440035502115,0.806538987159729,0.6945316314697265,149.96897069812815,155.28501234237038,155.2694832945082,147.87391382501025,111.25442298091298,0.618837817509969,160.04507414223298,0.7123432159423828,154.428109092843,0.7210797309875487,106.65286020665451,0.7874812126159668,83.22433793570062,0.8200259208679199
0.8363677024841308,0.48528623580932617,0.8238338470458985,0.7215119043986002,0.7923239231109619,0.676746114095052,0.6896909713745117,0.7413042704264323,0.7084124565124512,0.7270731608072917,0.6674719333648682,0.856167729695638,0.7159059524536133,0.8797520955403646,0.8652194499969482,0.5436371962229412,0.8080788850784302,0.6991290092468261,146.18715493434448,151.21335065715684,150.15470740875193,149.10785685186642,110.17751122225815,0.6213831027348836,164.33773744737852,0.7131010850270589,160.39174471849952,0.7202166398366292,87.19017266196798,0.8034126281738281,100.94800472834615,0.7987360000610352
0.8482801437377929,0.48552239735921227,0.8234099388122559,0.7242539087931316,0.7897372245788574,0.6821193695068359,0.6899795055389404,0.74237486521403,0.7083008766174317,0.7269826253255208,0.6677212238311767,0.856303596496582,0.7155017375946044,0.8793596903483073,0.8704278945922852,0.5455716292063395,0.8065735816955566,0.7031866391499837,145.39890168715877,151.09555141688284,149.95790039565478,148.8516900966841,112.05426608442504,0.6243791341781616,166.38825952069854,0.7150846322377522,161.42208071710698,0.7227807521820069,87.29439447817481,0.8031711578369141,101.05464278373698,0.799339230855306
0.8495608329772949,0.49082682927449545,0.8237203598022461,0.7222272872924804,0.787070369720459,0.6804904301961263,0.6900147438049317,0.7411708831787109,0.7050670146942138,0.7277162551879883,0.6686624526977539,0.8566500981648763,0.6875729084014892,0.8566225687662761,0.8666126251220703,0.5457872867584228,0.8053953647613525,0.7013588587443034,146.32342086092765,151.14588739009957,150.53531353715712,149.11206101003717,111.47958884987314,0.6235730727513631,165.28036777058537,0.7145375569661458,160.96303171289577,0.7212648709615072,97.72849647231122,0.7921694119771322,100.47576647043725,0.7989104906717936
0.8522518157958985,0.49526637395222983,0.8226617813110352,0.7209934234619141,0.7860531806945801,0.673123296101888,0.6900079727172852,0.7457853317260742,0.7037057399749755,0.728577995300293,0.7083957672119141,0.8872936884562175,0.7165986061096191,0.882823371887207,0.8687582969665527,0.5438951969146728,0.8043574810028076,0.6970583597819011,149.1756535961457,154.60114510781926,149.93501172365532,145.8283282447109,112.80538856854132,0.620476778348287,162.61177135549934,0.7128181775410971,156.92002382957762,0.7214218457539876,85.22194036921263,0.80570068359375,82.59638942678738,0.8165395100911459
0.8360987663269043,0.4779420534769694,0.8203139305114746,0.7138891220092773,0.7871360778808594,0.6707290649414063,0.6935931205749511,0.7458160400390625,0.7031718730926514,0.7291513442993164,0.7132916450500488,0.892719014485677,0.6742721557617187,0.8441538492838542,0.864836835861206,0.5338357289632161,0.803725004196167,0.6923090934753418,149.73757038558378,154.84479667887464,153.6574049850185,148.07575538936234,111.08805631161702,0.6130724112192789,159.87737507915548,0.710730218887329,154.0874655578342,0.7190625667572021,104.10613191590927,0.7866525967915853,82.3626476112944,0.8192675272623697
0.8363940238952636,0.48629604975382484,0.8213167190551758,0.7124309539794922,0.7865931987762451,0.6651777903238932,0.6965066909790039,0.7466000239054362,0.7018954753875732,0.7299456278483073,0.7147059440612793,0.8942241032918294,0.6738602161407471,0.8450700124104817,0.8655057430267334,0.5438349564870198,0.8039549589157104,0.6888043721516928,153.27365260025604,158.08575601962235,153.9081965059477,149.48840510329362,113.00499567438638,0.6163196643193563,158.04511581166113,0.7093750000000001,151.7245112468642,0.7177021980285645,103.68635682582568,0.7875078201293946,82.97197684972191,0.8204120635986328
0.8351569175720215,0.4796199162801107,0.8218413352966308,0.7133963267008464,0.7892862319946289,0.6738085428873698,0.690793800354004,0.7463049570719401,0.7057385444641113,0.7312541961669922,0.7162595272064209,0.9024626413981119,0.6905197143554688,0.8594481786092122,0.8616218090057373,0.5321213881174722,0.8055637836456299,0.6936024347941081,148.7195248202377,153.2397242191209,152.02198981637716,147.58736859129897,109.1444065677566,0.6128619114557902,159.3346897329054,0.7124283154805502,155.33535256955028,0.7199536959330242,96.77030655035881,0.7953511873881022,80.73790750041856,0.824383799235026
0.8365461349487304,0.48593279520670574,0.8228053092956543,0.715891965230306,0.7901652336120606,0.6706125259399414,0.6923842906951905,0.7453882217407226,0.7092058658599854,0.728093973795573,0.7164986610412598,0.9049569447835286,0.6735206127166748,0.8452648798624675,0.8618478775024414,0.5305744647979735,0.8064852714538575,0.6932522455851237,147.40222005278991,152.82642351915953,155.76247690424768,148.37809572180242,108.79449913702801,0.6119133551915485,160.2944359899053,0.7106731096903482,155.4429940299637,0.7193202336629232,106.93849618911754,0.7866794268290203,81.40636444983872,0.8251725832621256
0.8357306480407715,0.48219181696573893,0.827760887145996,0.712034797668457,0.7920564651489258,0.6657461166381836,0.6952192306518554,0.7430201212565104,0.7111429214477539,0.7231679916381836,0.7158197879791259,0.9031737645467123,0.7050816535949707,0.8648481369018555,0.862600040435791,0.5339930057525635,0.809908676147461,0.6888904571533203,147.8212194280299,153.95216969937536,151.66526910135178,148.9646689588799,108.78673001625802,0.6114417314529419,160.86021367501314,0.706029224395752,154.73422330038824,0.7159552892049154,92.44969699922389,0.7940080642700196,82.67029408594591,0.8230969429016113
0.8374954223632812,0.49430418014526367,0.8256381034851075,0.7152180353800456,0.7886390209197998,0.6722002665201823,0.6950744152069092,0.745255978902181,0.7055362701416016,0.7270011901855469,0.7151259422302246,0.8983976364135742,0.6822463989257812,0.8479880650838216,0.864822244644165,0.5424926122029623,0.8071385622024536,0.6937091509501139,148.94641931276854,154.6364287210874,151.9051767199059,148.33532534729432,110.88005782688913,0.6181008815765381,161.85757399030643,0.7103551705678304,155.29870056042816,0.7194825649261474,100.89610547069663,0.7874946276346843,82.54044086106559,0.8218268076578776
0.8301812171936035,0.47876135508219403,0.8212746620178223,0.7162944157918294,0.7912847995758057,0.6780537923177083,0.6909068584442138,0.741955057779948,0.7095593929290771,0.7291977564493816,0.7164858818054199,0.9005197525024414,0.7094537734985351,0.8677008946736654,0.8644723415374755,0.5359635512034098,0.8062797307968139,0.6971741040547689,147.0380912838493,151.33028657182487,150.45556730383748,147.01081183432456,109.8481992161431,0.6165688276290893,161.68053377456891,0.7131859302520752,158.78672052695734,0.7195645809173584,90.04369248602721,0.7984493255615235,80.83621867884135,0.8212374051411947
0.8315817832946777,0.4688521067301432,0.8195635795593261,0.7284912109375,0.7898895263671875,0.6777462641398112,0.7004110813140869,0.7497470855712891,0.7034662246704102,0.7296988805135091,0.7147910594940186,0.8868787129720052,0.7119531631469727,0.869180170694987,0.8630079746246337,0.5280540784200032,0.8047265529632568,0.7031187375386556,143.0590488396201,150.34187618598312,147.32730660057098,147.93572261090563,108.41330668829521,0.6155864079793294,165.29206304807127,0.7164088090260823,155.91566240077654,0.7264329115549724,86.51804922387414,0.799439525604248,84.01369409026135,0.8183128992716471
0.8243221282958985,0.46683635711669924,0.8118254661560058,0.7264315287272135,0.7890203475952149,0.6856996536254882,0.6946634292602539,0.7445597330729167,0.7054651260375977,0.7284990946451823,0.7150311470031738,0.8922423044840495,0.7114594936370849,0.8698725382486979,0.8670281887054443,0.540161418914795,0.8004229068756104,0.7060655911763509,143.91646835711535,150.1406263854518,149.06571186673438,147.50854217250327,111.87390106936037,0.623113505045573,166.70775179756936,0.7172823429107666,159.99959813464793,0.7253126621246337,87.57205912665427,0.7991858164469401,82.14755935655543,0.8184010187784831
0.8292323112487793,0.4664560000101725,0.8057319641113281,0.7315927505493164,0.7846928119659424,0.6871901194254557,0.693644666671753,0.7462867101033529,0.7047692775726319,0.7232973098754882,0.7119659423828125,0.8925495783487956,0.6940546035766602,0.8442033767700196,0.8632062435150147,0.5480336189270019,0.7952123880386353,0.709391434987386,140.85426068155988,150.50360576092152,148.18113514214173,148.41809281190228,112.84985565338938,0.6287125269571939,171.25906699722978,0.7163443724314371,160.03604871798373,0.7278390725453694,95.06431189238143,0.783750343322754,82.86016643544536,0.8194181442260742
0.8318379402160645,0.46245702107747394,0.802730941772461,0.7326833089192708,0.7803734302520752,0.693263562520345,0.6936829566955567,0.7452051798502605,0.7002668380737305,0.7305458068847657,0.7102279186248779,0.8855325063069661,0.6758408546447754,0.838664182027181,0.8602910518646241,0.545692507425944,0.7915521860122681,0.7129734357198079,141.77827344689803,148.0929351887326,150.0977100773609,148.0419849482868,112.3386784815624,0.6293329715728759,169.1038831516698,0.7217596213022868,161.77148652926516,0.7290893077850342,102.73048530242579,0.7846049944559733,83.27571994298033,0.8153688430786132
0.8307003021240235,0.46723686854044594,0.7944982051849365,0.726983388264974,0.7829408645629883,0.6914603551228841,0.6900187969207764,0.745050557454427,0.7050833225250244,0.7285519917805989,0.6741989135742188,0.8489957173665365,0.6849646091461181,0.8295148213704427,0.8684435844421386,0.5408828417460123,0.7887195348739624,0.709221871693929,144.05234905941126,151.10168717438893,150.49124178160986,149.3249739901989,115.3418695277911,0.6250523567199706,166.98622606353723,0.7188869317372639,160.04893974834275,0.727136214574178,101.26962790929986,0.7790334065755209,98.65369555613798,0.7970231374104817
0.8310893058776856,0.4638643900553385,0.8008504867553711,0.7271046956380208,0.7837183475494385,0.6802014668782552,0.6908414840698243,0.7414082209269206,0.7036208629608154,0.7266111373901367,0.6762865543365478,0.8510804494222005,0.6865111827850342,0.8389795939127604,0.8634935855865479,0.5387675603230795,0.7922844171524048,0.7036530812581381,144.91795903251193,150.84568132489707,150.64587394873385,149.36356755889986,113.35808430341446,0.6212103207906088,165.48297984955698,0.7151321093241374,159.58568595596807,0.7225306510925293,98.6575912445264,0.7827953656514486,97.5597185089766,0.7962443351745605
0.830051326751709,0.45826292037963867,0.7985243797302246,0.7250661849975586,0.7762978553771973,0.6798866907755534,0.6887221813201905,0.7412638346354167,0.7028269290924072,0.7347484588623047,0.6713724136352539,0.8496416727701823,0.7200370311737061,0.8869347890218099,0.8599537372589112,0.5465552488962809,0.787411117553711,0.702476437886556,150.74299367142697,152.78535484807676,153.48316934376115,150.83955869984348,114.95029046428735,0.6245158433914184,159.11628263659264,0.7186124483744303,158.54384321370608,0.7218701362609863,83.54807506612676,0.8108416239420573,99.09507773747096,0.7954527537027996
0.8259701728820801,0.45944716135660807,0.7949834823608398,0.7266146977742513,0.7737039566040039,0.6781915664672852,0.6961404323577881,0.7445035298665365,0.6971662044525146,0.7267929077148437,0.6718384742736816,0.8527852376302083,0.6738521099090576,0.8429460525512695,0.857557725906372,0.5496837298075358,0.7843437194824219,0.7024031321207682,147.79434635333013,155.15898897399785,153.1759007753006,155.84820777147115,115.61315834121554,0.626043430964152,164.36989976273497,0.7145980199178059,154.48434433042118,0.7234533309936524,101.34951519421898,0.7848694801330567,102.64944309257461,0.7986443837483723
0.8260685920715332,0.46423702239990233,0.7922029972076416,0.7317590077718099,0.7717599391937255,0.683714485168457,0.6933196544647217,0.7430617650349934,0.6959448337554932,0.7260655085245769,0.7114833354949951,0.9117856979370117,0.6725770950317382,0.846632448832194,0.857475757598877,0.5436827500661214,0.7819814682006836,0.7077367464701334,143.55653798083657,151.18942457388383,152.7422681879544,154.79575060103042,114.71091905644484,0.6257097482681274,167.973808381968,0.7169011274973551,158.27646258957077,0.7253992557525635,100.96881231447668,0.7863489786783855,83.85558609777114,0.8274237314860026
0.8240832328796387,0.45767332712809244,0.79241943359375,0.7319868087768555,0.7690019130706787,0.6830994923909505,0.6979379177093505,0.7434056599934896,0.693203067779541,0.7270170847574869,0.6708139896392822,0.8581789016723633,0.667827844619751,0.8483166376749675,0.8570874691009521,0.5480907599131266,0.7807106733322143,0.7075431505839029,145.03372673226022,152.59975662058486,153.09030413355038,157.183827816988,115.59415801301876,0.6278169552485148,167.45384816796258,0.7172801176706949,156.5746201648141,0.7254744052886963,101.81558033110397,0.7876668612162272,103.29654075292757,0.8007922808329264
0.8224903106689453,0.46605183283487955,0.7930720329284668,0.7375859578450521,0.7720546245574951,0.6851254145304362,0.6956521511077881,0.7414161046346028,0.7010883331298828,0.7274748484293619,0.7004611015319824,0.931137212117513,0.6726098537445069,0.8407781600952149,0.857610034942627,0.5440349260965983,0.782563328742981,0.7113556861877441,141.66374081088426,148.44926023347318,153.7586366458877,158.0641842177255,114.15718807516707,0.6276953061421713,168.80901482337666,0.719415267308553,160.92076764521883,0.7263858954111735,104.10887315822384,0.7841265042622885,88.54800775613933,0.8362766583760579
0.8249090194702149,0.4683919270833333,0.7950324058532715,0.7418560028076172,0.7712244987487793,0.6858345667521158,0.6974631309509277,0.7474185307820638,0.6978894233703613,0.7331218719482422,0.6941617012023926,0.9359099070231119,0.6737349510192872,0.8457763036092122,0.8573730945587159,0.5475083033243815,0.7831284523010253,0.7138452847798665,143.41291258488388,150.0574206926993,152.43710941960967,159.1706910578524,114.0536331445195,0.6306767940521241,167.25705697310227,0.7234835783640543,158.59920356682352,0.7306319077809651,102.10167990677645,0.7894490877787272,91.00343397797708,0.8416642189025878
0.8274568557739258,0.46593157450358075,0.7925794124603271,0.7316566467285156,0.7731098651885986,0.6858083724975585,0.693433427810669,0.7573857625325521,0.6906961441040039,0.7353659947713216,0.6869142055511475,0.9388085683186849,0.6664256572723388,0.8498135884602864,0.8572237968444825,0.5489984512329101,0.7828446388244629,0.708732509613037,147.9029674370642,156.71988965498971,152.4439487460267,159.42423050962037,114.96874460899683,0.6288654804229736,163.87923123577298,0.7220492521921793,151.4471074753858,0.7330591360727945,101.97312600519146,0.792589791615804,92.0579732190364,0.8480971654256184
0.8366304397583008,0.47185052235921227,0.7921444416046143,0.7343108495076497,0.7751908302307129,0.6884679158528646,0.692671823501587,0.7599053064982096,0.6891450881958008,0.7363794962565104,0.6815800189971923,0.9496255874633789,0.6683124542236328,0.8503198623657227,0.8570941448211671,0.5433442910512288,0.7836676359176635,0.7113893826802571,145.8338597189019,155.27235876186205,150.6582572266491,160.15010673209244,113.60269511876504,0.627366836865743,165.1908331394715,0.7238844394683838,151.93495313756952,0.7356473445892333,100.36140036241788,0.7933496793111166,93.34593114402605,0.8547654469807943
0.8380386352539062,0.4693408648173014,0.7933319091796875,0.7422218958536784,0.774468183517456,0.6950295766194662,0.6923518657684327,0.7623783111572265,0.6898201465606689,0.7327507654825847,0.6764398574829101,0.9493157068888346,0.6703902244567871,0.8493361155192057,0.8549095630645752,0.540314753850301,0.7839000463485718,0.7186257362365722,139.1645813661705,151.749334123408,148.4905778749594,159.88817427002408,111.71413432978022,0.6294702450434366,171.46146523706201,0.7256882508595784,154.45599868629319,0.7405020236968993,99.4618585917379,0.7910434405008953,94.86525773112977,0.8558470090230306
0.8420046806335449,0.4741907755533854,0.7917122364044189,0.7433820088704427,0.7718430995941162,0.6948383967081706,0.6918587207794189,0.7633310953776041,0.6897927761077881,0.7307509104410808,0.6762402057647705,0.9507347106933594,0.6750594139099121,0.8493597666422527,0.8602593898773193,0.5483335018157959,0.7817776679992676,0.7191102027893066,140.27281223244287,154.25777134316428,147.75187711465662,160.26818910506066,114.68150342347028,0.6337218523025512,172.78754621718835,0.7249305566151937,153.8126797108219,0.7412206490834554,97.08089959591129,0.7900553385416667,94.76411142180325,0.8570329030354817
0.843050765991211,0.46973361968994143,0.7961818695068359,0.7408452351888021,0.7734119415283203,0.6883185704549154,0.6915174007415772,0.7599831263224284,0.6902320861816407,0.7326805114746093,0.6769380569458008,0.9528525034586589,0.6726412773132324,0.8568363825480143,0.8605335235595704,0.5404889742533365,0.7847969055175781,0.7145819028218587,142.3789637669566,153.55041710419977,149.81138673318978,159.96785496983946,113.51075438302563,0.6275354385375976,169.16527519528844,0.723631207148234,154.04677594397467,0.7372825145721436,98.06417832503882,0.7947584470113118,94.32286993752037,0.8564178148905437
0.8435397148132324,0.4693529764811198,0.793098258972168,0.7355981190999349,0.774229621887207,0.6869857152303059,0.6905902862548828,0.7608154932657878,0.6885058879852295,0.7320293426513672,0.6775042533874511,0.9506917953491211,0.6746607780456543,0.8691028594970703,0.8631349563598633,0.5389045079549153,0.7836639404296875,0.7112919171651204,144.41483015739888,155.88349829914418,151.1339887856768,160.0280634764808,114.74981682714477,0.6250982125600179,167.70596944552923,0.7216606299082438,151.9829961998278,0.7360537052154541,95.76759932286542,0.8005661010742188,93.94251797975099,0.8557536443074545
0.8442632675170898,0.4705615997314453,0.792900276184082,0.7396819432576497,0.7721217155456543,0.6875843048095703,0.6922064304351807,0.7614482879638672,0.6890198230743408,0.7324228286743164,0.677404260635376,0.9536343256632487,0.6732476234436036,0.8562877655029297,0.8637714385986328,0.5396724224090577,0.7825109958648682,0.71363312403361,143.55994392079725,155.62607940118144,149.80707847046642,160.7535699912975,115.0381971723808,0.6266527732213338,168.6361765655499,0.7230279763539632,152.09932716191926,0.7375407059987387,97.25664099381908,0.7943552970886231,94.40422627952256,0.857541306813558
0.8448715209960938,0.47238251368204753,0.7955266952514648,0.741787338256836,0.7729761123657226,0.6869232177734375,0.6936736106872559,0.7614961624145508,0.6899105072021484,0.7312082290649414,0.6772619247436523,0.9513237635294597,0.6765464305877685,0.8677244186401367,0.8645090103149413,0.5393425146738688,0.7842514038085937,0.7143552780151368,142.43072544923925,155.05472171471686,150.51225877808852,160.6424461451545,114.63531172493927,0.6268488963445028,169.87158375667988,0.7227817535400392,152.50544012357184,0.7379257202148437,95.59108186872285,0.799466323852539,94.94126221414794,0.8564099629720052
0.8454836845397949,0.4635871569315592,0.7929890632629395,0.7406890869140625,0.7759289264678955,0.6939675649007161,0.6925344944000245,0.7528855005900065,0.691521406173706,0.7278474171956381,0.6782796859741211,0.9509853998819987,0.6660326957702637,0.8524282455444336,0.8653770446777344,0.5447060426076253,0.7844589948654175,0.7173283259073893,139.96754422496542,150.84829880512876,150.32564196404005,159.67760486435415,115.11520347820843,0.6310171842575073,173.54248938023565,0.7225878715515137,158.85310791733886,0.7351069132486978,101.56289781411049,0.7901378313700358,94.11577723280816,0.8519354502360026
0.846241569519043,0.46325295766194663,0.7920906066894531,0.741496213277181,0.7749654293060303,0.6884623209635417,0.6917749881744385,0.752845573425293,0.6900811195373535,0.7275215784708658,0.6782094001770019,0.9507399241129557,0.666478443145752,0.853610610961914,0.865534782409668,0.5443644046783447,0.7835280179977417,0.7149792671203613,141.41386134979584,152.23555401512164,150.4273687198545,159.8502775699294,115.67146591597998,0.6296718358993529,172.3555266761385,0.7212504227956136,157.57415059820264,0.7339124202728271,100.60252675586815,0.7905660947163899,93.92147077019365,0.8517927487691244
0.849053955078125,0.4672911961873372,0.7939350605010986,0.737533442179362,0.7714239120483398,0.682396125793457,0.6923606872558594,0.7596321741739909,0.6906476020812988,0.7327660878499349,0.6774742603302002,0.9538215637207031,0.6778466701507568,0.8712194442749024,0.8630767345428467,0.5385843276977539,0.7826794862747193,0.7099647839864095,145.5194563590964,156.4859601256783,152.25417245203045,161.04724267302348,115.1320070070597,0.6242745558420817,166.0849155623002,0.7213654359181723,151.19307803359607,0.7347984790802002,95.28235773148755,0.8019927660624186,94.38368189791727,0.8567268689473471
