0,1,2,3,4,5,6,7,8,9,10,11,12,13,14,15,16,17,18,19,20,21,22,23,24,25,26,27,28,29,30,31
0.22035348415374756,0.289551830291748,0.24421072006225586,0.5039325396219889,0.21589505672454834,0.5343164443969727,0.3271418809890747,0.5224570910135905,0.2812082052230835,0.5932681401570638,0.2894628047943115,0.7109937032063802,0.278734016418457,0.7313025792439779,0.19531155824661256,0.3426248868306478,0.2300528883934021,0.5191244920094809,164.3131478522618,128.21009324643512,166.05108819360476,151.49383238335056,78.86453017462574,0.43087468942006435,55.396314075605595,0.5561963160832724,1.9659171896357752,0.5207907915115357,91.02688429226261,0.6622853597005208,101.30167842949932,0.6167253971099853
0.22237343788146974,0.2945327123006185,0.24371592998504638,0.5015692075093587,0.21568675041198732,0.5275654792785645,0.32427823543548584,0.5191027641296386,0.2825998544692993,0.5928787231445313,0.28921213150024416,0.7116533279418945,0.27979857921600343,0.7308348337809245,0.19688335657119752,0.3439596811930339,0.22970134019851685,0.5145673433939616,164.96278604821737,128.7767512620655,165.7944998880995,152.87689039254607,79.11161726351625,0.42926351229349774,55.96138710503276,0.5537230332692464,2.745507162837415,0.5168350537618001,91.16326268500461,0.6618567784627278,100.32123813516372,0.6153780460357665
0.2228480815887451,0.2957430521647135,0.2401362895965576,0.5054794947306315,0.2159696102142334,0.5292636235555013,0.32717208862304686,0.5179887453715006,0.28247292041778566,0.592164675394694,0.288068962097168,0.7115125020345052,0.2798272371292114,0.7314901987711588,0.19841596484184265,0.3425099054972331,0.22805294990539549,0.5173715591430663,162.56812130367985,126.62580575435955,165.31881842696416,151.39842626877376,80.38045800553161,0.42994073232014973,53.960114124580585,0.5547681172688801,0.3567596481487023,0.5176801522572835,91.08787152858457,0.6618274370829265,101.4232963892652,0.6147506237030029
0.22211093902587892,0.2969804763793945,0.2437519073486328,0.505733871459961,0.21487946510314943,0.5298261960347493,0.32781527042388914,0.5136563618977864,0.27918572425842286,0.5913970311482747,0.28754267692565916,0.7104864120483398,0.27826104164123533,0.7283979415893554,0.19799301028251648,0.34317671457926435,0.2293156862258911,0.5177800337473552,163.9981711943201,124.89241919656396,166.53057296499716,151.62414544163025,79.82969698087688,0.43047837416330975,55.88528210807799,0.5545885324478149,177.60271978450848,0.5157181978225708,90.3867098889586,0.6598974863688151,101.56345604482854,0.6120713869730632
0.22302303314208985,0.30110162099202475,0.2418109655380249,0.5050766626993816,0.21463100910186766,0.5272204717000325,0.3270932674407959,0.512206236521403,0.27900018692016604,0.5899317423502605,0.28607180118560793,0.7141770680745443,0.2763669490814209,0.7329435348510742,0.20027514696121215,0.34101551373799643,0.22822098731994628,0.516148567199707,163.01406267243442,124.24771191010316,166.42407105186953,152.23419318529324,80.93379188367172,0.42858204046885173,55.46339855847848,0.5530401547749837,177.71665710215044,0.5141774018605549,91.05485264749235,0.6614376386006673,101.48094002128124,0.6131916522979737
0.22451870441436766,0.30431299209594725,0.24177446365356445,0.5044817924499512,0.20982682704925537,0.5254863103230795,0.3232664346694946,0.512164815266927,0.279732346534729,0.5855278015136719,0.28659217357635497,0.7138903299967448,0.277822470664978,0.7339383443196614,0.2001770853996277,0.3439056714375814,0.22580064535140992,0.5149840513865154,160.82595366047323,124.5303562782786,165.8974915524585,152.70133502888868,81.4817458537659,0.4294448614120484,52.60157279544642,0.5502559264500937,178.34315912080424,0.5135744333267211,90.73729119617482,0.6597330729166666,100.30399271840439,0.6130275726318359
0.2282456636428833,0.3083747545878092,0.23810863494873047,0.5014480272928874,0.20601086616516112,0.5179240862528484,0.31596434116363525,0.520916748046875,0.28027312755584716,0.5817553838094075,0.286714506149292,0.7119503657023112,0.2775129795074463,0.7326552073160807,0.20508170127868652,0.3441009521484375,0.2220597505569458,0.5096860567728678,158.62759269772832,128.91216310988798,164.98579192644354,153.5681188379358,84.14571165087021,0.42689350446065266,51.07075519282516,0.5457207202911376,6.820000254261599,0.5153014024098714,91.04789519973333,0.6572052955627441,98.70515306485322,0.6164335568745931
0.23041148185729982,0.3218268712361654,0.23052427768707276,0.4909770965576172,0.20088260173797606,0.5128568967183431,0.3242250204086304,0.508949089050293,0.27918999195098876,0.5850065231323243,0.2863486289978027,0.7137136459350586,0.2776803016662598,0.7305301666259766,0.2096032679080963,0.34341231981913245,0.21570343971252443,0.5019169966379802,158.6855564411995,128.40721346625898,164.2373613629009,151.07392632624996,87.79601651133078,0.4226646582285563,52.6174929994547,0.5434617598851522,3.707527141639369,0.5054330428441366,90.59437612126746,0.6577683448791505,100.47985140763666,0.6113313674926758
0.22913649082183837,0.3125444412231445,0.22759549617767333,0.4927664756774902,0.20311448574066163,0.5121976534525553,0.2993308067321777,0.5379610697428385,0.2797998428344727,0.5666475931803385,0.286201024055481,0.7148101806640625,0.27768359184265134,0.7255266189575196,0.21067143082618714,0.34083245595296224,0.2153549909591675,0.5024820645650228,151.8963959649563,137.11962938385912,163.62413700624413,157.30204168432456,88.34040317747629,0.42165726025899253,44.87556199824018,0.5345648288726806,22.90360797064745,0.5202215671539306,90.76312829560925,0.646087106068929,94.24601227065996,0.6263856252034505
0.22978565692901612,0.3110116322835286,0.23102855682373047,0.5021532694498698,0.2033634901046753,0.5146999359130859,0.2987496852874756,0.5489044189453125,0.2784841299057007,0.5840384801228841,0.2863181114196777,0.7170092264811198,0.27704586982727053,0.7321908950805665,0.2066863000392914,0.34284191131591796,0.2171960234642029,0.5084266026814779,157.54996752095448,140.47059921411997,164.46950394946785,157.43594619925886,86.36828659773862,0.42563425699869795,50.97309311575063,0.5462325414021809,26.396745886601877,0.5286655108133952,90.55620857560719,0.6581146876017252,94.2294003185809,0.6329568227132161
0.23054635524749756,0.31307258605957033,0.22663543224334717,0.5011816342671712,0.20060482025146484,0.5199700991312662,0.298769474029541,0.5523590087890625,0.2771544218063354,0.5944735844930013,0.28575592041015624,0.7207750956217448,0.27637472152709963,0.7349334716796875,0.21042007207870483,0.3425600051879883,0.213620126247406,0.5105758666992187,157.70137316171412,138.97404549899193,164.05522527942395,156.64041709633278,88.9088683003365,0.42656793594360354,52.863980741559466,0.55252472559611,26.137380521217764,0.5314674377441406,90.31804864242058,0.6647035280863444,94.41847953646841,0.6365670522054037
0.23163001537322997,0.31437419255574545,0.22777485847473145,0.5036567370096843,0.20393688678741456,0.5216475168863932,0.2989884614944458,0.5520107905069987,0.2765755891799927,0.5944870630900065,0.2886377811431885,0.7231882095336915,0.2758288860321045,0.7358271916707356,0.21016387939453124,0.3435780525207519,0.215855872631073,0.5126521269480387,158.25073209809645,138.41645981074137,164.65577263771263,157.46951069497118,88.07182700334037,0.4281150897343953,53.42540049231435,0.5535695950190227,25.33495551866546,0.5323314587275187,90.30269210400981,0.6651571273803711,93.46032256561716,0.6375995000203452
0.22894492149353027,0.31474536259969077,0.23804872035980223,0.5094257354736328,0.2090315818786621,0.5349760055541992,0.3264573097229004,0.5148708979288737,0.27780780792236326,0.5856007893880208,0.2863171100616455,0.7168987274169922,0.27840414047241213,0.732870610555013,0.20728707909584046,0.3468517780303955,0.22354015111923217,0.5222008705139161,155.89374492494107,121.27293292018463,165.63489900045093,150.89143054280706,84.7043967076215,0.43452632427215576,49.43786902856519,0.5539008299509685,175.92615526473193,0.518535884221395,89.76799624461901,0.659235699971517,101.23755002966075,0.615884812672933
0.2279041290283203,0.31235984166463215,0.2430910587310791,0.5160323778788248,0.2108592987060547,0.5369035720825195,0.32023868560791013,0.5244565010070801,0.2765651702880859,0.5894584655761719,0.28629403114318847,0.7173588434855144,0.2784165859222412,0.7334351221720378,0.20414090156555176,0.34509897232055664,0.2269751787185669,0.5264679749806722,158.2969874686574,121.67936129337579,166.77878104367434,152.7574453310295,82.82424137835176,0.43578347365061443,51.788001379840246,0.557963220278422,178.76445666417123,0.5254622379938761,89.26326629535048,0.6614467938741049,99.98005523987669,0.6209076722462972
0.22784171104431153,0.3151625951131185,0.23994431495666504,0.5141314188639323,0.20988759994506836,0.5299867947896322,0.32658278942108154,0.5140493075052898,0.2768071413040161,0.5889203389485677,0.28648877143859863,0.7178723017374674,0.27795193195343015,0.733439572652181,0.20685848593711853,0.3450725714365641,0.2249159574508667,0.5220591068267822,158.19060291558216,120.81380874238089,166.36892864312298,151.4158526039334,84.17442019936273,0.4335658391316732,52.18486407083786,0.555489722887675,175.49526940294552,0.518054207166036,89.54614829396913,0.6611799558003744,101.12856446548595,0.6159608046213786
0.2278299331665039,0.31147810618082683,0.2395216703414917,0.5074981689453125,0.21023805141448976,0.5321648597717286,0.3262167930603027,0.5159618377685546,0.27705864906311034,0.5907396952311198,0.28349990844726564,0.7166682561238606,0.28083980083465576,0.7333351771036783,0.20292146801948546,0.3445158799489339,0.22487986087799072,0.5198315143585206,160.40885619456992,123.53494437988307,166.83191602365113,151.4007805688547,82.86084522747001,0.4321736971537272,53.651980813320684,0.5552856047948203,177.81315204547883,0.5178966760635376,88.48106489530511,0.6620374361673991,102.01513560972764,0.6163150469462076
0.22608370780944825,0.30801690419514977,0.2412445068359375,0.5149346987406412,0.21384019851684571,0.5351827621459961,0.3264554500579834,0.5169883728027344,0.2756706953048706,0.5905626296997071,0.28589303493499757,0.720049794514974,0.27821595668792726,0.737570317586263,0.20320400595664978,0.3436406930287679,0.2275423526763916,0.5250587304433187,160.04969956474577,120.74864741113889,167.58012121191425,152.04389182758092,82.35904078927523,0.4343497117360433,53.693782308883264,0.5578106800715129,175.33554741907847,0.5210235516230266,89.00809156481924,0.6640664736429851,101.2964019397753,0.6185190836588541
0.2254944086074829,0.29762725830078124,0.24061670303344726,0.5109634717305501,0.21319518089294434,0.5299132664998373,0.3265573263168335,0.515690008799235,0.27622036933898925,0.5897422154744466,0.28568828105926514,0.7167847951253256,0.2785686254501343,0.7375592549641927,0.2039273738861084,0.33968230883280437,0.2269059419631958,0.5204383691151937,160.69027174560898,122.13804316127627,167.5258227289873,151.84539256501654,82.7551491468627,0.43006033897399903,54.56554704477434,0.5550902922948202,177.2719357278671,0.5180641889572144,89.08986238619478,0.6636507352193197,101.48791989918881,0.6162374019622803
0.22557101249694825,0.2991881052652995,0.24532456398010255,0.5147756576538086,0.2176879644393921,0.5369941075642903,0.3270662546157837,0.5160496393839519,0.27546181678771975,0.5922875722249349,0.2867013931274414,0.7155062993367513,0.2765726327896118,0.7377191543579101,0.2031399428844452,0.34071989059448243,0.23150626420974732,0.5258848826090494,162.53639407342354,119.37706101332584,168.42737195337756,152.3300764896411,81.29029600259955,0.4333023866017659,56.49725743590268,0.5590862274169921,174.12368398973626,0.5209672609965006,89.56237957293456,0.6650033632914225,101.44066654952958,0.6157779693603516
0.2266103982925415,0.29928725560506186,0.24132709503173827,0.5149019559224447,0.210467529296875,0.536628532409668,0.3267209053039551,0.5154872258504232,0.27674825191497804,0.593675168355306,0.2857243061065674,0.7152839660644531,0.277286434173584,0.7357394536336263,0.202626371383667,0.34222097396850587,0.22589731216430664,0.5257652441660563,159.59822506299275,119.7898507111376,166.46479737420864,150.88455411923943,82.77422016507502,0.43399310906728106,53.17413707178877,0.5597202062606812,174.1793404148837,0.5206262350082398,89.78294738569653,0.6647073109944661,101.5956572170255,0.6153855959574381
0.22694501876831055,0.30032151540120444,0.24072275161743165,0.5176421801249186,0.210503888130188,0.5389127095540365,0.3270880222320557,0.5165076891581217,0.2770278215408325,0.5936723709106445,0.2859212398529053,0.7153655370076497,0.2775092840194702,0.7361558278401693,0.20242045521736146,0.3422462781270345,0.22561331987380984,0.5282774448394776,158.3525823657507,118.96412972791619,166.17646487082368,150.43731410877288,82.89349222027403,0.4352618614832561,51.82502336084796,0.560974907875061,173.3839918334145,0.5223925669987997,89.80639392374277,0.6649140993754069,101.69593919170579,0.6159366130828857
0.2267956018447876,0.29860897064208985,0.24466006755828856,0.5161856015523275,0.21361703872680665,0.5378828048706055,0.32712931632995607,0.5154914855957031,0.27731924057006835,0.5932670593261719,0.28609619140625,0.7146890004475911,0.2773329734802246,0.7360603332519531,0.20150638818740846,0.34273301760355634,0.2291385531425476,0.5270342032114665,160.80228961674072,119.30498566352169,167.0219230849858,151.47605490295476,81.47319087311683,0.43488361040751145,53.96621236728277,0.5601506312688191,173.28186281940174,0.5212628444035848,89.9944896718989,0.6646636962890624,101.63966911907478,0.6150902430216472
0.2270388126373291,0.2978078842163086,0.24445173740386963,0.5160676638285319,0.2140037775039673,0.5375839869181315,0.32715845108032227,0.5149661699930826,0.27736501693725585,0.5946729024251302,0.28595695495605467,0.7143595377604167,0.277653169631958,0.7364842096964518,0.2019542157649994,0.34155809084574384,0.22922775745391846,0.5268258253733317,161.2348713526421,118.92502748512635,167.11072416696794,151.4944084107079,81.62555134503901,0.43419195810953776,54.64443494396191,0.5607493638992309,173.09496080057528,0.5208959976832072,89.88357832067535,0.665578556060791,101.67495576736934,0.6146628538767497
0.22767260074615478,0.2964392026265462,0.24219286441802979,0.5148631731669108,0.2134932518005371,0.536698849995931,0.3268404245376587,0.5156100273132325,0.2774063587188721,0.5963202158610026,0.2854238271713257,0.7159867604573568,0.27926180362701414,0.7347663243611654,0.20225934982299804,0.3413561503092448,0.22784305810928346,0.5257810115814209,161.3289138491272,119.69651111628144,166.94532765442872,151.47920123911757,82.10224214474765,0.43356858094533285,54.90678726954397,0.5610506137212117,174.13401627920865,0.5206955194473266,89.23217200249792,0.6655432701110839,101.67822025686789,0.6157983938852947
0.22695069313049315,0.30766188303629555,0.23600802421569825,0.5097933451334635,0.2102461576461792,0.5302709897359212,0.32608613967895506,0.5175333658854167,0.28188316822052,0.5782480875651042,0.286095929145813,0.7154897689819336,0.27774479389190676,0.7356650034586588,0.20403097271919252,0.3388542334238688,0.22312709093093874,0.5200321674346924,152.75022938524262,122.94657545498397,164.2805473548225,150.72216482508065,83.98325087083978,0.4294432004292806,44.73541953465669,0.5491401274998983,178.60971246484948,0.5187827666600545,91.50591681851267,0.6569565455118815,101.42091319005328,0.6165115674336752
0.22676002979278564,0.30634978612263997,0.23657419681549072,0.5107280413309733,0.21059002876281738,0.5311383565266927,0.32681710720062257,0.5161123593648275,0.2781920671463013,0.585704485575358,0.28632640838623047,0.7162705739339192,0.2773530721664429,0.7356527328491211,0.2043083131313324,0.33863685925801595,0.22358211278915405,0.520933198928833,156.51400608998935,121.94312210591372,165.6203059485208,150.75623997943518,83.96466232539353,0.42978502909342453,49.86509893213343,0.5533188422520956,177.32635966260435,0.5185227791468303,90.3205797374543,0.6606786092122396,101.43622837096287,0.6161914666493733
0.2275620698928833,0.309275754292806,0.2347493886947632,0.5120627721150716,0.21001806259155273,0.5296300570170085,0.30077850818634033,0.5285109202067058,0.2801812648773193,0.5776355743408204,0.28375988006591796,0.7209185282389323,0.28099403381347654,0.7343533198038737,0.20472909212112428,0.3400714874267578,0.22238372564315795,0.5208464145660401,152.11604839750825,122.5923332141482,164.9468658695895,157.89083984038928,84.42213367227976,0.43045895099639897,44.49580190107456,0.5492409944534302,5.583950643782069,0.5246786673863729,89.70285552461954,0.6559944470723471,95.05470930919478,0.624714724222819
0.22724153995513915,0.3090876579284668,0.23507513999938964,0.5071408589680989,0.20849299430847168,0.5293021202087402,0.3260132074356079,0.5166847229003906,0.27788496017456055,0.5827314376831054,0.2858237028121948,0.7170113881429037,0.27691571712493895,0.7359187444051106,0.2036591053009033,0.34065001805623374,0.22178406715393068,0.5182214895884196,156.03457800529276,123.95677676694811,165.426162146221,150.79971626141787,84.17192590432889,0.4294357538223267,48.98823982157373,0.5504764636357625,179.15528550336705,0.5174531062444051,90.36251564317517,0.659325091044108,101.34407698556804,0.6168480555216471
0.22706515789031984,0.30759716033935547,0.23515546321868896,0.5086237907409668,0.21291799545288087,0.5297974268595378,0.3007058620452881,0.5285478909810384,0.28058490753173826,0.5775276184082031,0.2838374853134155,0.7192398071289062,0.2829489231109619,0.7325309753417969,0.20976284742355344,0.3389050642649333,0.22403672933578492,0.5192106088002523,152.41288197100178,122.56366750462755,165.43533940467907,158.30027444152336,85.47362167836448,0.4290578365325928,45.88223914231869,0.5483691136042277,6.943670261614067,0.5238792498906453,89.12622785995096,0.655029296875,95.05515743445076,0.6238938490549724
0.22700436115264894,0.3077610333760579,0.23600130081176757,0.5079573631286621,0.21384520530700685,0.5295286814371745,0.3006525278091431,0.5260248819986979,0.28129608631134034,0.5751115163167317,0.2821054220199585,0.7182957331339518,0.28326096534729006,0.7316151936848958,0.20993632674217225,0.3384459813435872,0.2249232530593872,0.5187430222829184,151.7769858049563,121.30163791265737,165.39364333053098,158.50035526387757,85.24829651451205,0.42859450181325276,44.99779478482597,0.546927269299825,5.492473500343447,0.5223839521408081,89.28069829796917,0.6533633550008138,95.50989939187089,0.6221603075663249
0.2268688201904297,0.3076370557149251,0.23531115055084229,0.5069784800211589,0.21450350284576417,0.5276576995849609,0.2999302864074707,0.5249450365702312,0.28478779792785647,0.559780502319336,0.2817885398864746,0.7186683019002279,0.28334593772888184,0.7317765553792318,0.21129565238952636,0.33836344083150227,0.2249073266983032,0.5173180898030598,143.70309525349657,121.2146487544017,164.2770257201293,158.87505535032108,85.65033551165301,0.42784076531728105,35.34119867506586,0.538549296061198,5.804832055878355,0.5211315631866456,90.48030502691955,0.6457785288492839,95.35001712587761,0.6218066692352295
0.2267141819000244,0.3070700645446777,0.23512871265411378,0.5074054400126139,0.21710009574890138,0.5280858675638834,0.29947195053100584,0.525507100423177,0.2846091270446777,0.560647455851237,0.28041036128997804,0.719468625386556,0.2831966161727905,0.7324619928995768,0.2110719084739685,0.33823124567667645,0.22611440420150758,0.5177456537882487,144.55282696492796,121.30836583996378,164.6412825055988,159.32251330134645,85.21006296212931,0.42798844973246253,36.25745039518901,0.5391965548197428,6.039594522555166,0.5216263771057128,90.47102584941085,0.6465547243754068,95.61272582480044,0.6224878629048665
0.22561750411987305,0.3067060788472494,0.2342473030090332,0.5054458936055501,0.2142542600631714,0.5256633440653483,0.29887681007385253,0.5244136492411295,0.2850152254104614,0.5586753845214844,0.280297064781189,0.7196016947428385,0.2834025859832764,0.7322436650594075,0.2110346555709839,0.336908753712972,0.22425078153610228,0.5155546188354492,143.80948214128335,121.87214784725414,164.1990721636946,159.20361122220507,85.76899621824738,0.4262316862742106,35.3609643530153,0.5371150016784667,6.7700321516538375,0.5199841340382894,90.53232522777907,0.645459524790446,95.43754156895628,0.622007671991984
0.2263340473175049,0.3096319198608398,0.2212404727935791,0.5044124921162924,0.21422903537750243,0.5179423967997233,0.28900325298309326,0.5234379768371582,0.2853155374526978,0.5340339024861653,0.2834063291549683,0.7139868418375651,0.28342256546020506,0.7253866831461588,0.2114881992340088,0.3365769068400065,0.21773475408554077,0.5111774444580078,129.1863252082323,122.29121993602412,162.38492343176847,160.3751182082149,87.95104497363197,0.4238771756490072,18.686021573189954,0.5226056734720865,9.761216680676299,0.517307710647583,90.56678438477104,0.6297102928161621,91.68244475677577,0.6187124093373617
0.22657995223999022,0.30511671702067056,0.23414099216461182,0.5071379661560058,0.21817965507507325,0.5270922342936198,0.2986633777618408,0.5268779118855794,0.28886938095092773,0.5553112665812174,0.28019673824310304,0.7197993596394857,0.28335893154144287,0.7327411651611329,0.21121333837509154,0.33626591364542646,0.22616032361984253,0.5171151002248129,140.866101284085,122.31394146360783,163.36458164431176,159.60418809359948,85.27530554503534,0.4266905069351197,31.345647067874967,0.5362131834030152,7.668966043777875,0.5219965060551961,91.7788661641349,0.6440262158711751,95.46775213267573,0.6233386357625326
0.22529258728027343,0.3047229766845703,0.2352673053741455,0.5082907676696777,0.2175006866455078,0.5288787523905436,0.298771333694458,0.5276377360026042,0.28479316234588625,0.5711034138997396,0.28025069236755373,0.7199220657348633,0.28173160552978516,0.7351818084716797,0.20940648913383483,0.33667850494384766,0.22638399600982667,0.5185847600301107,149.787143661812,122.20716002443058,164.59683436419255,159.519931699431,84.66796922543145,0.42763163248697916,41.96032244596066,0.5448440869649251,7.12856914423937,0.5231112480163574,91.06896420737968,0.6531426111857097,95.50170240031605,0.6237799008687337
0.22562496662139891,0.29999119440714517,0.24186034202575685,0.5118902842203776,0.21413609981536866,0.5329786936442057,0.3274450063705444,0.5187066396077474,0.28032305240631106,0.5929213205973307,0.2873645544052124,0.7117518742879232,0.27830681800842283,0.7336144129435221,0.20074027180671694,0.3414977391560872,0.22799822092056277,0.5224344889322916,160.9762880688272,123.41807030615313,165.7793658188918,150.8603404087906,81.4328684542348,0.4319661140441894,53.41221378922854,0.5576779047648112,177.85322299397177,0.5205705642700196,90.82103401335131,0.6632678667704264,101.72922640404414,0.6152292569478353
0.22557332515716552,0.2978745142618815,0.2421252489089966,0.5100232124328613,0.21133568286895751,0.5312321662902832,0.32614734172821047,0.5190308888753256,0.2801379919052124,0.5959060033162434,0.28657054901123047,0.7157286961873373,0.27851505279541017,0.7349800109863281,0.19979919791221618,0.34196429252624516,0.22673046588897705,0.5206276893615722,162.20118940658955,124.5900568609117,165.74976987156964,151.57216235632293,81.42791488090799,0.4312959909439087,54.64553335194755,0.5582668463389078,179.0798135467707,0.5198292891184488,90.66858892106131,0.6654430071512858,101.37636194110078,0.6173797925313314
0.22524566650390626,0.29759318033854165,0.2422776699066162,0.5116842269897461,0.21416146755218507,0.5374114354451497,0.32668969631195066,0.5192297617594401,0.2799792528152466,0.5957304000854492,0.28606219291687013,0.7159434636433919,0.2786881685256958,0.7362962086995443,0.19974937438964843,0.3417909304300944,0.22821956872940063,0.5245478312174479,161.51106579174112,122.4886888091806,166.06786388461103,151.51510729599985,81.14553069774519,0.4331693808237711,53.97760558221443,0.5601391156514486,176.9086339923583,0.521888796488444,90.52624177542349,0.6660133043924967,101.6692901187693,0.617586612701416
0.22532415390014648,0.29662882486979164,0.24364116191864013,0.5084396362304687,0.21570179462432862,0.5316150029500325,0.3240664482116699,0.5255923589070638,0.28241806030273436,0.593421745300293,0.287372088432312,0.71185728708903,0.2812387943267822,0.7366193771362305,0.20029136538505554,0.3422622521718343,0.22967147827148438,0.5200273195902506,162.40346078117977,127.39916015425266,166.13622489691133,152.11460690723382,80.61527954723762,0.43114478588104244,54.29622288052415,0.5567245324452719,3.373957580209775,0.5228098392486572,90.47183347307026,0.6650205612182618,101.14461126086556,0.6187248229980469
0.22472825050354003,0.295389461517334,0.2438176155090332,0.5079716046651205,0.21609668731689452,0.5306799252827962,0.325532341003418,0.52244447072347,0.28256893157958984,0.5942714055379231,0.28691279888153076,0.7120197931925456,0.2812382936477661,0.7383707682291667,0.19973323941230775,0.3416983922322591,0.22995715141296386,0.5193257649739583,163.08897489891532,126.70683118627025,166.29459091227474,152.0190956442695,80.34340927880027,0.4305120786031087,54.93117543078775,0.5567985852559407,1.8689504783958553,0.5208851178487142,90.52906389903671,0.666321086883545,101.51451220367076,0.6172321319580079
0.22495038509368898,0.2959657351175944,0.24609766006469727,0.509425671895345,0.2164339542388916,0.5309655507405598,0.32590320110321047,0.5229195594787598,0.2827236890792847,0.5956088383992513,0.2870990991592407,0.7120883941650391,0.2814186096191406,0.736529286702474,0.19981397390365602,0.341831382115682,0.23126580715179446,0.5201956113179524,163.78484163827207,126.49765742299819,166.41704299167074,152.18482612527856,79.99956158300287,0.4310134967168172,55.69250005806442,0.5579022248586019,1.648689261312513,0.5215575853983561,90.5306072200301,0.6660690625508626,101.592244707059,0.6175039768218995
0.22521321773529052,0.29721285502115885,0.2445847749710083,0.509574826558431,0.21661067008972168,0.5356812159220378,0.32415924072265623,0.5263338088989258,0.2833300828933716,0.594337272644043,0.28689591884613036,0.712762196858724,0.28147313594818113,0.7375192642211914,0.20049213171005248,0.34276280403137205,0.23059772253036498,0.5226280212402343,161.89617646322932,126.23533243571492,165.9374529039556,152.20280020783127,80.49799325987644,0.4326954126358032,53.67059683314971,0.5584826469421387,2.2681874881552244,0.5244809150695801,90.74303518896372,0.6659282684326172,101.3033259071523,0.6195480028788249
0.2249845266342163,0.29776169459025065,0.24627528190612794,0.511834176381429,0.21635184288024903,0.5369829177856446,0.32413387298583984,0.5267720222473145,0.28324503898620607,0.5948145548502605,0.28723251819610596,0.713080088297526,0.28135759830474855,0.7368825912475586,0.20070335865020753,0.34214642842610676,0.23131356239318848,0.5244085470835368,161.67870302918303,125.22311086127932,165.98551187826357,152.28773167173728,80.4663702668733,0.4332774877548218,53.58751174308383,0.5596115509668986,1.4586020671541255,0.5255902846654257,90.7611565981596,0.6658485730489095,101.20336300508198,0.6199260552724202
0.2250889301300049,0.2962734858194987,0.24393904209136963,0.5102092425028483,0.21567654609680176,0.5367273966471354,0.32369225025177,0.5271716435750325,0.28321309089660646,0.5923196156819661,0.2869575500488281,0.7129103978474934,0.28155467510223386,0.7364452362060547,0.20180716514587402,0.3403825283050537,0.2298077940940857,0.5234683195749918,160.1073309958652,125.38445657705294,165.68424706827292,152.02543585793472,81.30471954483777,0.43192542394002276,52.200645764255086,0.557893967628479,2.258892439835696,0.5253199815750123,90.65925844388062,0.6643824259440104,101.18736501482583,0.620041020711263
0.22519731521606445,0.295614751180013,0.24396347999572754,0.5084835370381673,0.2158512830734253,0.5350515365600585,0.32536656856536866,0.5222404479980469,0.2834660053253174,0.586932373046875,0.28619983196258547,0.712797482808431,0.28244192600250245,0.7344702402750651,0.2013096868991852,0.34011715253194175,0.2299073815345764,0.5217675367991129,158.99423186904784,124.54535240929877,165.72872326265417,151.96616697853793,81.05320891889521,0.43094234466552733,50.583401071558455,0.554349954922994,0.2838448027955884,0.52200399239858,90.39769099215346,0.66070130666097,101.6147121888427,0.6175189654032389
0.22517671585083007,0.2976166407267253,0.24336638450622558,0.5077421188354492,0.2156360626220703,0.5303221702575683,0.3243378162384033,0.5257830619812012,0.2837653636932373,0.5875535329182943,0.28668572902679446,0.7106164932250977,0.2825703382492065,0.7335223515828451,0.20113397836685182,0.33995641072591143,0.22950122356414793,0.5190321445465087,160.07880946532765,127.61625915456268,165.63391986002586,151.86649650043023,80.99861563986528,0.42949427763621006,51.62324238154347,0.5532928387324014,4.0717164886988275,0.5224076032638549,90.46906171687321,0.6605379422505697,101.51407902510059,0.6181997776031494
0.2259150981903076,0.295968500773112,0.24400954246520995,0.5122288703918457,0.2165736198425293,0.5377596537272136,0.3240423440933228,0.527064323425293,0.2836405038833618,0.5945510228474935,0.28693737983703616,0.7128899892171224,0.28183443546295167,0.7370829264322917,0.20147280693054198,0.34069414138793946,0.2302915811538696,0.5249942620595296,160.44795825791581,124.59651614222807,165.61452292745926,151.9311793782235,81.11270084694851,0.4328442017237345,52.512370997475955,0.5597726424535115,1.264912478552615,0.5260292927424113,90.725974729797,0.6658169746398925,101.29209297262918,0.6199771563212078
0.22679457664489747,0.2982481002807617,0.24183552265167235,0.5111241658528646,0.21348626613616944,0.5320623397827149,0.3261962652206421,0.5190670013427734,0.2803861856460571,0.5920506795247396,0.2846313238143921,0.7167699813842774,0.2796225309371948,0.7356610616048177,0.2029641330242157,0.3378964265187581,0.2276608943939209,0.5215932528177898,160.13356023458584,122.75488877168382,166.05154809121606,151.85501186920237,82.34289433084469,0.4297448396682739,53.19144906991608,0.5568219661712647,178.53137157649803,0.5203301270802816,90.30467003007945,0.6638558705647786,101.87291172159364,0.6179184913635254
0.2267305612564087,0.29702850977579753,0.24221785068511964,0.510978349049886,0.21351559162139894,0.5316726048787435,0.32642838954925535,0.5195315678914388,0.2793365478515625,0.5913580576578776,0.2845191717147827,0.7176270167032878,0.2795645952224731,0.7358282089233399,0.20179177522659303,0.33887190818786617,0.2278667211532593,0.5213254769643147,160.75932575515023,123.55897114950277,166.53985998567123,151.95650846308166,81.86677390086712,0.43009869257609046,53.68630214126792,0.5563417673110962,178.9572815387878,0.5204285224278768,89.90955819651647,0.6635931332906088,101.94539844364178,0.6185792922973633
0.2267836332321167,0.29751933415730797,0.24202396869659423,0.5110541979471842,0.2131969451904297,0.5315373738606771,0.32653896808624266,0.5194185574849447,0.27896201610565186,0.5929302215576172,0.28453638553619387,0.7177044550577799,0.2793277740478516,0.7360178629557291,0.20151891112327575,0.33938918113708494,0.22761045694351195,0.5212957859039307,161.3500185351295,123.69066600554564,166.60430516401615,151.87653324323824,81.83752405104434,0.4303424835205078,54.36493475432492,0.5571130037307739,178.9129083453804,0.5203571716944377,89.85354192323389,0.6644740422566732,101.96007645261486,0.6185615062713623
0.22641754150390625,0.2976270357767741,0.24248647689819336,0.5105875333150228,0.21066253185272216,0.5313600540161133,0.32649478912353513,0.5187705675760905,0.27887961864471433,0.5925237655639648,0.28452656269073484,0.7178471883138021,0.2790635585784912,0.7355657577514648,0.20159415006637574,0.33937052090962727,0.22657450437545776,0.5209737936655681,160.80907964852156,123.58297822123151,166.32903467256347,151.69310672472776,82.16785668926268,0.43017215728759767,53.83210823377964,0.5567487796147664,178.73684203218568,0.5198721806208293,89.9263225020908,0.6640447616577148,101.90446483645428,0.6183088779449464
0.2266594648361206,0.2961316426595052,0.24125237464904786,0.516904067993164,0.21318461894989013,0.5376099268595378,0.3251670837402344,0.5253440221150716,0.2790738344192505,0.5920499165852865,0.2853451490402222,0.7174845377604167,0.2784416198730469,0.7356959660847981,0.20306909084320068,0.3386829694112142,0.22721849679946898,0.5272569974263509,158.0270053064257,122.07047620730796,165.94119477783266,151.29972405941058,82.70223726396803,0.43296998341878257,51.3288690649024,0.5596534570058187,178.88113261843444,0.5263005097707112,90.25216837835382,0.6638729413350424,101.70902002163317,0.6214142799377441
0.22642087936401367,0.2965254783630371,0.24168431758880615,0.5165410041809082,0.2133929967880249,0.5378756841023763,0.32495927810668945,0.5247106870015462,0.27973639965057373,0.5890146891276041,0.2857560634613037,0.7166814804077148,0.2786858081817627,0.7338676452636719,0.2018249213695526,0.3390387694040934,0.22753865718841554,0.5272083441416422,157.1286717992113,122.08301908811822,165.68336896270614,151.37800384675157,82.21861806621017,0.4331235567728678,49.81767208021216,0.5581115166346231,178.5313800154314,0.5259595155715941,90.41554831408712,0.661441167195638,101.5419273970977,0.6206960837046305
0.2268523931503296,0.2963965098063151,0.24412426948547364,0.508992862701416,0.21431338787078857,0.5308146476745605,0.3242034435272217,0.5231419563293457,0.2800934076309204,0.5836467742919922,0.28626039028167727,0.7153393427530924,0.2776273488998413,0.7304862976074219,0.20217599272727965,0.3383954048156738,0.2292188286781311,0.5199037551879883,159.03120855362155,125.39783296863881,166.09166717806087,152.56155402382007,81.52586687266174,0.429149580001831,51.405932234405476,0.5517752647399903,1.9525628364532368,0.521522855758667,90.9621488307572,0.657066535949707,101.1675654203962,0.619240649541219
0.226674222946167,0.29685901006062826,0.244223690032959,0.5080796559651692,0.21394431591033936,0.5301312764485677,0.32546699047088623,0.5203103065490723,0.2817925691604614,0.5783700942993164,0.28666393756866454,0.7152203877766927,0.2774109601974487,0.7301774342854818,0.20192601084709166,0.3381813526153564,0.22908400297164916,0.5191054662068685,156.74364121904512,124.86586315699131,165.45059619657064,152.37826256470353,81.46323372103163,0.42864340941111245,48.35085837543128,0.5487377802530924,0.7161914459865816,0.5197078863779704,91.65326671580945,0.654273764292399,101.2593388657278,0.6177653471628826
0.226737642288208,0.2974589983622233,0.245145583152771,0.5077402750651042,0.21431148052215576,0.5299889246622721,0.31582026481628417,0.525498644510905,0.2814368963241577,0.5770083745320638,0.2877619743347168,0.7144133885701497,0.2768038988113403,0.7288496017456054,0.20183095335960388,0.338434902826945,0.2297285318374634,0.5188645998636882,156.80524914520637,125.76287428088382,165.616428199794,155.02256021240092,81.2106728821742,0.4286497513453166,48.35269668697869,0.547936487197876,4.4063823112234894,0.5221816221872966,91.74767339158873,0.6529289881388346,98.448015487232,0.6199560165405273
0.22638707160949706,0.29595155715942384,0.24475376605987548,0.508446216583252,0.21455535888671876,0.5300652503967285,0.3160461187362671,0.5252458572387695,0.27996642589569093,0.5822320302327474,0.28787956237792967,0.7145270665486654,0.2766674518585205,0.7290878931681315,0.2020041048526764,0.33822105725606283,0.22965456247329713,0.5192557334899902,159.0974416561089,125.3399281410404,166.08455930706566,154.93278322729867,81.31600144067268,0.4287383953730265,51.37858695838966,0.5507438818613688,3.96636431939524,0.5222507953643798,91.28687748751265,0.6556599617004395,98.46395970365981,0.6198864618937174
0.22671515941619874,0.29513718287150065,0.24465651512145997,0.5077457745869954,0.21438615322113036,0.5294185320536295,0.3157635688781738,0.5256939252217611,0.28137319087982177,0.5759211222330729,0.2880962133407593,0.715466562906901,0.27632067203521726,0.7290355046590169,0.2020229935646057,0.33819578488667806,0.22952133417129517,0.5185821533203125,156.3352994188415,125.95604052808149,165.5729304165744,155.1369529758296,81.33248288375972,0.42838896910349533,47.876836276092305,0.5472516377766927,4.714101428739205,0.5221380392710369,91.88997921820567,0.6524783134460449,98.29483288982738,0.6205802440643311
0.22706902027130127,0.2977300008138021,0.24491581916809083,0.5083583513895671,0.2141888380050659,0.5304115295410157,0.3160884857177734,0.5245862325032552,0.28140065670013426,0.5753155390421549,0.2884861707687378,0.7152549743652343,0.27620110511779783,0.7283423741658529,0.20179990530014036,0.3389072259267171,0.22955232858657837,0.5193849404652914,155.77794756433522,125.05265125796754,165.46929236553078,155.01713970660788,81.25798695807218,0.4291460831960042,47.16911710816503,0.5473502397537231,3.439648758294549,0.5219855864842733,91.94604948100721,0.6518289566040039,98.23724502662098,0.6199206034342448
0.22596311569213867,0.3027119318644206,0.2402423858642578,0.5048568407694499,0.2139746904373169,0.525903065999349,0.3099588632583618,0.5282199223836263,0.28343040943145753,0.5748986562093099,0.2860405921936035,0.7180762608846029,0.28074421882629397,0.733182716369629,0.2070722460746765,0.3355024337768555,0.22710853815078735,0.5153799533843995,154.2714576107908,126.90604008850042,165.19346466157702,156.60835915550726,83.6441077716247,0.4254411935806275,46.58078013181746,0.5451393047968547,8.809496182421363,0.5217999378840128,90.97225590309037,0.6540406862894694,97.18034604945622,0.6231480916341146
0.22630836963653564,0.3034474054972331,0.23681173324584961,0.5084046681722005,0.2096729040145874,0.5275389353434244,0.3029520034790039,0.5427521387736003,0.2799790620803833,0.5830912907918294,0.2862873554229736,0.7211984634399414,0.28340916633605956,0.7346092224121094,0.20487365126609802,0.3365081151326497,0.2232423186302185,0.5179718017578125,155.87521936943824,132.7027482215878,165.7752527690755,157.42981568963287,84.21992114128855,0.4272399584452311,48.93529681417617,0.550531546274821,17.269549110578417,0.5303619702657064,88.70314403079057,0.6588502566019694,95.33523301128801,0.6319753011067708
0.22670629024505615,0.2982341448465983,0.23723406791687013,0.5076181729634602,0.20960621833801268,0.5265096664428711,0.30859994888305664,0.5380947748819987,0.2799504041671753,0.5827038447062175,0.2866966247558594,0.7202597935994466,0.28326778411865233,0.7339404424031576,0.20795353651046752,0.33631780942281086,0.2234201431274414,0.5170639197031657,155.5533660083664,130.37896334743695,165.8296017794625,155.84681325256605,85.10906334794338,0.42669086456298827,49.264388813917215,0.5498838822046916,13.868928418259257,0.5275793472925823,88.74341662095797,0.6583221435546875,96.85626750830713,0.6291772842407226
0.22619960308074952,0.2975112279256185,0.24399333000183104,0.507449213663737,0.2168149471282959,0.5290817896525065,0.32091219425201417,0.525740655263265,0.2802832841873169,0.5832435607910156,0.28821454048156736,0.7157309214274089,0.2797308683395386,0.7333949406941732,0.20344023108482362,0.33598035176595054,0.23040413856506348,0.5182655016581217,159.75295544273982,126.4811652697715,166.8751597312174,153.9169239087388,81.58573396902402,0.4271229267120361,52.489053091632194,0.5507545312245686,4.721401610957082,0.5220030784606933,90.21079362594716,0.6583192507425943,99.76504247175255,0.6207357883453369
0.2258683681488037,0.3012007395426432,0.24171140193939208,0.5057028770446778,0.21392292976379396,0.5265525499979655,0.3261749267578125,0.5215038299560547,0.2816466808319092,0.5770992279052735,0.28804774284362794,0.7170318603515625,0.27998220920562744,0.7310198465983073,0.20793159008026124,0.33548002243041997,0.227817165851593,0.5161277135213216,155.52620829776646,125.57009339408341,165.73582071479993,152.27740831986833,83.71821093801633,0.4258038679758708,48.559895991925465,0.5466134707132975,3.128604940128362,0.5188157717386881,90.61956275251298,0.6540595372517903,101.03398824341616,0.6192678451538086
0.22628569602966309,0.29637489318847654,0.24450082778930665,0.508709176381429,0.21699812412261962,0.5305493354797364,0.3205517530441284,0.5249841054280598,0.28030598163604736,0.5829465230305989,0.28748843669891355,0.716876729329427,0.2800100326538086,0.7322728474934895,0.20317407250404357,0.33667488098144527,0.23074947595596312,0.5196292559305826,159.34126824847198,125.34875043190397,166.84349891924106,154.17578601954827,81.42873421400819,0.42815206845601395,51.95079030764256,0.5512878894805908,3.4124681749101278,0.5223066806793213,90.11355402668067,0.6576096852620442,99.77613826039068,0.6209304173787434
0.2269125461578369,0.2937971433003744,0.2428666591644287,0.5090684254964193,0.21330485343933106,0.5294874827067058,0.3267137765884399,0.5213798522949219,0.2789139747619629,0.5905246098836263,0.2857810497283936,0.7162352244059245,0.2795966386795044,0.7352537155151367,0.20246734023094176,0.33752951622009275,0.22808575630187988,0.5192779541015625,161.30854083844858,125.27177547743727,166.85564374438042,151.80948039519276,81.97671093958894,0.42840373516082764,54.49548423095402,0.5549012819925945,1.2208667273361098,0.5203289031982422,89.7297470259414,0.6628891626993816,101.86346797124662,0.6188075383504232
0.22632999420166017,0.2975113868713379,0.24085919857025145,0.5089722315470377,0.214353609085083,0.5286979675292969,0.31595735549926757,0.5258502324422201,0.2842671871185303,0.5751734415690104,0.28685617446899414,0.7184200922648112,0.2810580015182495,0.7352593104044597,0.20308387279510498,0.33649872144063314,0.22760640382766723,0.5188350995381673,153.6218374670351,125.33920765503362,164.97850509785056,154.8721747473091,82.34021757057727,0.4276669104894002,44.8365078212286,0.5470042705535889,4.539804181010143,0.5223426659901937,91.14843469300129,0.6552163759867351,98.59352139347612,0.6221351623535156
0.22642979621887208,0.29260454177856443,0.24168088436126708,0.5054354985555013,0.21329402923583984,0.5259930292765299,0.32689242362976073,0.5205272356669108,0.2797860622406006,0.5840813318888346,0.2849740028381348,0.715520731608073,0.2803479194641113,0.7291062672932943,0.20350422263145446,0.33611564636230473,0.22748745679855348,0.5157142639160156,159.68467587623462,126.55811051017459,166.30900126998287,151.81645851081714,82.39383712264615,0.42591495513916017,52.58517529699577,0.5498977979024251,2.77197197081562,0.5181207497914633,89.7780251620491,0.6565937995910645,102.13242511497474,0.6180239836374919
0.226578688621521,0.2916153271993001,0.2409271240234375,0.5072318077087402,0.21038236618041992,0.5265446345011393,0.3269917964935303,0.5195525805155436,0.27982141971588137,0.5874553680419922,0.28498072624206544,0.7155349731445313,0.28022112846374514,0.73037109375,0.20343588590621947,0.33559139569600427,0.2256547451019287,0.5168882211049397,159.36204551816115,125.39301291455655,165.8223788882755,151.2728047509628,83.0129495510423,0.426239808400472,52.490496765295205,0.5521717945734659,1.5060768601147214,0.5182204008102417,89.83975476134339,0.6589132308959961,102.09890595180792,0.6175437768300375
0.2266674041748047,0.2925686518351237,0.2405928373336792,0.5081303914388021,0.21016256809234618,0.5270713488260905,0.32685801982879636,0.5199798901875814,0.27945268154144287,0.5907185872395834,0.2847398281097412,0.7158617655436198,0.27956817150115965,0.7317190806070963,0.20318031311035156,0.3362562179565429,0.2253777027130127,0.5176008701324464,160.200370637101,125.29030053745625,165.8443563019002,151.1966703584064,83.02145714892116,0.42692854404449465,53.51483189416014,0.5541597286860149,1.3429485624745783,0.5187903801600139,89.9530704777685,0.6612188339233398,102.13488343807809,0.6179208278656005
0.2268228054046631,0.29209988911946616,0.24046027660369873,0.5096766471862793,0.21034066677093505,0.5278127988179525,0.3271711587905884,0.5200907071431478,0.2794894456863403,0.5921398798624674,0.28455066680908203,0.7167332967122396,0.27949559688568115,0.7337412516276042,0.20310505628585815,0.3366502285003662,0.2254004716873169,0.5187447230021158,160.25665326785483,124.82935670415799,165.8794963984741,151.13700476154963,83.01952218316167,0.427697475751241,53.611432789272925,0.5554423014322916,0.7577301158819696,0.5194177150726318,89.99751105687355,0.6629405657450358,102.22918519515233,0.6184120019276937
0.22516109943389892,0.29409631093343097,0.2457820177078247,0.5057507197062174,0.21845078468322754,0.5290186564127605,0.32701232433319094,0.5173537890116374,0.2808751344680786,0.5817163467407227,0.28352794647216795,0.7143502553304036,0.28061082363128664,0.7297150293986002,0.20082972049713135,0.3404359499613444,0.23211640119552612,0.517384688059489,161.19391189697072,125.47884014536301,167.03247751926227,152.92348587290388,79.97304422574945,0.4289103190104167,52.84051089477983,0.5495505174001059,179.98134393015246,0.5173692385355633,90.10232441975592,0.6557156880696615,102.44768121646749,0.6158520221710205
0.22500233650207518,0.29363422393798827,0.24733588695526124,0.5043699900309245,0.21980071067810059,0.5292887369791667,0.3254345655441284,0.5176455497741699,0.28318004608154296,0.5808617273966471,0.2854945659637451,0.7128541946411133,0.28134148120880126,0.732075309753418,0.20049710869789122,0.34131585756937666,0.2335682988166809,0.5168293635050456,161.2746717614611,125.82830553753894,166.78961311655752,153.60010273073758,79.32913646052528,0.42907261053721113,52.23177094396506,0.5488455454508463,0.509031223439595,0.5172374566396077,90.69660949314603,0.6564685185750325,101.56321805082712,0.6152498722076416
0.22460708618164063,0.2936665217081706,0.24691598415374755,0.5046800931294759,0.2195796012878418,0.5288729985555013,0.3254262924194336,0.517402172088623,0.28343703746795657,0.5809148152669271,0.2853919267654419,0.7130102793375651,0.2809093236923218,0.7320958455403646,0.20048782825469968,0.34061274528503416,0.23324779272079466,0.5167765458424887,161.00025973614564,125.63801344880235,166.56078711505546,153.55221620951602,79.4654362141415,0.4286946455637614,51.95623876856832,0.548845680554708,0.3888671781127275,0.5170893589655559,90.95788365521865,0.6565053304036459,101.56677035643638,0.6152062257130941
0.22466037273406983,0.29211959838867185,0.24769999980926513,0.5028613726298015,0.2198728322982788,0.5276814778645833,0.3258881807327271,0.5158912658691406,0.2834691286087036,0.5788328170776367,0.28556687831878663,0.7130622227986654,0.2807014465332031,0.7318243026733399,0.20047138929367064,0.3406391461690267,0.23378641605377198,0.5152714252471924,161.19777610389315,125.97447999399824,166.73968781221177,153.77195405041218,79.19932320155489,0.42795528570810953,51.98706607515559,0.5470521211624145,0.3855921281526982,0.5155813455581665,91.03639235843411,0.6553285598754883,101.55758685794224,0.614476744333903
0.2250136613845825,0.2923123359680176,0.24670698642730712,0.5041934649149576,0.21910479068756103,0.5281532605489095,0.32637791633605956,0.5155949274698893,0.28314957618713377,0.5798971811930339,0.28687291145324706,0.7082532246907552,0.2804876804351807,0.7307208379109701,0.20073273181915285,0.34072939554850257,0.23290588855743408,0.5161733627319336,160.75950184344148,125.34361432508982,166.48436726940776,152.71869227892168,79.60847887842979,0.4284513791402181,51.74563082870732,0.5480352719624837,179.64543963607449,0.5158841451009115,91.01111166994497,0.655309009552002,101.58799561199694,0.6119240760803223
0.2248911142349243,0.2917706807454427,0.2482448101043701,0.5040421803792318,0.22044062614440918,0.5294493039449056,0.3266514539718628,0.5150830904642741,0.28325233459472654,0.5807020823160808,0.2870431423187256,0.70814208984375,0.2806139707565308,0.7313751220703125,0.2009338974952698,0.3407203515370687,0.23434271812438964,0.5167457421620687,161.52658361291716,124.76014900970937,166.83081361767,153.01124590689926,79.25334408680388,0.4287330468495687,52.59361063124714,0.5487239122390748,178.9681082265926,0.5159144163131715,91.00317658440228,0.6560386021931967,101.59401677698767,0.6116125901540121
0.22493185997009277,0.29251829783121747,0.24748995304107665,0.5061903953552246,0.2196422815322876,0.5354208628336589,0.32615387439727783,0.5166728019714355,0.28365025520324705,0.5793795903523763,0.2875633478164673,0.7075863520304362,0.280481219291687,0.7320457458496094,0.20064348578453065,0.3412268002827962,0.23356611728668214,0.5208056290944417,158.68333883537488,123.02332796863071,166.28903703323888,152.4481550983216,79.61118965354368,0.43101621468861895,49.4676356519989,0.550092609723409,177.44419261982017,0.5187392155329387,91.18917195250854,0.6557126681009928,101.42756798052407,0.6121295770009358
0.22531189918518066,0.2936664263407389,0.24755575656890869,0.5086467107137044,0.22000393867492676,0.5372246424357097,0.3260978937149048,0.5154620170593261,0.2833618402481079,0.5765825271606445,0.2861353397369385,0.7116226196289063,0.2808340311050415,0.7321812947591145,0.20056580305099486,0.341655174891154,0.23377984762191772,0.5229356765747071,156.6690943916919,121.21040159379014,166.39568646205663,152.97718465515928,79.61747633871852,0.43229542573293056,47.25497966741268,0.5497591018676757,175.37168125812784,0.5191988468170166,90.93072752454923,0.6543819109598795,101.51492849606137,0.6135423183441162
0.22681310176849365,0.29467814763387046,0.2457738161087036,0.5069016774495443,0.21878383159637452,0.5291409810384115,0.32135653495788574,0.5212820688883464,0.2885511159896851,0.5624579747517904,0.28286099433898926,0.7144557952880859,0.2804744243621826,0.7302008946736653,0.20283097624778748,0.3406180063883464,0.23227882385253906,0.5180213292439779,149.42395363663542,125.36348537842642,164.44605570301047,154.28972748699638,80.57519362793934,0.42931966781616215,38.29715738229483,0.5402396519978842,2.096408150192822,0.5196516990661622,92.75661843949267,0.6463294347127279,101.2702265660067,0.6178689320882161
0.2283642530441284,0.296884822845459,0.2446427345275879,0.5094558080037435,0.21791744232177734,0.5304485956827799,0.3220040321350098,0.5209556579589844,0.2873948812484741,0.5617226282755534,0.28172607421875,0.7092362721761067,0.2815190315246582,0.7271287918090821,0.20209080576896668,0.3415969212849935,0.23128008842468262,0.5199522018432616,147.8456239458677,124.39905381958013,164.33475969601838,153.00199157369497,80.70547963423124,0.4307745615641276,36.66306054842387,0.5408374150594075,0.6336966148639329,0.520453929901123,92.0345063020167,0.6444257100423177,102.0750035688319,0.6150959650675456
0.2283553123474121,0.296236515045166,0.24571547508239747,0.5106021881103515,0.22111184597015382,0.5368694305419922,0.3220797538757324,0.520984395345052,0.2876551628112793,0.5636446634928386,0.2819484233856201,0.7091729482014973,0.28148272037506106,0.7277009963989258,0.20233827829360962,0.3420913537343343,0.23341366052627566,0.5237358093261719,147.4051878151859,122.01885938674137,164.58424408033073,153.29484706859847,80.29193171669668,0.4329135815302531,36.34423453574105,0.5436902364095053,178.2226143990175,0.5223601023356119,92.15467554977234,0.6456728299458823,102.03804366743026,0.6150786717732747
0.22816140651702882,0.29677867889404297,0.2464134931564331,0.5104204177856445,0.21900362968444825,0.5308739026387532,0.31723642349243164,0.5249539693196614,0.28542864322662354,0.5713572184244792,0.2822912931442261,0.7151424407958984,0.2812969446182251,0.727734375,0.20332381129264832,0.34328869183858235,0.23270856142044066,0.5206471602121989,153.6855873360961,125.00640787612468,165.2821880954529,155.2868304375128,80.59269081230221,0.43196792602539064,43.88667487221869,0.5460021893183391,2.916775324317299,0.5228005647659302,91.51348083568917,0.6495457967122396,100.411369822834,0.6200482050577799
0.22616372108459473,0.2964169502258301,0.2416593313217163,0.5053620974222819,0.2145585298538208,0.5282877286275228,0.3260002613067627,0.5142839113871257,0.28012197017669677,0.5793265024820964,0.28443198204040526,0.7152430216471354,0.27950832843780515,0.7311851501464843,0.20095105171203614,0.33951698939005537,0.22810893058776854,0.5168249130249023,158.5033645113997,124.09756020876799,166.2846367571042,152.46607266653305,81.29180524901459,0.42817095120747883,50.23319686704118,0.5480757077534993,178.51308605950857,0.5155544122060141,90.23152379497122,0.6552558263142904,101.68678060999977,0.6147634665171305
0.22648561000823975,0.2948145548502604,0.24004642963409423,0.5122572263081868,0.21218748092651368,0.5337740580240885,0.3187155246734619,0.5235609690348307,0.2804271697998047,0.5849971771240234,0.2854725122451782,0.7165435791015625,0.28024017810821533,0.7312238693237305,0.20118668675422668,0.3384689807891845,0.22611695528030396,0.5230156421661376,156.59285127412124,122.75195769449938,165.3553289839051,153.17527767467917,82.30653064175422,0.43074231147766107,48.7741146407368,0.5540064096450805,0.33741954147198316,0.5232883056004842,90.07326862647913,0.658110523223877,99.77379990572544,0.6200522740681966
0.22682597637176513,0.29461434682210286,0.24369993209838867,0.5095316569010416,0.21773629188537597,0.5358547846476237,0.3231194257736206,0.5215829849243164,0.2823714971542358,0.5879762013753255,0.28629844188690184,0.7085800806681315,0.2807762145996094,0.7290254592895508,0.19997793436050415,0.33967835108439126,0.2307181119918823,0.5226932207743327,160.0057273385091,123.40788729428171,165.71500172903933,152.21387422709176,80.46528866566436,0.43118578592936196,51.648150231519345,0.555334711074829,179.31160321278944,0.5221381028493246,90.64799391207617,0.6585008303324381,101.13941600461102,0.615081532796224
0.22669439315795897,0.2925179163614909,0.244568133354187,0.5070184389750163,0.21710028648376464,0.5289938608805339,0.32690069675445554,0.5160064061482748,0.2811420202255249,0.5870060602823893,0.28759007453918456,0.7146333694458008,0.27908508777618407,0.7287078857421875,0.20183737874031066,0.33748854001363116,0.23083420991897582,0.518006149927775,161.53614269748854,123.82121882130829,166.2699752961492,152.70452845407442,80.87444224617848,0.4277473449707031,53.90422310784093,0.5525061051050821,178.80748909000374,0.5170062780380249,90.831642577911,0.6578569730122884,101.19484375809945,0.6153198877970378
0.22662458419799805,0.29160308837890625,0.24339635372161866,0.5081795374552409,0.2168329954147339,0.5333397547403972,0.32644784450531006,0.5184355099995931,0.28125529289245604,0.5830994923909505,0.2878117561340332,0.7147926966349284,0.2780505418777466,0.727850596110026,0.2021495819091797,0.3382310390472412,0.23011467456817628,0.520759646097819,158.53944316746836,123.21439960023999,165.69882401575103,152.30822521752202,81.28948265835675,0.4294953425725301,50.6361896650897,0.5519295692443847,178.61794891615025,0.5195975780487061,91.26830614971277,0.6554750442504882,101.13156168569088,0.6166141033172607
0.2264871120452881,0.291770871480306,0.24153587818145753,0.5083558718363445,0.21681525707244872,0.529374345143636,0.32623515129089353,0.5192723592122396,0.27967071533203125,0.5838830947875977,0.2874748706817627,0.7142536799112956,0.27823290824890134,0.7308672587076823,0.203858882188797,0.33744576772054036,0.22917556762695312,0.5188651084899902,159.26542384827312,124.18247099451825,166.41061126232566,152.14290815613148,82.05579745681611,0.4281554381052653,52.165888562042774,0.551374101638794,0.24040501489424576,0.5190687338511148,90.56045255457265,0.65737517674764,101.243239685452,0.6167630195617676
0.22611143589019775,0.2925264358520508,0.2449735641479492,0.5071982065836589,0.2200664758682251,0.5296284675598144,0.3263558864593506,0.5177598635355631,0.2794849157333374,0.5883499145507812,0.28605031967163086,0.7125677108764649,0.27979652881622313,0.7321095784505208,0.20340145230293272,0.3378661473592123,0.23252002000808714,0.5184133370717366,163.01319021158565,123.952970772823,167.64944742080226,152.89642773178713,80.83825508744617,0.42813974221547446,56.117236893000374,0.5533816258112589,179.6009982982853,0.51808660030365,89.87580600814043,0.660229746500651,101.68950876436247,0.6151637872060141
0.2264038324356079,0.2926724116007487,0.2444906711578369,0.504833475748698,0.22015621662139892,0.5271102587381998,0.3250788450241089,0.5184389432271321,0.28278043270111086,0.587333869934082,0.28957171440124513,0.7083061218261719,0.2802944898605347,0.7302793502807617,0.2033042788505554,0.3391477902730306,0.2323234438896179,0.5159718672434489,162.49404517621517,125.7079244062835,166.38645424428924,152.83181698645177,80.68008521994456,0.4275598287582397,54.737519745160164,0.5516528685887654,1.5235740594347755,0.5172054052352906,90.99632164524154,0.6588066101074219,100.59255170673522,0.613372532526652
0.2260059356689453,0.29198436737060546,0.24365713596343994,0.5035504659016927,0.22059640884399415,0.5255547205607096,0.32348778247833254,0.523224417368571,0.2834311008453369,0.5850389480590821,0.28977963924407957,0.7087745666503906,0.2809512853622437,0.7289646148681641,0.2028544068336487,0.33806621233622236,0.23212677240371704,0.5145525932312012,162.01985676073033,128.50702137738512,166.18462277591337,153.17059783860785,80.58254744383457,0.42630940278371177,53.950555796908816,0.5497957706451416,5.422168527123428,0.5188885052998861,90.98709915251273,0.6570017814636231,100.29640284229465,0.6159994920094808
0.22695202827453614,0.2909759521484375,0.24178950786590575,0.5028464953104655,0.21785480976104737,0.5245364507039388,0.32514889240264894,0.5160319328308105,0.28110413551330565,0.5818930308024088,0.2895335674285889,0.7084613800048828,0.2795017004013062,0.7277178446451823,0.2036592483520508,0.33778351147969565,0.22982215881347656,0.5136914730072022,160.6617102599071,125.68380124483875,166.302406040993,152.47002793840653,81.54037402386811,0.4257374922434489,53.059836563902536,0.5477922519048055,1.4064421371755038,0.5148617029190063,90.6295847130045,0.6548054377237955,100.48578907712641,0.6122466564178466
0.2262577533721924,0.2931477228800456,0.24431347846984863,0.5025051434834799,0.21472322940826416,0.5242535909016927,0.3257574558258057,0.5152080853780111,0.2823947906494141,0.5735330581665039,0.29172916412353517,0.7084683736165365,0.28014545440673827,0.7246675491333008,0.2021885871887207,0.338689645131429,0.2295183539390564,0.5133793671925863,157.5404121073799,126.0819117701532,165.67263921749037,152.32734370909682,81.10829608324839,0.42603450616200766,48.683807754988685,0.543456212679545,1.0885931387361574,0.5142937262852987,90.8526707452789,0.6491003036499023,99.98599341141647,0.6118382294972737
0.22715702056884765,0.2954726537068685,0.23984432220458984,0.5048580805460612,0.21171658039093016,0.5244927406311035,0.32448406219482423,0.51596040725708,0.279642653465271,0.5774229049682618,0.288956356048584,0.7168296178181967,0.2775376081466675,0.7297263463338216,0.2020765721797943,0.33933211962382,0.22578045129776,0.5146754105885823,157.40210019902705,125.46873155958801,165.67590428957843,152.61511119080114,82.30111157668075,0.4270037651062012,49.35733841072686,0.5460491577784221,0.7458767318183863,0.5153179089228312,90.79185691504306,0.6535746256510417,100.03016313694133,0.6163950125376383
0.22752754688262938,0.2959079106648763,0.24770121574401854,0.5049944877624511,0.22094953060150146,0.5291824022928874,0.32330281734466554,0.5140974044799804,0.28283846378326416,0.5831371307373047,0.28649253845214845,0.7157121658325195,0.2827083349227905,0.7336372375488281,0.201360946893692,0.3425373395284017,0.23432537317276,0.5170884450276693,162.41085945779335,123.47923021379107,167.35585954262115,154.93707837913175,79.30549806254683,0.4298128922780355,53.70253133434521,0.550112787882487,178.07468630673057,0.5155929247538249,90.0495403810531,0.6583871841430664,100.346943322522,0.6149047851562499
0.22714664936065673,0.3011347770690918,0.2440883159637451,0.5068306605021159,0.21663048267364501,0.5283912340799968,0.3194296836853027,0.5199391682942708,0.2835728406906128,0.5839085896809896,0.28515489101409913,0.7160654703776042,0.2848419189453125,0.7355657577514648,0.20038018226623533,0.34249900182088217,0.23035939931869506,0.5176109472910564,160.26248916118755,125.35607168519178,166.4447303859336,154.65174688789736,80.28512770522127,0.4300549745559693,51.24791965207059,0.550759768486023,1.4973216849862554,0.5187750577926635,89.52055592470491,0.6597371737162272,99.9128345850486,0.6180023193359374
0.22539806365966797,0.30519097646077475,0.24433557987213134,0.5095831553141276,0.21729817390441894,0.5352724075317383,0.32014832496643064,0.5232750574747721,0.2835810422897339,0.5874144872029622,0.2855668544769287,0.7161375681559244,0.2839890241622925,0.7361387252807617,0.19993386268615723,0.3426094849904378,0.23081687688827512,0.522427781422933,159.7908133656746,124.1831172899186,166.18544104431086,154.0521561825791,80.25477253233917,0.4325186332066854,50.926079302357905,0.5549211343129477,0.543413179689271,0.5228514194488525,89.8428260175856,0.661776606241862,100.16547244546307,0.6197063128153483
0.22532808780670166,0.3030007044474284,0.24554433822631835,0.508901850382487,0.2205812692642212,0.5315032641092936,0.3206956148147583,0.5227308909098307,0.2843214511871338,0.5853429158528646,0.2867441177368164,0.7144072850545248,0.28232769966125487,0.733046277364095,0.20000935196876524,0.34250906308492024,0.23306280374526978,0.5202025572458904,160.94799638359498,125.46100745359735,166.19443781789383,154.50376915541307,79.4626247963386,0.4313558101654053,51.800956115683746,0.5527727365493775,1.6526078706257603,0.5214667240778605,90.77335146221142,0.6591945966084798,100.04457478658662,0.6185690879821777
