0,1,2,3,4,5,6,7,8,9,10,11,12,13,14,15,16,17,18,19,20,21,22,23,24,25,26,27,28,29,30,31
0.7154290199279785,0.36835304896036786,0.7375735759735107,0.49414857228597003,0.7108535766601562,0.49349676767985023,0.7379590511322022,0.5988399505615234,0.7058979034423828,0.5941967646280925,0.7386942863464355,0.6256489435831706,0.7178571701049805,0.6202767690022787,0.7209609746932983,0.3633789380391439,0.7242135763168335,0.49382266998291013,173.39258203992165,176.67212989669977,152.48803078068582,175.302307626696,88.57163135436097,0.428600804011027,100.34122116589722,0.5440097173055013,82.54307495581641,0.5463313102722167,65.365667613116,0.6072367668151856,88.42906005054198,0.6122444470723469
0.7140853881835938,0.3609793980916341,0.739901065826416,0.49929574330647786,0.7127543926239014,0.4990493456522624,0.7396882057189942,0.5743884404500326,0.7067666053771973,0.586228624979655,0.7372878551483154,0.6090132395426432,0.721915864944458,0.6102633158365885,0.7207881212234497,0.36099944114685056,0.7263277292251586,0.4991725444793701,170.89853365119282,174.98923919768876,145.50218597007895,170.33611044228678,87.7041388011359,0.43008599281311033,102.66378548436974,0.5427005847295125,79.92770077125043,0.5367804924647013,57.77643818403616,0.5982459704081218,93.9656626267631,0.5917008399963379
0.7142944812774659,0.34813172022501626,0.7388965606689453,0.4927280743916829,0.7102427959442139,0.49127979278564454,0.7366274356842041,0.555014165242513,0.7056524276733398,0.5499413172403972,0.7365277290344239,0.5921817779541015,0.7224455356597901,0.595850944519043,0.7207868337631226,0.36460700035095217,0.7245696783065796,0.49200393358866373,166.58593524829757,173.92241372048326,158.73638253150784,173.03921131400364,88.29919484605499,0.428305466969808,108.08248138433792,0.5209726254145305,79.16673965054115,0.5235090494155884,69.90817783584484,0.57289613087972,90.15370254103422,0.5735979715983073
0.7160291194915771,0.35012756983439125,0.7412026405334473,0.495947011311849,0.7124393939971924,0.4930645306905111,0.7386693000793457,0.5444687525431315,0.7043107032775879,0.5393825531005859,0.7338626384735107,0.556807009379069,0.7254734992980957,0.5479991912841797,0.7226935148239135,0.36555002530415853,0.7268210172653198,0.49450577100118004,159.3981346249227,171.76169247618324,110.71117815018728,152.2669041373632,88.16675278167025,0.4300278981526693,116.6384653261456,0.516944162050883,76.65924164429805,0.5194872617721558,22.154173708591163,0.5436908721923828,111.28458497098134,0.5506378809611003
0.7160826683044433,0.3334553082784017,0.7402882099151611,0.4954864501953125,0.7106595039367676,0.49317070643107097,0.7399261951446533,0.5054299036661783,0.7014561653137207,0.507799498240153,0.7253459930419922,0.5126901626586914,0.7284063339233399,0.5050649642944336,0.7223204374313354,0.3667754809061686,0.7254738569259643,0.49432857831319177,127.70273965160223,134.76552714265344,99.48306935127691,116.87014023244033,88.5837989406409,0.4305520296096802,150.71302788279942,0.5010640382766725,37.52907405339706,0.49987924098968506,174.2062378931151,0.5064322312672933,153.52884181341335,0.5090600331624349
0.7152959823608398,0.3242982864379883,0.740764570236206,0.4943320910135905,0.7125131607055664,0.4911275545756022,0.739809799194336,0.513896115620931,0.700758981704712,0.507296625773112,0.7297391891479492,0.5239748318990072,0.7261094093322754,0.513964303334554,0.7235445976257324,0.36746028264363606,0.7266388654708862,0.4927298227945963,128.62822504517246,154.44574162577618,103.30788544731631,129.3563569847979,88.58503156757526,0.4300950527191162,150.62649333050427,0.5000132242838542,58.10765496132436,0.5033129692077636,14.736190603121887,0.510630464553833,134.97694946069043,0.5189354737599691
0.7171618461608886,0.32257121404012046,0.7409808158874511,0.4945552190144857,0.7125766277313232,0.48507232666015626,0.7393810272216796,0.5127733230590821,0.6951011657714844,0.5068751653035481,0.7279043674468995,0.52218017578125,0.7232601642608643,0.5120779037475586,0.7243234634399414,0.3676253000895182,0.7267787218093872,0.48981377283732097,130.15853900985294,157.16062658543922,91.4875007585304,127.34794320810283,88.84885202314055,0.4287195364634196,151.6932896742472,0.49834446907043456,61.237984358479316,0.5012935479482015,10.468082749524733,0.5094765345255534,140.66021480147455,0.517476749420166
0.7153594493865967,0.3217368443806966,0.7411834716796875,0.495160166422526,0.7126413822174072,0.4883975664774577,0.7405479907989502,0.48929077784220376,0.69401535987854,0.48638025919596356,0.7192833900451661,0.5109246253967286,0.7241000652313232,0.4978199005126953,0.7244540929794312,0.36664841969807943,0.7269124269485474,0.49177886644999186,94.94429375547934,87.13496982919672,85.85518609427336,157.21902561080796,88.87450219148988,0.42921364307403564,9.319515067836932,0.4890795628229777,169.65897676589597,0.4905348221460978,20.819193559714183,0.49210007985432946,134.50684088445774,0.5001077016194662
0.7156479835510254,0.32046658198038735,0.7437010288238526,0.5055331865946452,0.7142463207244873,0.4995263417561849,0.7376681804656983,0.4963393211364746,0.695265531539917,0.501214345296224,0.7230414867401123,0.5225177447001139,0.7226058959960937,0.5135634740193685,0.7237023830413818,0.3663643519083659,0.72897367477417,0.5025297641754151,99.67316958742033,60.682226363966144,84.3176794714063,167.33680343858563,87.78304913269992,0.4344470580418905,2.234763461109111,0.5018720547358195,144.54933077345584,0.49943454265594484,24.307799572453366,0.5073889096577963,119.19344086080781,0.5094285329182943
0.7182145118713379,0.3380547841389974,0.7426145076751709,0.5119379043579102,0.7141414165496827,0.5074528694152832,0.7400899410247803,0.5022323926289877,0.7011500358581543,0.5035930315653483,0.7278238296508789,0.5317792256673177,0.7248615741729736,0.5129159927368164,0.7256502628326416,0.3705265204111735,0.7283779621124268,0.5096953868865968,87.80001864437901,63.7509705841471,63.9499732088324,158.89201920319812,88.87715081442751,0.44011095364888514,12.632448800127236,0.5066442092259725,147.4942907625356,0.5059638897577923,21.463882165301357,0.5082545121510824,112.54535727890472,0.5170058091481526
0.7188537120819092,0.3388668696085612,0.741214656829834,0.5022858619689942,0.7103373527526855,0.49898290634155273,0.7372127532958984,0.4971089045206706,0.7050620079040527,0.5010245005289714,0.7285140514373779,0.6284651438395182,0.7216528415679931,0.5533388773600261,0.7241312742233277,0.36618841489156084,0.7257760047912598,0.5006343841552734,99.12865263571976,78.5736326104364,157.93100674620905,174.98422969432877,89.29911309414135,0.4334113995234171,178.92104939159182,0.5008294423421225,162.86761949521033,0.498871644337972,72.40424334223104,0.5271816889444987,93.78872188120789,0.5627870241800944
0.7195820808410645,0.3417815844217936,0.7432782173156738,0.5026617368062337,0.7139417648315429,0.499186102549235,0.742738914489746,0.5041848500569661,0.7052651882171631,0.5022586504618327,0.7301555156707764,0.5334875106811523,0.725849723815918,0.5251248359680176,0.7249254703521728,0.3687934716542562,0.7286099910736084,0.5009239196777344,101.65207665459263,110.49154769501766,131.49908274537486,154.0426156647739,88.40269372815702,0.43485869566599533,176.72769677565609,0.5015912850697836,12.996193777764741,0.5025543848673503,48.005909835958825,0.5136917432149252,113.2400662419617,0.5188361803690592
0.7208533763885498,0.3657960573832194,0.7406701564788818,0.4875412305196126,0.7105944633483887,0.4813670794169108,0.7370946407318115,0.5068494160970052,0.695214319229126,0.5069260279337565,0.7284173011779785,0.6287591934204102,0.6941757678985596,0.588642438252767,0.7242960453033447,0.3711081027984619,0.7256323099136353,0.4844541549682617,138.54168212903053,158.28205329651112,163.92802178374407,174.8230128611044,89.32455719212633,0.42778112888336184,143.5441548485755,0.4956900914510091,62.895749161965995,0.49565178553263345,90.72814510962479,0.5477842330932617,94.07135395792375,0.5678043047587077
0.7207987785339356,0.3661174774169922,0.7412325859069824,0.48888387680053713,0.7110902309417725,0.4815424919128418,0.7379082679748535,0.5051115989685059,0.6951758384704589,0.5081043561299642,0.728325080871582,0.6259999593098958,0.6945225238800049,0.5880582809448243,0.7244268178939819,0.37317924499511723,0.7261614084243775,0.4852131843566895,138.68793281333686,155.27937716954443,163.36836410020956,174.58699116118694,89.11297614851031,0.42919621467590335,143.5441682986612,0.49665877024332683,59.44488399155931,0.4951623916625977,90.46816132870558,0.5480813185373943,94.5325316715216,0.5655557791392009
0.7209700584411621,0.3770724932352702,0.7421332836151123,0.4894002596537272,0.7109450817108154,0.48042707443237304,0.7373106479644775,0.5203106880187989,0.700868034362793,0.5109586079915365,0.7289450645446778,0.6237793604532877,0.6940197467803955,0.5878049850463867,0.7247009992599487,0.37323748270670576,0.7265391826629639,0.4849136670430501,145.23204808444746,167.97516725358722,167.55308977968264,174.3850486044881,89.05700000689797,0.4290755748748779,134.5858857747856,0.49793613751729326,73.07476998301354,0.5026121775309245,95.09255201249783,0.5493817965189616,94.62238739570556,0.5720450242360433
0.7207229137420654,0.3745183308919271,0.7417415618896485,0.49120416641235354,0.711164903640747,0.4865054448445638,0.734730339050293,0.5271563529968262,0.6988330841064453,0.5165518124898275,0.729035472869873,0.6230491638183594,0.6933601856231689,0.5861000061035156,0.7247917652130127,0.37237195968627934,0.7264532327651978,0.4888548056284587,145.28600889412877,171.47955970252173,165.70575080521724,175.49893951916297,89.1828099432822,0.43061338265736904,134.92039272887797,0.5027033090591431,77.80568993861918,0.5080055793126425,94.4994571139558,0.5513259092966716,93.3986802853097,0.5751027584075927
0.719965934753418,0.3540612538655599,0.7400588512420654,0.49417457580566404,0.7096633434295654,0.49009583791097006,0.7402614116668701,0.5192275365193685,0.7003708362579346,0.5159288088480631,0.7289069175720215,0.6241175969441731,0.6936713218688965,0.591595204671224,0.7242384195327758,0.37076217333475747,0.7248610973358154,0.492135206858317,143.5101272322377,156.5442013900445,167.64881959860813,172.06590191238638,89.70605911315003,0.43144869009653725,135.82662930131815,0.5040320078531901,60.38444704673029,0.5056813716888428,95.05978288874701,0.5537620067596436,96.17828917870287,0.5716725667317708
0.7203401088714599,0.37402127583821615,0.7393629074096679,0.48765913645426434,0.7095613956451416,0.48530604044596354,0.7397481441497803,0.518758996327718,0.6998503684997559,0.5175184885660807,0.7292641639709473,0.6236114501953125,0.6936679363250733,0.5919816335042317,0.7245582818984986,0.37084102630615234,0.7244621515274048,0.48648258845011394,151.14697250824278,160.5211457900628,168.4741495306908,172.28451311400124,90.04762875194608,0.42866180737813314,128.41477281871684,0.5020005385080973,64.65793040051693,0.502620792388916,94.74619589313053,0.5547500610351562,95.70990861916862,0.5711852232615153
0.7201260089874267,0.35554386774698893,0.7418968200683593,0.4996767044067383,0.711026954650879,0.4949943542480469,0.736737871170044,0.5113423665364584,0.6979316711425781,0.5097795486450195,0.7293225765228272,0.6263434727986653,0.6926866054534913,0.5894147872924804,0.7235088109970094,0.3703349431355794,0.7264618873596191,0.49733552932739256,123.95912254490148,149.09441480765875,163.62489341272067,175.0403657070199,88.6679720688754,0.433835236231486,156.43462295924732,0.503557538986206,53.73471725960383,0.5043389479319255,93.76826523119337,0.5495971679687499,93.68933608918417,0.5688429196675618
0.7204612255096435,0.36544567743937173,0.7403527736663819,0.48963359196980794,0.710353422164917,0.48019997278849286,0.7376104831695557,0.5222180684407552,0.7028539180755615,0.5182246208190918,0.728960371017456,0.6259114583333333,0.6925287246704102,0.5930234273274739,0.7241174697875976,0.36890767415364584,0.7253530979156495,0.48491678237915037,154.06602684513942,166.83892712450452,170.969573656227,173.76585965508073,89.3897582625046,0.4269122282663981,124.03871319299564,0.5015707015991211,71.80922358244433,0.5035674254099528,97.85941447482938,0.5556240240732828,94.76857829367192,0.5740647633870443
0.7208489894866943,0.3632355054219564,0.7381240844726562,0.4917639096577962,0.7084724426269531,0.4888673146565755,0.7370157241821289,0.5067550977071126,0.7008180141448974,0.5124787330627442,0.7292353630065918,0.6233237584431967,0.6932838439941407,0.5864800771077474,0.7229798793792724,0.37017145156860354,0.7232982635498046,0.4903156121571859,143.44471230663424,146.02498457146433,168.47937278912605,173.6256422387453,89.84816551679364,0.4302435318628947,135.40699926620303,0.5013971726099651,50.15765252681175,0.49853535493214923,95.8133247123955,0.5494794050852458,93.81853622879677,0.5650394280751546
0.7195560932159424,0.3612135569254557,0.7368512630462647,0.48927389780680336,0.7094388484954834,0.48728440602620443,0.7381362438201904,0.5138234774271647,0.7002277374267578,0.5150749206542968,0.7292177677154541,0.6267206192016601,0.6937271595001221,0.5937730153401692,0.7224495887756348,0.3715826988220215,0.7231450557708741,0.4882791519165039,148.26414228345504,155.8859081888606,169.14039719769661,172.97155569462277,89.65854273358597,0.4299309253692627,130.53900917566406,0.5016770362854004,59.59262306391678,0.5010513146718343,94.72199541113397,0.554423967997233,94.51678455218916,0.5702720483144124
0.7195775508880615,0.3617769559224447,0.7376441478729248,0.48959385553995766,0.7081811904907227,0.4864988327026367,0.7383867263793945,0.503630797068278,0.697701358795166,0.5128990173339844,0.7291355133056641,0.6269417444864909,0.693609094619751,0.5934849421183268,0.7228210926055909,0.37191375096639,0.7229126691818237,0.4880463441212972,144.69209821295874,141.94331255820143,167.37534561106594,173.1442387667326,89.95481931393837,0.4299800475438436,135.41043567622262,0.5004726807276407,45.20365380858287,0.4958385705947876,92.90706139932065,0.5531919797261555,94.29048957068011,0.5652862707773845
0.72027587890625,0.3459376017252604,0.7393568515777588,0.5049572308858236,0.7085402488708497,0.49974409739176434,0.7383011817932129,0.5225709915161133,0.6960083961486816,0.5178953488667806,0.7292976379394531,0.6275113423665365,0.6930269241333008,0.5936855951944987,0.7237516164779663,0.3725501696268717,0.7239485502243042,0.5023506641387939,129.89617813484327,150.17183818788337,163.54913205103836,172.6490113017993,89.91307071753872,0.4374504168828328,150.9103428857702,0.5101230065027873,54.63240924680911,0.5124608278274536,92.25276648049044,0.5557904720306397,94.90378433769233,0.5750411669413249
0.7203196525573731,0.3962937672932943,0.7410889625549316,0.5026172637939453,0.7097581386566162,0.4942621866861979,0.7325166225433349,0.5408570607503255,0.7018030166625977,0.5457087834676106,0.7286726951599121,0.6208010991414388,0.6947572231292725,0.5903223037719727,0.7241582870483398,0.3742405891418457,0.7254235506057739,0.49843972524007163,160.87659579913344,173.37861680418447,170.51785109891978,175.72612655483326,89.41632642252227,0.43634015719095864,116.55147850692883,0.5220742543538411,80.50677449992233,0.5196483929951985,98.97457316876228,0.5680155436197917,92.75281718089832,0.5808290799458822
0.7204437732696534,0.39535624186197915,0.7410513877868652,0.5028322537740072,0.7095993518829345,0.49831838607788087,0.7324960708618165,0.5409246444702148,0.7032006263732911,0.5457069396972656,0.7286766529083252,0.620943260192871,0.6947911739349365,0.5903025945027669,0.7240772485733032,0.3743351141611735,0.7253253698348998,0.5005753199259441,160.83023820146246,172.8159169103282,171.88548803255927,175.67243729994155,89.43354218884588,0.4374552170435588,116.1153460579522,0.5231411298116049,79.92286010182313,0.5207499821980794,100.67892995573554,0.5680047671000162,92.73274614266397,0.5809339523315429
0.7200598239898681,0.4005441665649414,0.7414498805999756,0.5028542518615723,0.7097886085510254,0.49900830586751305,0.7347855567932129,0.5453193028767903,0.701679277420044,0.5460913340250652,0.7287046909332275,0.6204898834228516,0.7181884288787842,0.608686892191569,0.7234928131103515,0.3743308703104655,0.7256192445755005,0.5009312788645427,159.30912429870196,172.11074086317814,161.28021373582683,173.89687003665358,89.03772748977016,0.4376310745875041,117.92867856769273,0.5235113064448039,78.33219126253083,0.5231252908706665,75.22507931447693,0.5773891131083171,94.62482712857219,0.5829045931498209
0.7188454151153565,0.3930341720581055,0.7410522937774658,0.5018079439798991,0.7094648361206055,0.4938808441162109,0.7328411102294922,0.5397904078165691,0.7019588947296143,0.544670041402181,0.7286437511444092,0.6203310648600261,0.7181137084960938,0.607776387532552,0.7230706930160522,0.37487088839213056,0.7252585649490357,0.49784439404805503,160.6332575035675,173.14378824713182,161.9223948564499,175.433650764163,88.98073488880685,0.4363576412200928,116.45418065160308,0.521257217725118,79.75334595406447,0.5188174009323121,75.64101352820256,0.5762232144673665,92.98325843187776,0.5800607363382976
0.7181454658508301,0.38163054784139,0.7412647724151611,0.501525084177653,0.7098239898681641,0.49300785064697267,0.7349767684936523,0.5433141072591146,0.7035449028015137,0.5446874618530273,0.7285099506378174,0.6204658508300781,0.6940817356109619,0.5906474431355794,0.7232872247695923,0.3753235816955567,0.7255443811416626,0.49726646741231284,161.76135937147146,172.4041693429126,173.01451154525833,173.82978053979627,88.93957924369275,0.43629502455393476,114.8874593650014,0.5209769646326701,78.42368502512595,0.5202902873357137,101.63461240699108,0.5676674524943033,94.79130176648296,0.5818899790445964
0.7181422710418701,0.3802236874898275,0.7409466743469239,0.5021091779073079,0.7096632957458496,0.49368569056193035,0.7351551055908203,0.5441720962524415,0.7037677764892578,0.5450824101765951,0.728889799118042,0.6213897069295248,0.7184519290924072,0.6138107299804687,0.7231757879257202,0.3752223014831543,0.7253049850463867,0.49789743423461913,161.984327913961,172.03899985981616,164.55627807897707,173.69852675913174,89.00565209714267,0.4365598678588867,114.5339513898394,0.5214899222056071,77.98325313236313,0.5210347652435303,77.9397953975543,0.5794465700785318,94.63872100137709,0.5827809015909831
0.7178935050964356,0.39644864400227864,0.7409645557403565,0.5021778106689453,0.7098031044006348,0.49320538838704425,0.7351800918579101,0.543821144104004,0.7038615703582763,0.5361647288004557,0.7288598537445068,0.6215803782145183,0.6937418937683105,0.5922246932983398,0.7242677688598633,0.37578616142272947,0.7253838300704956,0.4976915995279948,158.0281261892357,171.72616315448525,171.7262388015947,173.7460764353482,89.47546383849337,0.43673888047536213,119.22309294873811,0.5169281641642253,78.0105479222108,0.5207563718159993,100.2325644209465,0.5641947110493978,94.64676227982322,0.5827007611592612
0.7184577941894531,0.38911733627319334,0.7411505222320557,0.4953691800435384,0.7114037990570068,0.491586430867513,0.7350995063781738,0.539121945699056,0.7058553218841552,0.5353822708129883,0.7284759521484375,0.6204135258992513,0.6939213275909424,0.5907497406005859,0.7241508483886718,0.3751633803049723,0.7262771606445313,0.4934778054555257,160.5324798003495,172.88082960557242,173.76472271531725,174.3495056460194,88.97040783994265,0.43432059288024905,115.98195495697155,0.514430038134257,79.06046224445367,0.5162998755772908,102.16353846508575,0.5630660057067871,94.65811116517102,0.5797677357991536
0.7178756713867187,0.3795534451802572,0.7428003311157226,0.5007601102193197,0.7115777969360352,0.49187593460083007,0.7353233814239502,0.5426093419392903,0.7039345264434814,0.5350119908650716,0.7287859439849853,0.6219612757364908,0.6936447620391846,0.5916419347127279,0.7234141111373902,0.375474214553833,0.7271890640258789,0.49631802241007483,155.95608221707732,174.1094657791801,170.9115204862864,174.5621336804464,88.21076015700538,0.4358961184819539,121.00528253351891,0.5156650066375732,80.03372418158762,0.5194636821746825,100.29839317041075,0.5633269627888997,94.7096970499296,0.5822853088378905
0.7184304237365723,0.3509132703145345,0.7406848907470703,0.5012030601501465,0.7114842891693115,0.49698781967163086,0.7354051113128662,0.543653933207194,0.7035420417785645,0.5446235020955403,0.72887282371521,0.621917724609375,0.6939874172210694,0.5921525955200195,0.7231536626815795,0.37553184827168784,0.7260845899581909,0.49909543991088867,160.2740976316019,172.35341255145858,172.3362109758772,173.92839714592594,88.6411994273047,0.43731364409128826,116.34163356964748,0.5218594710032145,78.18550270786177,0.5213746865590414,101.36649332697185,0.5683880488077799,94.77113370664853,0.5827858289082846
0.7201942920684814,0.36181300481160483,0.7407023429870605,0.5008134841918945,0.7117031574249267,0.4963258425394694,0.7353116035461426,0.5382107416788737,0.7033892154693604,0.5353563944498698,0.7286945343017578,0.6221438725789388,0.6938639640808105,0.5905691782633463,0.723409080505371,0.375665028889974,0.7262027502059936,0.498569663365682,155.34026782496437,171.247082938047,170.42115278102665,174.33710248570512,88.6978690804354,0.437117346127828,121.80539427566724,0.5169630289077759,77.05903434292182,0.5183902025222779,99.78825793960446,0.562962786356608,94.50772631835302,0.5801773071289062
0.7203912258148193,0.3716724395751953,0.7406864166259766,0.5001674652099609,0.7116147518157959,0.49111232757568357,0.735121488571167,0.5423115412394206,0.7033019542694092,0.5354741414388021,0.7287077903747559,0.622254753112793,0.6941985607147216,0.5903498331705729,0.7235635757446288,0.3760764122009277,0.7261505842208862,0.49563989639282224,157.40595801377032,173.09692793204755,170.77637962113607,174.25605838303326,88.7604782215066,0.43585815429687497,119.83826523699355,0.5155570189158122,79.11969616162463,0.5189757188161215,99.41908583870226,0.5629119873046875,94.58691149586208,0.5822831471761067
0.7180933475494384,0.36385924021402993,0.7408920764923096,0.4965606689453125,0.7099206924438477,0.4878108024597168,0.7328826904296875,0.5442064285278321,0.7034909725189209,0.5349714279174804,0.7277281761169434,0.6215455373128255,0.6940158367156982,0.5931925455729167,0.7229244470596313,0.37465848922729494,0.7254063844680787,0.49218573570251467,159.78965129145686,175.18292437394194,171.97948519614883,175.15872431236843,88.79020900395092,0.4334221124649048,117.1221405078172,0.5135785818099976,81.82157075468805,0.5181960821151734,99.2435045256256,0.5640819867451985,93.81302287067999,0.5828759829203287
0.7184887886047363,0.37885141372680664,0.7387559890747071,0.49631948471069337,0.7096615314483643,0.4919941266377767,0.7330893039703369,0.5438802719116211,0.7028079032897949,0.5349831263224284,0.7282851696014404,0.6201618194580079,0.716316032409668,0.6045518239339193,0.7232261657714844,0.37488080660502116,0.7242087602615357,0.49415680567423503,159.60464779507112,173.2139216840085,164.92220921183792,174.54339033284523,89.52800861709477,0.4345188061396281,117.66319768654232,0.5145699659983317,79.87381713818849,0.519018538792928,79.0116313308015,0.5697674751281738,93.60367053919389,0.5820210456848145
0.7181477069854736,0.37361392974853513,0.7394252777099609,0.4961252212524414,0.7096203327178955,0.48759915033976237,0.7328271389007568,0.544076665242513,0.7036520481109619,0.5352306365966797,0.7276875972747803,0.6216222763061523,0.6940179824829101,0.5932093938191731,0.7228663444519043,0.3755926767985026,0.7245228052139282,0.49186218579610186,161.1643487242263,174.34660462188384,172.68293923333547,174.81097346241106,89.18377749215635,0.43372743129730223,115.69885354998492,0.5135464111963908,80.96320917970432,0.5179694255193075,99.4343778596321,0.5642200152079264,93.7918844300033,0.5828494707743326
0.7181808948516846,0.3703460693359375,0.7385715484619141,0.4955449422200521,0.7095022678375245,0.4913959503173828,0.7332573413848877,0.5432389577229818,0.7030355930328369,0.5352041880289714,0.7285511016845703,0.6186731338500977,0.6944308280944824,0.5920181274414062,0.7226413011550903,0.37405640284220376,0.7240369081497193,0.49347044626871744,160.22415753780712,173.09457042828785,171.89076405174168,174.36510850825263,89.33040747975427,0.4337634245554606,116.71252239214078,0.5143373171488445,79.50402375612744,0.5183547019958497,98.61228867665659,0.5636111577351888,93.56998175799374,0.5809560457865397
0.7177512645721436,0.3687520662943522,0.7390489101409912,0.48902934392293296,0.7098142147064209,0.4854769070943197,0.7335064888000489,0.5390077590942383,0.7036566734313965,0.527179209391276,0.7282192707061768,0.6195856094360351,0.6931554794311523,0.5925259908040365,0.7228099584579468,0.37442636489868164,0.7244315624237061,0.4872531255086263,159.65738938308175,173.77312212597676,172.5829078977548,174.60633599953334,89.17657241906086,0.430839745203654,117.48948193756043,0.5072161674499511,80.05456504908781,0.5131304423014322,99.12934971205632,0.5598526000976562,93.75415375834838,0.5792966842651367
0.7176886558532715,0.37065773010253905,0.7389322757720947,0.4889678637186686,0.7096953868865967,0.4852464040120443,0.7335673809051514,0.5390054066975911,0.7038196086883545,0.5354262034098307,0.7281795978546143,0.6198813756306966,0.6931064128875732,0.5929782867431641,0.7235006332397461,0.37357028325398767,0.7243138313293458,0.4871071338653564,163.94898292214071,173.37246816560676,174.12096963259893,174.52099519212283,89.58963084253632,0.43033870855967205,112.983916600604,0.5112666686375935,79.89030652373165,0.5130562702814738,100.54479489167213,0.5642022450764974,93.81129013022216,0.5794433911641439
0.7180368423461914,0.37044811248779297,0.7389752864837646,0.48830490112304686,0.7098203659057617,0.48468414942423504,0.7335989952087403,0.5389076868693033,0.7040307998657227,0.5269181251525878,0.728174352645874,0.6197022120157878,0.693072509765625,0.5928269068400065,0.7236391544342041,0.37378659248352053,0.7243978261947632,0.48649452527364095,160.5561709732844,173.49494799221745,173.02502793260584,174.53491828992426,89.61433031084681,0.4301405588785807,116.74079305534063,0.5067063252131144,80.04314024746381,0.5127011060714721,99.43990061258923,0.5598725159962972,93.8411432736535,0.5793049494425455
0.7179815292358398,0.38105239868164065,0.7390449047088623,0.48781096140543617,0.7098703861236573,0.4792402903238932,0.735838794708252,0.5392562866210937,0.7063848495483398,0.5265186309814454,0.7282739639282226,0.6194023768107096,0.693016767501831,0.5934336344401042,0.7243815898895263,0.37444051106770837,0.7244576454162598,0.4835256258646647,163.9486985021747,172.43446432165834,175.3336562111516,172.99911797335142,89.96005266169917,0.4289830684661865,112.80022723835779,0.505022128423055,78.45793274931441,0.5113909562428792,101.29764920994832,0.5599761327107748,95.39206026187976,0.5793293317159016
0.7180003166198731,0.3819494883219401,0.7390578269958497,0.48784030278523766,0.7112167358398438,0.47930463155110675,0.7359329700469971,0.5390317281087239,0.7062653541564942,0.5265225410461426,0.7282809734344482,0.6193915685017903,0.6930086135864257,0.5934196472167969,0.7244221687316894,0.37462062835693355,0.7251372814178467,0.4835724671681722,163.09590554054788,172.98944516274616,174.90545145169384,173.23466063068005,89.62394071657424,0.4290965477625529,113.72031182719792,0.5050475041071574,78.98457020093589,0.511302097638448,101.20886513815356,0.5599710941314697,95.43939826813623,0.5792116483052572
0.7179016590118408,0.38061691919962565,0.7391156673431396,0.48802719116210935,0.7112264156341552,0.47954092025756834,0.7359591960906983,0.5390522638956706,0.7063428401947022,0.5265480041503906,0.728265905380249,0.619517199198405,0.6929560661315918,0.5936009089152018,0.7244282484054565,0.3745876948038737,0.7251710414886474,0.48378405570983884,163.02404183312927,172.9655128292831,174.9412232889629,173.23234467434773,89.61025942665844,0.42918587525685625,113.7630348920416,0.5051660299301147,78.95495139174137,0.5114181598027547,101.2903708910416,0.5600744565327962,95.46147531116752,0.5792847315470377
0.7178185462951661,0.3712577819824219,0.7393265724182129,0.4822073936462402,0.7113771438598633,0.47893552780151366,0.7361756324768066,0.5348868052164714,0.7087666511535644,0.5074569384256998,0.7283109188079834,0.6190986633300781,0.6932035923004151,0.5932273864746094,0.7226496696472169,0.37446395556131995,0.7253518581390381,0.4805714607238769,154.28972063160265,173.54939233740186,174.35744247139317,173.44080770671442,88.54119141919436,0.42751770814259843,121.66975012316125,0.49401419957478837,78.7299295685589,0.5077291329701741,100.28443207977979,0.5503421624501545,95.33549106352969,0.5769927342732748
0.7179892063140869,0.3830668131510417,0.7391408920288086,0.4819677988688151,0.7112667560577393,0.47867708206176757,0.7362081050872803,0.5351351420084636,0.7089462280273438,0.5132219632466634,0.7282949924468994,0.619064458211263,0.6932573795318604,0.5936765670776367,0.7242026567459107,0.37539728482564294,0.7252038240432739,0.4803224404652913,160.01991413483577,172.94622929786414,175.29498775130355,173.33756329076806,89.4533158457775,0.42785986264546716,116.29669546035497,0.49677220185597737,78.64812017805778,0.5077287912368774,101.03434672923989,0.5534492651621501,95.38609945315825,0.5770998001098633
0.72087082862854,0.37395575841267903,0.7417548656463623,0.49789088567097983,0.712066650390625,0.4875969886779785,0.7355613708496094,0.5400295893351237,0.705957555770874,0.5373167673746745,0.7286172866821289,0.6223681131998698,0.720144510269165,0.6201282501220703,0.7243730545043945,0.3780942916870117,0.7269107580184937,0.4927439371744792,161.4197474594997,173.58509879753737,167.23816074244976,174.42505581298886,88.73199814947267,0.43541911443074544,115.1777064137215,0.5150303522745768,79.63274129250811,0.5163867632548014,80.27867216110866,0.5787225087483724,94.82067716176479,0.5811988512674968
0.7208739757537842,0.373475456237793,0.7417307376861573,0.49772713979085287,0.712026309967041,0.4874532381693522,0.7355822086334228,0.5397934595743815,0.7059760570526123,0.5370485305786132,0.7286116600036621,0.622231928507487,0.7201362609863281,0.6199291865030925,0.7243910789489746,0.3780938307444255,0.7268785238265991,0.49259018898010254,161.42733825872355,173.51181926300572,167.27376865920172,174.40095458132217,88.75543921577865,0.435342009862264,115.18096189038263,0.5148193597793579,79.55272758547252,0.5161918242772421,80.30459839942361,0.5784888585408529,94.83312332048335,0.5810126940409343
0.7209650039672851,0.3734225908915202,0.7414675712585449,0.4916099548339844,0.7118038654327392,0.48654470443725584,0.7354717254638672,0.5392474492390951,0.705790662765503,0.5364263534545899,0.7284739971160888,0.6219493230183919,0.6948172092437744,0.5949209213256836,0.7244141578674317,0.377910852432251,0.726635718345642,0.4890773296356201,162.93964853256318,173.93221545304954,173.8933357155559,174.37086655289366,88.85514858327383,0.43349409103393555,113.76113705939618,0.512751841545105,80.01145136247627,0.5141623894373576,100.62506960746862,0.5656736373901368,94.83649917395374,0.5805983861287435
0.7210095405578614,0.37302767435709633,0.7414720058441162,0.49156999588012695,0.7117616653442382,0.48656511306762695,0.7354653358459473,0.539289919535319,0.7057930946350097,0.5364875157674154,0.7284714698791503,0.6219061533610026,0.6948365211486817,0.5948824564615885,0.7244155168533325,0.37797250747680666,0.7266168355941772,0.48906755447387695,162.99248866761522,173.9262988387583,173.90973649510178,174.36128410265593,88.86484794966105,0.4335200309753418,113.70793504613614,0.5127775351206462,80.00780916677999,0.514178737004598,100.62678496908906,0.5656849861145019,94.83882931061734,0.5805980364481609
0.721028470993042,0.37290709813435874,0.7414606094360352,0.49158976872762045,0.7118233680725098,0.4866932233174642,0.7354888439178466,0.5392318725585937,0.7059081077575684,0.5366758346557617,0.7284761905670166,0.621899159749349,0.6947848796844482,0.59513734181722,0.72444429397583,0.37806908289591473,0.7266419887542725,0.4891414960225423,163.09962793992747,173.90421008093722,174.04448833669142,174.3596587274145,88.86648535174353,0.4336052894592285,113.56622465697882,0.512908665339152,79.98383713576217,0.514186684290568,100.77266747103309,0.5659065882364909,94.84878368124781,0.5805655161539713
0.721066665649414,0.3730532010396322,0.7414727210998535,0.49140618642171224,0.7118430137634277,0.4866079012552897,0.7354318141937256,0.5393309911092122,0.705783462524414,0.536815897623698,0.728464412689209,0.6217909495035807,0.6948015689849854,0.5958844502766927,0.7244935750961303,0.3781597932179769,0.7266578674316406,0.48900704383850097,163.1386064945353,173.9924819298964,173.93463391899587,174.39083174991308,88.88144215186142,0.4335834185282389,113.58714792370434,0.5129114707310994,80.10993103569915,0.5141690174738566,100.53205394577647,0.5663501739501953,94.82969853547604,0.5805609703063965
0.721066665649414,0.3730532010396322,0.7414727210998535,0.49140618642171224,0.7118430137634277,0.4866079012552897,0.7354318141937256,0.5393309911092122,0.705783462524414,0.536815897623698,0.728464412689209,0.6217909495035807,0.6948015689849854,0.5958844502766927,0.7244935750961303,0.3781597932179769,0.7266578674316406,0.48900704383850097,163.1386064945353,173.9924819298964,173.93463391899587,174.39083174991308,88.88144215186142,0.4335834185282389,113.58714792370434,0.5129114707310994,80.10993103569915,0.5141690174738566,100.53205394577647,0.5663501739501953,94.82969853547604,0.5805609703063965
0.7210053443908692,0.37271957397460936,0.7414578914642334,0.49130449295043943,0.7117846012115479,0.486385440826416,0.735480546951294,0.5391968409220378,0.7057882308959961,0.5365169525146485,0.7284624576568604,0.6217989603678385,0.6947949409484864,0.5958831787109375,0.7244861125946045,0.377976131439209,0.7266212463378906,0.4888449668884277,163.12055184828964,173.9223139443776,173.93194717437612,174.35025664127704,88.89672303881468,0.4334105491638184,113.6056888725409,0.512680959701538,80.02107265381083,0.5140209039052328,100.4910518390138,0.566200065612793,94.85633436130237,0.5804979006449382
0.721123743057251,0.37331523895263674,0.7414568901062012,0.4914804776509603,0.7117825508117676,0.4864385922749837,0.7354613780975342,0.5393885294596354,0.7057663440704346,0.5367459615071615,0.7284558296203614,0.6219469706217448,0.6947009086608886,0.5963799158732096,0.7245002746582032,0.3778994242350261,0.7266197204589844,0.488959534962972,163.15040663791993,173.93847972941293,173.96326375031512,174.35873794648322,88.90671313163966,0.433429479598999,113.57583178337154,0.5128527482350668,80.055473649342,0.5141740322113038,100.5120148847174,0.5665629386901856,94.85025032137717,0.58066775004069
0.7211262226104737,0.373112424214681,0.7414501667022705,0.49124186833699546,0.7117774009704589,0.4863170305887858,0.7353185653686524,0.5391832987467448,0.7059085845947266,0.5363353729248047,0.7283818244934082,0.6225002924601237,0.6948323249816895,0.5960500717163086,0.7245043277740479,0.3778462727864583,0.7266137838363647,0.48877944946289065,163.1643445418305,174.03636300240177,174.00498909818936,174.48317584701775,88.91062017193691,0.4333128611246745,113.52765088094253,0.5125574111938477,80.20162810354589,0.5139813741048177,100.5081576850431,0.5661927223205567,94.75931049312237,0.5808417956034342
0.721132755279541,0.37306330998738607,0.7414688110351563,0.49659620920817055,0.711708927154541,0.48688151041666666,0.7354165077209472,0.5441535313924154,0.7059759616851806,0.5366039911905924,0.7285979270935059,0.6232728322347005,0.6945233345031738,0.5953964233398438,0.7245062112808227,0.3776658376057943,0.7265888690948487,0.4917388598124186,161.97394903103378,174.1893596373788,173.83405669265596,174.1992915371135,88.95405377262884,0.43470234870910646,114.67601790257447,0.5141714255015055,80.44000506998887,0.517946195602417,101.02303907103267,0.5660002072652182,94.92563724283126,0.5837131818135579
0.7209615707397461,0.37416985829671223,0.7415454387664795,0.49078486760457357,0.7119067668914795,0.4856390953063965,0.7352757930755616,0.5437854131062826,0.7061070919036865,0.536355717976888,0.7285377979278564,0.6233184178670247,0.7187122344970703,0.6176554997762044,0.7245948076248169,0.3778525352478027,0.7267261028289795,0.48821198145548506,163.4683896867807,174.93691556685278,167.6440678405059,174.3892390410745,88.89362400555797,0.4330322583516439,113.18449392169784,0.5122838497161866,81.25390669623125,0.5159986972808839,81.18673687613214,0.5770056088765462,94.84250546553996,0.5835519154866536
0.7186579704284668,0.38279498418172203,0.7393687248229981,0.4898954709370931,0.7120429039001465,0.4860823631286621,0.7356880664825439,0.5360321680704753,0.7011397361755372,0.530555534362793,0.7290205478668212,0.6213150024414062,0.6949896812438965,0.5947118759155273,0.7236077785491943,0.3782657464345296,0.7257058143615722,0.4879889170328776,158.40244183381077,172.64093368753225,169.41922104143651,174.1054517551797,88.90457093355725,0.4331273317337036,119.99013622740891,0.5092722256978353,78.26229888414446,0.5120105425516764,95.47566698479257,0.5626337051391601,94.47036239744367,0.5786735852559408
0.7186051845550537,0.3821355183919271,0.7407862186431885,0.49075476328531903,0.7121254920959472,0.48629369735717776,0.7357790470123291,0.5416999181111654,0.7011491298675537,0.5308520952860515,0.7290194034576416,0.621335792541504,0.6949472904205323,0.5948644638061523,0.7236507415771485,0.37831974029541016,0.7264558553695679,0.48852423032124836,157.51766144358027,174.30100336454183,169.02929735450402,174.04246164249898,88.5419243368605,0.43342198530832926,120.8741013098332,0.5096881628036499,80.05551606288063,0.5151120742162069,95.5338309167538,0.5628582795461019,94.85174420508386,0.5815178553263347
0.7186284065246582,0.38220945994059247,0.7408267021179199,0.4908983866373698,0.712197208404541,0.48632033665974933,0.735723876953125,0.5417757670084635,0.7013276100158692,0.5368705113728841,0.7290362358093262,0.6213565826416015,0.694952917098999,0.5948645909627278,0.7242321252822876,0.37792150179545086,0.7265119552612305,0.48860936164855956,160.6427453751228,174.1820024632893,169.73072216010803,174.10699951536552,88.82004974264329,0.4332654317220052,117.55711799251146,0.5127399365107218,80.17019056756384,0.5151925643285116,96.27275366425891,0.565867551167806,94.80361276138028,0.5815661748250325
0.7184116840362549,0.3810453732808431,0.74068284034729,0.4969907760620117,0.7118799686431885,0.487451426188151,0.7357897281646728,0.5420551935831706,0.7013239860534668,0.5373844146728516,0.7290732383728027,0.6213876724243164,0.6947471618652343,0.5948429107666016,0.7242722272872926,0.3779475529988607,0.7262814044952393,0.49222110112508133,159.2653015679677,173.21240731735708,169.44832261764006,173.92252308864946,88.99271952073204,0.435084327061971,118.92520632831396,0.5148027578989665,79.19782332119551,0.5171381473541259,96.5297814117106,0.5661136627197265,94.8392664836784,0.5817214330037435
0.7184116840362549,0.3810453732808431,0.74068284034729,0.4969907760620117,0.7118799686431885,0.487451426188151,0.7357897281646728,0.5420551935831706,0.7013239860534668,0.5373844146728516,0.7290732383728027,0.6213876724243164,0.6947471618652343,0.5948429107666016,0.7242722272872926,0.3779475529988607,0.7262814044952393,0.49222110112508133,159.2653015679677,173.21240731735708,169.44832261764006,173.92252308864946,88.99271952073204,0.435084327061971,118.92520632831396,0.5148027578989665,79.19782332119551,0.5171381473541259,96.5297814117106,0.5661136627197265,94.8392664836784,0.5817214330037435
0.7184116840362549,0.3810453732808431,0.74068284034729,0.4969907760620117,0.7118799686431885,0.487451426188151,0.7357897281646728,0.5420551935831706,0.7013239860534668,0.5373844146728516,0.7290732383728027,0.6213876724243164,0.6947471618652343,0.5948429107666016,0.7242722272872926,0.3779475529988607,0.7262814044952393,0.49222110112508133,159.2653015679677,173.21240731735708,169.44832261764006,173.92252308864946,88.99271952073204,0.435084327061971,118.92520632831396,0.5148027578989665,79.19782332119551,0.5171381473541259,96.5297814117106,0.5661136627197265,94.8392664836784,0.5817214330037435
0.7183657646179199,0.3745722452799479,0.7408088207244873,0.4970523834228516,0.7119672298431396,0.48747431437174477,0.7358412265777587,0.5420771280924479,0.7013184547424316,0.5373435974121094,0.7290584564208984,0.6214160919189453,0.694700813293457,0.5949502309163411,0.7243120431900024,0.3779424508412679,0.7263880252838135,0.49226334889729817,159.12941916250634,173.27269042409418,169.40397831937952,173.92909642581625,88.959665795547,0.435102899869283,119.0788671465179,0.5148034731547038,79.25470745503648,0.5171702384948731,96.55320577637634,0.5661469141642252,94.88639419759039,0.5817466100056966
0.7183750152587891,0.37279914220174154,0.7409183979034424,0.49691422780354816,0.712089204788208,0.48729619979858396,0.7358228683471679,0.5420137405395508,0.7013445854187011,0.5370780944824218,0.7290591716766357,0.6213777542114258,0.6946964263916016,0.594875717163086,0.7244004726409912,0.3778980573018392,0.7265038013458252,0.4921052138010661,159.0175022610166,173.40470712063333,169.364350307564,173.99637498973297,88.94491519453251,0.43500163555145266,119.2239945746456,0.5145916541417439,79.42336077714306,0.5170594771703084,96.56159784395541,0.565976905822754,94.871189080191,0.5816957473754882
0.7184370517730713,0.3738623301188151,0.7408710956573487,0.49696852366129557,0.7119622707366944,0.4872781753540039,0.7357906341552735,0.5420014063517252,0.7013107776641846,0.5371739705403645,0.729068660736084,0.6213917414347331,0.6947045803070069,0.5948879877726237,0.724345326423645,0.3778809229532878,0.7264166831970216,0.49212334950764974,159.09807015434305,173.3453285243776,169.38022056030962,173.9850398410994,88.96127032577351,0.4350021362304688,119.13014214781379,0.5146486600240071,79.35613811473873,0.5170623779296875,96.52990455245322,0.5660309791564941,94.83968593708745,0.5816965738932292
0.7183127880096436,0.37397635777791344,0.7411097526550293,0.49690478642781577,0.7121715068817138,0.4872662862141927,0.7358867645263671,0.541628901163737,0.7013094902038575,0.5369881312052409,0.7290196895599366,0.6213947931925455,0.6946028709411621,0.5948467254638672,0.7243585586547852,0.37802251180013025,0.7266406297683716,0.49208553632100427,158.82117320898396,173.4592407514904,169.29601142604756,174.02549620454602,88.85383013501433,0.43505402406056726,119.42887994714727,0.5145368337631226,79.42866698447881,0.5168572187423706,96.61187404596023,0.565917428334554,94.92048251639281,0.5815118471781413
0.7182732105255127,0.37454474767049156,0.7411165714263916,0.4971985181172689,0.7121486186981201,0.4875901858011881,0.7359276294708252,0.5418341318766277,0.7013030529022217,0.5370401382446289,0.7289963722229004,0.6215166727701823,0.6945927619934082,0.5949049631754557,0.7243561267852783,0.37794287999471027,0.7266325950622559,0.49239435195922854,158.6765618717027,173.39092683161934,169.25804914979273,173.9798210896639,88.86052292979309,0.43516861597696943,119.56817176646618,0.5147172451019287,79.35227404731201,0.5171142419179281,96.61475572988984,0.5659725507100424,94.97141113786309,0.581675402323405
0.718485689163208,0.37545251846313477,0.7410681247711182,0.49682257970174154,0.7121125221252441,0.48709688186645506,0.7359065532684326,0.5417999267578125,0.7012965679168701,0.5369887034098307,0.728998851776123,0.6214957555135091,0.6946609020233154,0.5948373794555664,0.7243195533752441,0.3776965618133545,0.7265903234481812,0.49195973078409827,158.90031282997901,173.45117330856002,169.30123267115388,173.98101540805996,88.8615017543529,0.43482814629872635,119.32387157619722,0.5144742170969645,79.412339516937,0.5168798287709554,96.54364471668829,0.5659130414326985,94.95377814651759,0.5816478411356608
0.7189056396484375,0.3818734804789225,0.7409894943237305,0.48962151209513344,0.7125922203063965,0.4813194910685221,0.7359212398529053,0.5420783996582031,0.7029873847961425,0.5287218729654948,0.7285915374755859,0.6201761881510417,0.6951098918914795,0.5902276992797851,0.7238141536712646,0.3783527374267578,0.7267908573150634,0.4854705015818278,159.05927288560892,175.06675374132456,170.4720335062541,173.87247525179103,88.40821291185328,0.4319116195042928,118.8262692692222,0.5070961872736612,80.837577590026,0.5137744506200155,97.29854717793435,0.5594747861226399,95.36166822432094,0.5811272939046224
0.7207379341125488,0.40377330780029297,0.7414163589477539,0.48808809916178386,0.7143484115600586,0.4788033485412598,0.7356379508972168,0.5390508651733399,0.7049173355102539,0.5215160051981608,0.7284919261932373,0.619169807434082,0.6949373722076416,0.5918050765991211,0.7257333278656006,0.3772627512613932,0.7278823852539062,0.48344572385152185,157.11165345047345,175.56311417810207,171.1700048352082,174.6458066848656,88.84053811285399,0.4303542375564575,121.09954514050241,0.5024808645248413,82.05985480248467,0.5112482945124308,98.08110131246364,0.5566605408986409,95.09687797694141,0.5791103363037109
0.7188406944274902,0.3813898722330729,0.7414324283599854,0.4899190266927083,0.7140512466430664,0.48114792505900067,0.7358195304870605,0.5467706044514974,0.7056281089782714,0.5286354382832845,0.728656005859375,0.6195603688557942,0.6951785087585449,0.5904918670654297,0.7245792627334595,0.3780018011728923,0.7277418375015259,0.4855334758758545,160.010311197507,176.2959486444223,172.35212742455002,173.98860193991788,88.31538038950818,0.4317676385243734,117.16037216189544,0.5070844570795695,82.4855869220323,0.5161520401636759,99.58862475491237,0.559563652674357,95.6206020394816,0.5831654866536458
0.7201591491699219,0.3842675844828288,0.7411345481872559,0.4837494214375814,0.7118658542633056,0.48010307947794595,0.7361996173858643,0.5423580805460612,0.7059291362762451,0.5264904340108235,0.7288029193878174,0.6187908172607421,0.6952306747436523,0.5912430445353191,0.7235953092575074,0.3778220653533936,0.7265002012252808,0.48192625045776366,161.99834665424333,175.26229004229666,173.41877117295962,173.50857480544622,88.40165049502167,0.4298741579055786,114.77829927027665,0.5042083422342936,80.88169315185712,0.5121421655019124,99.38168599387221,0.5588667392730713,95.52752644332686,0.5805744489034017
0.720268726348877,0.3842144012451172,0.7411647319793702,0.4894300142923991,0.7119041919708252,0.4809141476949056,0.738498592376709,0.5427680969238281,0.7081791400909424,0.5157137552897135,0.728801155090332,0.619120979309082,0.6947847366333008,0.5892658869425456,0.7242753028869628,0.3781900405883789,0.7265344619750977,0.48517208099365233,155.6701284986036,173.2045085158483,173.35863128621452,171.79225331391567,88.79025446710189,0.43168106079101565,121.00555797457828,0.500442918141683,78.26512209675461,0.5139700889587402,100.32089842370569,0.5524898211161295,97.23827581954693,0.5809445381164551
0.7202677249908447,0.3841802914937337,0.7412539958953858,0.4895902633666992,0.7119763851165771,0.4810113271077474,0.7385399818420411,0.5430979410807292,0.7082021236419678,0.5157457033793131,0.7288281440734863,0.6190245946248373,0.6947842597961426,0.5892740249633789,0.7242788314819336,0.3782060623168945,0.7266151905059814,0.4853007952372233,155.5013952733641,173.28532277535396,173.3201313624487,171.76274956244708,88.7502440374881,0.4317534287770589,121.16553005680056,0.5005232493082682,78.3422323460987,0.5141993681589763,100.34186166286676,0.552509864171346,97.2891669423555,0.5810612678527832
0.7202639102935791,0.3840271313985189,0.7412418842315673,0.489620304107666,0.7119729042053222,0.4810458819071452,0.7385413169860839,0.5431110382080078,0.708206033706665,0.5157434463500976,0.7288275241851807,0.6190260569254558,0.694783878326416,0.5892760594685872,0.724281620979309,0.37821804682413734,0.7266073942184448,0.48533309300740557,155.48893977529715,173.27233500500228,173.32184449416928,171.75689934597057,88.75614061581744,0.4317755699157715,121.17820917996595,0.5005382696787516,78.32977936033292,0.5142220656077067,100.34450723800423,0.5525097529093423,97.29172383923175,0.5810685475667318
0.7204101085662842,0.3899962107340495,0.7413065910339356,0.48976917266845704,0.7120643615722656,0.48128347396850585,0.7385897159576416,0.543173344930013,0.7082276344299316,0.5157009124755859,0.7288290977478027,0.6190046946207682,0.6947821617126465,0.5892144521077474,0.7243545055389404,0.378082275390625,0.7266854763031005,0.48552632331848145,155.2295469149447,173.2605167787974,173.26235628578246,171.74543815994076,88.75717787629235,0.4318042993545532,121.4541886758596,0.5006136178970337,78.3322969840153,0.5143498341242472,100.36471926451179,0.5524576822916667,97.3344883999606,0.5810890197753906
0.72030668258667,0.38461443583170574,0.7414276599884033,0.48981014887491864,0.7121588230133057,0.4811419486999512,0.7387420654296875,0.5428667068481445,0.7086925506591797,0.5154203097025554,0.7288761138916016,0.6188645680745443,0.6947406768798828,0.5894208272298177,0.724388837814331,0.37797630627950035,0.7267932415008544,0.4854760487874349,155.36292865984248,173.21383809509433,173.5393242570074,171.70869180252186,88.71870188113445,0.43172617753346765,121.15210017389695,0.5004481792449951,78.23894783453314,0.5141713778177897,100.6770708748181,0.5524205684661865,97.39670272662465,0.5808656374613443
0.7202373504638672,0.38473103841145834,0.7413347244262696,0.48974246978759767,0.7118061542510986,0.4808696111043294,0.7388181209564209,0.5429492950439453,0.7086296558380127,0.5151898384094238,0.7288465023040771,0.6190053939819335,0.6948220252990722,0.5899130503336588,0.7243642568588257,0.3776209990183512,0.726570439338684,0.48530604044596354,155.54635581220975,173.00092977903992,173.58609657585842,171.555332640768,88.8263247865486,0.43146351973215735,120.9785634669056,0.5002479394276936,78.00453673582746,0.5141276677449544,100.46923395198473,0.5525514443715414,97.46937314322199,0.5809773445129394
0.7201951503753662,0.3849964459737142,0.7413603305816651,0.48968998591105145,0.7118480682373047,0.4808224042256673,0.738823127746582,0.5429127375284831,0.7085955619812012,0.515182081858317,0.7288371086120605,0.6189690272013346,0.6948341369628906,0.5899030685424804,0.7243791580200195,0.37751682599385583,0.726604199409485,0.4852561950683594,155.50205759421618,173.02552287509067,173.5473498423195,171.56327074681053,88.81689152203228,0.4313865105311076,121.03845898903351,0.5002191384633382,78.03456368220533,0.5140844662984212,100.43527472169067,0.5525425752003987,97.48001940774813,0.5809408823649089
0.7203114032745361,0.39116255442301434,0.7413772106170654,0.4896660804748535,0.7118843078613282,0.4808170954386393,0.7387741565704345,0.542896016438802,0.7085573196411132,0.5153699239095052,0.7288434028625488,0.6189976374308268,0.6948420524597168,0.5899239222208659,0.7243798494338989,0.37761929829915364,0.7266307592391967,0.48524158795674643,155.59370645473288,173.08344535874673,173.5319517614359,171.61757161281793,88.80183898386746,0.43143044312795004,120.95877547035096,0.5003057559331259,78.10599128366478,0.5140688021977742,100.42382488569578,0.5526469230651856,97.43470617529708,0.5809468269348144
0.7188193321228027,0.3958839098612467,0.7433435916900635,0.48136831919352213,0.7145689964294434,0.4714775085449219,0.7349867820739746,0.5379308064778646,0.7085729598999023,0.5130490938822428,0.7287088871002197,0.619627571105957,0.6931578159332276,0.5934041341145834,0.723102831840515,0.37790937423706056,0.7289562940597534,0.476422913869222,157.03974823832147,178.6476410411381,173.84446181506866,175.7047933366999,86.59960617298213,0.42716614405314124,119.09697092870302,0.4947360038757324,84.4003815946003,0.5071768601735434,100.85956886636284,0.5532266139984131,94.39419339162058,0.5787791887919108
0.7182480812072753,0.3656317392985026,0.7415653228759765,0.4918889363606771,0.7121715068817138,0.4801594416300456,0.7349851131439209,0.5401478449503581,0.7078835964202881,0.5084909756978353,0.7288705348968506,0.6205879847208658,0.6929598808288574,0.5940948486328125,0.7235920429229736,0.37750490506490075,0.7268684148788451,0.4860241889953614,146.64013138152282,175.47814987526388,172.46934082632504,174.80065935972144,88.27067345829924,0.43176454703013106,130.1983807927526,0.49725758234659834,81.47114986371636,0.5130860169728597,99.88924871189533,0.5512929121653238,94.34692292387503,0.580367914835612
0.7183042049407959,0.36395565668741864,0.7413659572601319,0.49213186899820965,0.7117464065551757,0.4810099283854167,0.7351716041564942,0.5405344645182292,0.7078750133514404,0.5086589495340983,0.728923225402832,0.6202940622965495,0.6930388927459716,0.5943613052368164,0.7234689474105835,0.376371161142985,0.7265561819076538,0.48657089869181314,146.499763390875,175.00666137600578,172.54824642983448,174.50649793440337,88.39528425860624,0.43147102991739905,130.2231731384589,0.4976149241129557,80.9291332346115,0.5135526816050211,99.82126128449987,0.5515101273854573,94.47941118916881,0.5804142634073893
0.7183130264282227,0.3660289764404297,0.74139404296875,0.4920488357543945,0.7119477272033692,0.4812732378641764,0.7350822448730469,0.5405022303263346,0.7079617500305175,0.5090081214904785,0.728931188583374,0.6200494130452474,0.6929838180541992,0.5944040934244792,0.7228465318679809,0.37731698354085286,0.7266708850860596,0.48666103680928546,146.5123527066229,175.40876190277072,172.58570629321437,174.607551756645,87.99687308365517,0.4319890101750692,129.9363045839787,0.49783457914988194,81.12071903220063,0.5135816335678101,99.94814183585778,0.5517061074574788,94.42164808027036,0.5802758216857911
0.7182848453521729,0.36529785792032876,0.7412267684936523,0.4929699261983236,0.7120339393615722,0.4822532653808594,0.7370935440063476,0.5464359919230143,0.7051781177520752,0.5361962000528971,0.7288715839385986,0.6193931579589844,0.6929515361785888,0.5944588979085287,0.7233804941177369,0.37739473978678384,0.7266303539276122,0.48761159578959146,162.71534031958456,174.5520119415723,174.35657412262046,172.59579544488923,88.31106309316749,0.43250316778818765,113.82356387279346,0.5119038979212442,79.91419058552242,0.5170237938563029,101.85169296878634,0.5653275489807129,96.42986004358448,0.5829145749409994
0.7188303470611572,0.3747093200683594,0.7392513751983643,0.49248100916544596,0.7102216720581055,0.4820175488789876,0.7370387077331543,0.5406185150146484,0.7053972244262695,0.5275952021280924,0.7288803100585938,0.6191121419270833,0.6930190086364746,0.5946870803833008,0.7234440803527832,0.37840350468953454,0.7247365236282348,0.4872492790222168,161.2870977913769,171.80999190660472,174.0058004231024,172.26622512790902,89.31969738445359,0.4328263918558757,115.61013036044612,0.5074222405751546,77.01944353004997,0.5139338970184326,100.45332110748745,0.5611411412556966,95.93384909160378,0.5798653284708659
0.7187524795532226,0.38718290328979493,0.7412603855133056,0.49070148468017577,0.7120165824890137,0.4856943766276042,0.7348314762115479,0.5387414932250977,0.7035116195678711,0.5374694188435872,0.7291081428527832,0.6173893610636393,0.6932188034057617,0.593403434753418,0.7243689060211181,0.3750086784362793,0.7266384840011597,0.48819793065388994,162.17157314993673,174.44882005278237,172.80373665940664,174.74268126879622,88.85130598498158,0.4316033045450846,115.14424361487819,0.5128336747487385,80.79257561953759,0.5134697119394938,100.42675695240473,0.5654364267985026,94.16217026793329,0.5780654271443685
0.7200281143188476,0.39493694305419924,0.7390519618988037,0.48893483479817706,0.710344648361206,0.48154525756835936,0.7348987102508545,0.5377642313639323,0.7031933784484863,0.5374169031778971,0.7292214870452881,0.6155371983846029,0.6933295726776123,0.5929237365722656,0.7242305040359498,0.3750943024953206,0.7246983051300049,0.4852400461832682,164.9851854615794,172.7619301190455,173.83544613435623,173.83677536914132,89.75665998260028,0.4301671743392944,112.39922854211785,0.5113284746805826,79.0097361318476,0.5115021387736003,100.07651974774203,0.5651703198750814,94.17503685055435,0.5766507148742676
0.7184612274169921,0.3688863436381022,0.7407145977020264,0.4910839716593424,0.7127033710479737,0.4861951510111491,0.73293137550354,0.5406657536824544,0.7050611972808838,0.5372011820475261,0.7290525913238526,0.6177869160970052,0.6932604789733887,0.5936744689941407,0.7236145973205567,0.3741276264190674,0.7267089843750001,0.4886395613352458,162.46446883653707,176.38176390734537,174.13860990706598,176.08113415930725,88.45210734447848,0.4313835938771566,114.02634485658963,0.5129203716913859,83.17975708571589,0.5146526575088501,101.80275499734817,0.5654378255208334,92.87924679003038,0.5792263348897297
0.717901086807251,0.33832359313964844,0.7389543056488037,0.48969430923461915,0.7113250732421875,0.48531646728515626,0.733140516281128,0.5381785710652669,0.7057905197143555,0.5276393254597982,0.7287633419036865,0.6171086629231771,0.6932381153106689,0.5932860692342122,0.7234370231628418,0.3735236008961995,0.7251396894454956,0.4875053882598877,160.79260431378344,174.40026645673686,174.04256276826789,175.22428839470678,89.14417611112356,0.4305144945780436,115.73940935367082,0.5075723568598429,81.02759626072339,0.5128419796625773,100.82494079501394,0.5604626973470053,93.17416321301367,0.5776436169942221
0.718493127822876,0.3369556744893392,0.7386173248291016,0.4880700429280599,0.7096630573272705,0.4807753562927246,0.7348912239074707,0.5331393559773763,0.7060913562774658,0.5269411404927572,0.728770399093628,0.617123540242513,0.6934025764465332,0.5927124659220377,0.7241602659225463,0.37327807744344077,0.7241401910781861,0.48442269961039225,163.70554608292633,171.39546854254957,175.0731223387446,173.83325614825048,90.01034871342665,0.4288503885269165,113.00094475959736,0.5056819200515748,77.55515392062757,0.5087810277938842,100.91950228263286,0.5598268032073974,94.16838578125001,0.5751314481099447
0.7198565483093262,0.34722280502319336,0.7386476516723632,0.48093922932942706,0.7095529556274414,0.4794966697692871,0.7348124980926514,0.5261788368225098,0.7085085391998291,0.5262623151143392,0.7290594577789307,0.6141032536824544,0.6933513164520264,0.5923508326212565,0.7224220514297486,0.3715955416361491,0.7241003036499023,0.4802179495493571,166.43300139955954,171.46286063753817,177.5825904994295,174.13509455092526,89.11483163709981,0.4259067455927531,108.70737555543359,0.5032401323318482,76.88018043582755,0.5031983931859334,102.91724115277106,0.5593065738677978,93.7436213723081,0.5701410452524821
0.7178539276123047,0.36486466725667316,0.7421016216278076,0.4973113695780436,0.7125407218933105,0.4880669911702474,0.7370107650756836,0.5394753138224284,0.7005992889404297,0.5386377334594726,0.7283924102783204,0.6238554000854493,0.694631814956665,0.5914309819539388,0.7247132062911987,0.37093942960103354,0.727321171760559,0.4926891803741455,158.00205935416867,172.47254117606897,168.13145600861242,173.70026049633032,88.77287168635699,0.43181430498758955,120.1806095061304,0.515663456916809,78.29923571493124,0.516082247098287,96.44904342674201,0.5650343577067057,95.83181352794104,0.5816653569539388
0.717600965499878,0.3741539637247721,0.74280686378479,0.4914791425069173,0.7124173164367675,0.48706137339274086,0.7346045494079589,0.5314171791076661,0.7001739501953125,0.5320767084757487,0.7285115718841553,0.6237833023071289,0.694631290435791,0.5918696721394857,0.7249611377716064,0.37057948112487793,0.7276120901107788,0.4892702579498291,156.06675535249008,174.01124431511968,167.47593020523416,175.84279493107059,88.72051446757133,0.42992486953735354,122.65911736263193,0.5106734832127889,80.58004549139056,0.5103437185287476,95.29604224007794,0.5619731903076173,93.77407686397487,0.5776002407073975
0.718253755569458,0.346737543741862,0.7397661209106445,0.4896389643351237,0.7104564666748047,0.4858125368754069,0.7398477077484131,0.5224067052205403,0.6996413707733155,0.5210863431294759,0.7288003921508789,0.6213977813720704,0.6944020748138428,0.5911923090616862,0.7226997137069702,0.36938978830973307,0.7251112937927247,0.4877257506052653,151.28220588782702,163.37292461647235,167.74293098111764,172.0513354510762,88.8325253388119,0.4285577694574992,127.36076894749961,0.5044060468673706,66.97869457000209,0.5050662279129028,94.27399491962983,0.556139326095581,96.36780933423991,0.5719022432963053
0.7175174236297608,0.3487099647521973,0.743398380279541,0.49126644134521485,0.7140968799591064,0.4864293734232585,0.7344315528869629,0.5355930964152018,0.6995848655700684,0.5271283467610677,0.7291845321655274,0.6216583887736002,0.6944005489349365,0.591479746500651,0.7237858295440673,0.36661723454793294,0.7287476301193236,0.48884790738423667,151.27331552400005,176.67217715359354,166.1024616155134,176.3227641955916,87.67542611612971,0.4277325709660848,127.3008377169492,0.5079881270726522,83.06722482693345,0.5122205018997192,94.60594993425228,0.5593040466308594,93.48875254053819,0.578625742594401
