0,1,2,3,4,5,6,7,8,9,10,11,12,13,14,15,16,17,18,19,20,21,22,23,24,25,26,27,28,29,30,31
0.6692325592041015,0.834553591410319,0.5864054679870605,0.6921297073364258,0.5339357376098632,0.7073408762613932,0.5124169826507569,0.6766011555989583,0.45868916511535646,0.6950756708780924,0.45138964653015134,0.6455776214599609,0.4112496852874756,0.6690679550170898,0.6626843690872193,0.7720320383707682,0.5601706027984619,0.6997352917989095,161.96016516223858,173.42920459911414,162.90342535347781,179.5201478786678,35.19299799642235,0.7358836650848388,2.6289460971688925,0.6974054813385009,25.847765913370523,0.6881682236989339,28.732846865433743,0.6820718129475911,26.94672199763096,0.6610893885294595
0.6902123928070069,0.8338298161824544,0.5823010921478271,0.6968180338541666,0.5320756912231446,0.7119295756022136,0.5084130764007568,0.6798132578531901,0.45700798034667967,0.6996534983317058,0.4530478954315186,0.6465065002441406,0.40588808059692383,0.6730533599853515,0.6679085969924927,0.7773886680603027,0.5571883916854858,0.7043738047281901,162.46445327404038,175.27003094131265,164.20539277979626,178.0290223566199,33.403007648202475,0.7408812363942464,2.6976706461120443,0.702013651529948,26.727293439982702,0.6920935312906902,27.490125055835733,0.6863534291585287,31.030405079385673,0.6631598790486654
0.6958697319030762,0.8345760345458985,0.5836138725280762,0.6978544235229492,0.5337054252624511,0.7114220301310221,0.5109908580780029,0.6854031244913737,0.4520143508911133,0.6996372222900391,0.45505762100219727,0.6481876373291016,0.41478695869445803,0.6674021402994792,0.6617315530776977,0.7823740323384603,0.5586596488952636,0.7046382268269857,161.15481872247764,169.22182564335128,153.62129484833187,174.9470201541412,37.023235412877824,0.743506129582723,2.6848506337665867,0.7021377245585124,21.97484609306204,0.6950206756591797,40.8891857843586,0.6835196812947592,33.63802707686418,0.6667953809102376
0.6865540981292725,0.8343898773193359,0.5852320671081543,0.6979084650675456,0.5359222888946533,0.7119611740112305,0.5142550468444824,0.682753054300944,0.4571500301361084,0.6983496348063151,0.45812239646911623,0.644254493713379,0.4018514156341553,0.6725445429484049,0.6638940334320068,0.7830101648966471,0.5605771780014038,0.7049348195393881,161.37426342401105,171.76602708036512,166.51756876834952,176.19248590932324,37.07791703561054,0.7439724922180175,3.6430926903898637,0.7016422271728515,25.587845279043336,0.6938439369201661,25.016103700495307,0.6854470888773601,34.444265669691134,0.6635037740071614
0.6862424850463867,0.833077875773112,0.5829370975494385,0.6932801564534505,0.539026403427124,0.7088174184163412,0.5097238540649414,0.6809182484944661,0.46181702613830566,0.6979931513468425,0.4545266628265381,0.6463328043619792,0.40249924659729003,0.6758609135945638,0.6580198049545288,0.7806145350138347,0.5609817504882812,0.7010487874348958,158.92888177398373,167.52932920362218,168.56937728164854,175.1319150378764,39.34982593132074,0.7408316612243653,1.7649388307572451,0.6995209693908692,21.44144976795198,0.690983517964681,20.46120144570429,0.6869270324707031,32.07042638167039,0.6636255264282227
0.6749362945556641,0.8287649154663086,0.5889609336853028,0.696357790629069,0.5394243240356446,0.7130572001139323,0.5170403480529785,0.6801823298136394,0.46347603797912595,0.6986829121907552,0.45815238952636717,0.6444906870524089,0.395571231842041,0.677477773030599,0.6627931833267212,0.7769667943318685,0.5641926288604737,0.7047074953715007,161.98025900909795,173.89474020339722,171.83077691415545,178.371030713269,36.23578078280261,0.7408371448516846,3.4231934247842446,0.7016952037811279,27.480150684608105,0.69244491259257,17.34240675333814,0.6880803426106771,31.219805233745944,0.6623365084330242
0.6773242473602294,0.8341700871785481,0.5891884803771973,0.6924418131510417,0.5402345180511474,0.7092550913492839,0.5173111915588379,0.678210703531901,0.46442723274230957,0.6982560475667318,0.45954327583312987,0.6441189448038737,0.39999430179595946,0.6775566736857096,0.6566729307174684,0.7802845954895019,0.5647114992141724,0.7008484522501628,158.37353434928755,169.3080326869635,170.2386760963532,177.79617272920257,40.82040323351063,0.7405665238698323,1.4807983310060138,0.6995522499084472,25.528512759476854,0.689529577891032,17.809852760562592,0.6879063606262207,30.546996713838013,0.6611648241678874
0.6773488998413086,0.8338305791219075,0.5882688999176026,0.6921772003173828,0.5404707431793213,0.7093079249064128,0.5201248168945313,0.681669807434082,0.4676237106323242,0.6988871256510417,0.45890097618103026,0.6472426096598307,0.400075626373291,0.6782903671264648,0.6564697742462158,0.7796614964803059,0.5643698215484619,0.7007425626118978,157.94105265736945,167.61453129833353,170.82424077993545,177.54700099637455,40.592728607147706,0.7402020295461018,1.098707483138753,0.6998148441314698,23.319491147062934,0.6912061850229899,16.95750965367256,0.6885887463887532,29.349781796103912,0.6644562085469563
0.6908068656921387,0.835028330485026,0.5859973907470704,0.6936782201131185,0.5392409801483155,0.7111578623453776,0.5159118175506592,0.6835963567097981,0.4633200645446777,0.7012077331542969,0.45552668571472166,0.6503381093343099,0.40178990364074707,0.678544553120931,0.6639513492584228,0.7792073249816894,0.562619185447693,0.702418041229248,159.45368567006088,169.0916768340532,168.2232453514342,177.08942013503562,37.15476635836063,0.7408126831054687,0.698315456330505,0.7018128871917724,21.947973424965028,0.693007198969523,20.220082074974783,0.6898761431376139,28.84460213533012,0.666967233022054
0.6894702911376953,0.8371356328328451,0.590062427520752,0.7003744125366211,0.5420549392700196,0.7158515294392903,0.535457706451416,0.6901718139648437,0.47043542861938475,0.7066185633341472,0.4602592945098877,0.6524436950683594,0.3944117307662964,0.6798619588216146,0.660860538482666,0.7839933395385743,0.5660586833953858,0.7081129709879557,158.78213753247218,173.58041488112852,169.95683553662712,178.8912319715998,38.67413512535967,0.746053155263265,0.8953500053291918,0.7073657671610514,30.38282322363372,0.6991423924763998,19.389562461998366,0.693240261077881,26.643575181762287,0.6713077545166015
0.6973672389984131,0.8403612772623698,0.5892420768737793,0.6983251571655273,0.5381882190704346,0.7129258473714193,0.5224843502044678,0.6870607376098633,0.4623562335968018,0.7024951299031575,0.46295962333679197,0.6511195500691732,0.39975011348724365,0.6777072270711263,0.6642843723297119,0.7863082567850749,0.563715147972107,0.7056255022684733,159.22737821690268,169.25171560549876,168.0627569189492,177.28847178622144,38.73870833956724,0.7459668795267741,1.768962636690361,0.7040603160858154,24.24034689494519,0.6963431199391683,21.60030566978878,0.6901011784871419,31.12369039610212,0.6690901438395183
0.6976342678070069,0.836078389485677,0.5876780986785889,0.6988529205322266,0.5352375984191895,0.712837282816569,0.5215137481689454,0.6879379908243816,0.46413302421569824,0.7034550348917643,0.46524839401245116,0.6524083455403645,0.40543217658996583,0.67484925587972,0.662073016166687,0.7854212443033854,0.5614578485488892,0.7058451016743978,158.91250280852833,169.40410256644958,165.25536515851522,176.77770606706252,38.340334472032055,0.7456331729888916,1.406765660124563,0.7046500682830811,24.14689735604111,0.6968915462493896,25.980649248586133,0.6891521453857421,32.27100863291142,0.670173168182373
0.6912221908569336,0.8339163462320963,0.5906644821166992,0.7032309214274088,0.540713119506836,0.7179318110148112,0.5301367759704589,0.6921133677164714,0.4664120674133301,0.7083169301350911,0.4626896381378174,0.6502457936604817,0.40673089027404785,0.6728705724080404,0.6662858724594116,0.7881682713826497,0.5656888008117675,0.71058136622111,159.5295090554519,172.24680343302242,162.6386985930244,178.5314209832307,37.641710684086746,0.7493748188018798,1.3066519523141835,0.7094491481781006,27.450254279660015,0.7013473669687906,30.70728756457592,0.6905937512715657,31.829797262477683,0.6711795806884766
0.6877020835876465,0.8365900039672851,0.5910919189453125,0.7031723022460937,0.5378713130950927,0.719245974222819,0.5320627689361572,0.6899839401245117,0.46530580520629883,0.707630729675293,0.4627979755401611,0.6496574401855468,0.40387940406799316,0.6742224375406901,0.6638352870941162,0.7873752276102701,0.5644816160202026,0.7112091382344563,160.1822826196428,176.74587909274854,164.4284225307239,179.02070828193624,37.474342274710466,0.7492921829223632,2.066419243566571,0.7094199339548746,33.21348503329125,0.700596539179484,28.540669868609342,0.6909265836079915,30.20829608384031,0.6698206901550292
0.6888613700866699,0.8373607635498047,0.5893844604492188,0.7009646733601888,0.5381644248962403,0.716329828898112,0.5313560485839843,0.6893603642781575,0.4612261295318604,0.7052042007446289,0.45810914039611816,0.6510054906209309,0.4004843235015869,0.6771692276000977,0.6647026777267456,0.787213643391927,0.5637744426727296,0.7086472511291504,159.97151023271405,174.47775454561426,166.1358984057784,179.02524276637027,37.89855248567491,0.7479304472605387,1.9229782828599298,0.7069257259368896,30.749959685820187,0.699003807703654,24.775368752051065,0.6911867141723633,27.638268750045825,0.6701829274495442
0.6934709072113037,0.8394105911254883,0.5875010013580322,0.7005633036295573,0.536257266998291,0.7161712010701498,0.5325342178344726,0.6892569224039714,0.46021380424499514,0.7045824686686198,0.4618880271911621,0.6496644337972005,0.407211446762085,0.6749316533406575,0.6643994808197021,0.7854674657185872,0.5618791341781616,0.7083672523498535,160.52178671436235,176.95847939089393,162.9746062385891,178.85136920259293,36.944919617946255,0.7469173590342204,2.1320152620259876,0.7064748605092367,33.07343687985511,0.6988120873769125,29.22371672931166,0.6897570610046386,29.267728950265592,0.669460678100586
0.6918769359588623,0.843861198425293,0.5875481128692627,0.6989110310872396,0.5350738048553467,0.7151804606119792,0.523783826828003,0.6840068181355794,0.45973644256591795,0.7008756637573242,0.45653510093688965,0.648923110961914,0.402587890625,0.6747802734375,0.6637984991073609,0.7870448430379231,0.5613109588623046,0.7070457458496093,160.58327610687687,175.19721886598327,166.9480371492371,178.53249904848815,37.97466850911408,0.7470452944437662,3.476125911988845,0.7039607048034668,31.546896432746195,0.6955262819925944,24.542568549841462,0.6878279685974121,27.551080650215994,0.6664649645487467
0.6865581035614013,0.8418083826700846,0.5848348140716553,0.6975013732910156,0.5320932865142822,0.7136663436889649,0.5210733413696289,0.6843932469685873,0.4558760166168213,0.7002939860026042,0.4549864768981934,0.648475710550944,0.40385046005249026,0.673782475789388,0.6610926389694214,0.7850541114807128,0.5584640502929688,0.7055838584899903,160.50982284069414,173.82910661648577,164.6199071525872,179.62980023410873,37.752341725398054,0.7453189849853515,2.9517981905930526,0.7029389222462972,29.54173194521624,0.6949885527292887,27.002767241740628,0.6870382308959961,28.523628768802837,0.6664344787597656
0.6842791557312011,0.8410074234008789,0.5853766441345215,0.6972096761067709,0.5301576614379883,0.7132566452026368,0.5135241031646729,0.6838953653971355,0.45432462692260744,0.7002976735432943,0.4548328399658203,0.6483018239339192,0.40346498489379884,0.6748153686523437,0.6621508836746215,0.7862206141153971,0.5577671527862549,0.7052331606547038,160.26966262275045,171.20106458837387,164.53947265577335,177.71140824232438,37.80655600151758,0.7457268873850504,2.7316453230635886,0.702765417098999,25.747353950197834,0.6945642630259197,26.612332094885147,0.687556521097819,31.234877638598988,0.6660985946655273
0.6863163948059082,0.8420281092325846,0.5862532138824463,0.6988706588745117,0.5342918872833252,0.7147023518880208,0.5199096202850342,0.6863704681396484,0.4572859287261963,0.7032875061035156,0.45539040565490724,0.6484963734944661,0.40331473350524905,0.6745915095011393,0.6644504070281982,0.7865992546081543,0.5602725505828858,0.7067865053812663,160.0382343938921,172.09224960093457,163.59248225822924,178.6500983119921,37.45645101788162,0.7466928799947103,1.9458916350637594,0.7050370057423909,26.830814323751525,0.6965784867604574,27.99917491163302,0.6889395078023275,30.413802969630154,0.6674334208170573
0.6887339591979981,0.8406883239746094,0.5851259231567383,0.697871208190918,0.5351006507873535,0.7133129755655925,0.5194669723510742,0.6857916514078776,0.4552616119384766,0.7015491485595703,0.45540609359741213,0.6479041417439778,0.4033966541290283,0.6738235473632812,0.6645520448684692,0.7868911743164062,0.5601132869720459,0.7055920918782552,160.02407355373717,171.10264741221707,163.33158248641533,178.2510329996728,37.8985405773947,0.7462416330973307,2.2081563384459173,0.7035706202189127,25.972559498885687,0.6956918716430665,28.12775262097719,0.6876863479614257,30.601332929085032,0.6668478965759277
0.6935736179351807,0.8462358474731445,0.5843678474426269,0.7001820246378581,0.5312437057495117,0.7145753860473633,0.5318507194519043,0.6901058197021485,0.45953054428100587,0.7034233093261719,0.4600073337554932,0.6498540242513021,0.4055485725402832,0.6751059850056966,0.6629358768463134,0.78562437693278,0.5578057765960693,0.7073787053426106,160.2999671973865,177.5635410296437,164.2872384018101,178.79677888573238,36.65937652979238,0.7465015411376953,2.304804976876369,0.7054010073343913,33.64345177978515,0.6987422625223796,27.680156744215395,0.6892646471659343,29.2606634293156,0.6699799219767253
0.6936283588409424,0.8465091069539388,0.5849528312683105,0.6991505940755208,0.5327971458435059,0.7129384994506835,0.5303820610046387,0.6894006729125977,0.4595214366912842,0.7023990631103516,0.4601129055023193,0.6475539525349935,0.405194616317749,0.6746215184529623,0.659127688407898,0.7865992546081544,0.5588749885559082,0.7060445467631022,159.2298096894358,173.23936543652243,164.47511973401686,179.86093740207815,38.7824549629411,0.7463219006856283,2.1013558618439845,0.7042218049367269,30.290932112541242,0.69772260983785,27.080862316644783,0.6885102907816569,30.77466420309497,0.6684773127237955
0.686590576171875,0.8430784861246745,0.5849938869476319,0.6997063318888347,0.533000898361206,0.714052963256836,0.5249241352081299,0.6889137903849284,0.45960569381713867,0.7029487609863281,0.4600271224975586,0.6478514989217122,0.4047262668609619,0.6749899546305339,0.6578287601470947,0.7859269142150879,0.558997392654419,0.7068796475728354,159.55016395278756,171.67399879321053,164.6822611012458,178.49005623341148,38.653505809579144,0.7464032808939616,2.2648359530015227,0.7049142042795817,27.801403264756885,0.6978967189788818,26.996967717462724,0.688969357808431,32.32276750601687,0.6683826446533203
0.6963425159454346,0.8449560165405273,0.5851648807525635,0.7013349533081055,0.53695650100708,0.7153432210286458,0.5242696285247803,0.6868431091308593,0.46226840019226073,0.7029498418172201,0.46020212173461916,0.6484500885009765,0.4026675224304199,0.6753632227579752,0.6679867506027222,0.7890194574991862,0.5610606908798217,0.7083390871683757,160.41872597451268,174.88543799641374,166.9230764240486,179.76897396886505,37.03614396517804,0.748679272333781,3.1224629220634768,0.7056444644927979,30.29653691913194,0.6975910981496175,24.837338267038234,0.6891565322875977,30.932522352863316,0.6676465988159179
0.6984918117523193,0.8516151428222656,0.5830592155456543,0.7008146286010742,0.5318949699401856,0.7154010136922201,0.5278962135314942,0.6877377192179362,0.45938949584960936,0.7021879196166992,0.4604217052459717,0.6473070780436198,0.4029554843902588,0.6756813685099284,0.6666744709014892,0.7888514518737793,0.55747709274292,0.7081078211466472,160.7645350092827,178.47517654562026,166.6925556989028,178.86473451719024,36.48026933116478,0.7484796365102132,3.4537948988599396,0.7051478703816731,34.55222896946785,0.6979227701822917,25.159024883361212,0.6889346440633138,30.929988633419498,0.667522398630778
0.7011373996734619,0.8511079152425131,0.5835539340972901,0.7000457763671875,0.5342987537384033,0.7148892084757487,0.5289240837097168,0.6880751291910807,0.46307010650634767,0.7035788218180339,0.46239919662475587,0.6486220677693685,0.40369448661804197,0.6755007425944011,0.6678681373596191,0.7896451632181803,0.5589263439178467,0.7074674924214681,159.528512917659,176.70982605775478,166.32724777638305,179.30280796604364,37.028214504538255,0.7485563278198242,2.3230862583129976,0.705523157119751,32.87714868958588,0.6977713108062744,25.308953272222737,0.6895397822062175,30.67036430293018,0.6683485984802247
0.7014569759368896,0.8512214024861654,0.5839005470275879,0.7003461201985677,0.534273338317871,0.715808359781901,0.5295567512512207,0.6879054387410481,0.46288585662841797,0.7034977595011394,0.4622645378112793,0.6480621337890625,0.40282716751098635,0.675578244527181,0.6677961587905884,0.7895442326863606,0.5590869426727294,0.7080772399902344,159.94676819380967,178.0119027123053,166.81658755501633,178.83692118720833,36.8479930535423,0.7488107363382975,2.7254056103118103,0.7057874997456869,34.33662238333977,0.6979913393656413,24.932328344713966,0.6895380020141602,30.629513813137066,0.6679837862650553
0.7016175270080567,0.8510923385620117,0.5842442035675048,0.6999591827392578,0.5352684020996094,0.7152423222859701,0.5289551734924316,0.6879279454549153,0.4628465175628662,0.7034252166748047,0.46288185119628905,0.6481457392374674,0.4036780834197998,0.6755577087402344,0.6670005798339844,0.791485595703125,0.559756302833557,0.707600752512614,159.13456494979522,175.69037227853005,166.38190393816907,179.51300243845327,38.03197718366246,0.7495431741078695,2.467167754634204,0.7055129845937094,32.56653713158042,0.6977643489837646,25.219782104083038,0.6894914627075195,31.05180159756233,0.6680368423461913
0.6988048076629638,0.850753657023112,0.583838701248169,0.699558703104655,0.535555076599121,0.7147760391235352,0.527250099182129,0.6877451578776042,0.4610016345977783,0.7031081517537435,0.46143617630004885,0.6481520334879557,0.40340075492858884,0.6752572377522786,0.6670255899429322,0.7894829432169597,0.559696888923645,0.7071673711140951,159.60949053979252,174.8545850350866,165.73469927296946,179.95823158767806,37.48634352212409,0.7483251571655274,2.3551804149547024,0.7051377614339194,30.904173508283037,0.6974562644958496,25.804483395016916,0.6891826947530111,31.030775930201656,0.66794859568278
0.6967912197113038,0.8432015101114909,0.5838239669799805,0.700633176167806,0.5325309276580811,0.7166454315185546,0.528411865234375,0.6887974421183268,0.46334114074707033,0.7069156010945638,0.4614109516143799,0.6473335901896159,0.4037034511566162,0.675382932027181,0.6667515277862548,0.7896188100179036,0.5581774473190309,0.7086393038431803,158.9154440925743,177.60317995846702,164.28256508458173,179.3954945006879,36.71725671293615,0.749129056930542,1.0412680871465625,0.707777452468872,33.68758922167751,0.6987183729807536,27.867077100267437,0.6911492665608724,31.751501671197417,0.6680655161539714
0.6971786499023438,0.842994753519694,0.5837305545806885,0.7003004074096679,0.5326689720153809,0.716011110941569,0.5283905506134033,0.6885114034016927,0.4630436420440674,0.7067196528116862,0.46147861480712893,0.6471869150797526,0.4036437511444092,0.6754004796346028,0.6666067123413086,0.7896141370137533,0.5581997632980347,0.7081557591756185,158.7076255884425,177.2001704208134,164.16484939432527,179.4737131160795,36.92167185378452,0.7488849480946859,0.8646483917284797,0.7074377059936523,33.38499553933741,0.6983335812886555,27.800878153194077,0.6910600662231445,31.69927755500231,0.6678491592407226
0.6971170902252197,0.8428409576416016,0.5839265823364258,0.7001361846923828,0.5329241275787353,0.7161081314086915,0.5284563064575195,0.6883041381835937,0.4630584239959717,0.706790542602539,0.46139116287231446,0.647161865234375,0.40360465049743655,0.6754388173421224,0.6664886951446534,0.789501698811849,0.5584253549575806,0.7081221580505371,158.674182361803,177.22921576595206,164.1163721534104,179.3892712805137,36.98240173080677,0.748811928431193,0.7999731826079426,0.7074563503265381,33.47598315719006,0.6982131481170655,27.804001386372647,0.6911146799723307,31.527754723368446,0.6677330017089844
0.7027135848999023,0.8498126983642578,0.5841430187225342,0.6994496027628581,0.5324571609497071,0.7158362706502278,0.5238077640533447,0.6884944279988606,0.4616995334625244,0.7033443450927734,0.46152505874633787,0.6474467595418294,0.40364856719970704,0.6756080627441406,0.667244553565979,0.7895189603169759,0.5583000898361206,0.7076429367065429,159.80206655636212,173.87939315800205,166.1647776730182,178.49547116010206,36.92629347656958,0.7485809485117594,2.5479023807482406,0.7054936408996582,29.036964177605938,0.6980686823527018,25.538093861144546,0.689476203918457,33.387040787673016,0.6679705937703451
0.6964198589324951,0.8428593317667643,0.5844408988952636,0.6993104934692382,0.534281873703003,0.715492312113444,0.5280714988708496,0.6876006444295247,0.4627875804901123,0.706881332397461,0.46123929023742677,0.6475088119506835,0.4030771732330322,0.6757673899332682,0.6672621250152588,0.7893885612487793,0.5593613862991333,0.7074014027913411,158.3340494136124,176.14888755504933,163.91967616953627,179.55962545130535,37.228975860370184,0.7483949820200602,0.30854692246654736,0.707141367594401,32.32630536166923,0.6975010236104329,27.523151510565754,0.6913243611653646,30.959033098576214,0.6675547281901042
0.6962292194366455,0.8430803298950196,0.5844523429870605,0.699456532796224,0.5336726665496826,0.7154697418212891,0.5282114505767822,0.6877179463704427,0.46307964324951173,0.7068874994913737,0.46103582382202146,0.6473656972249349,0.4038965702056885,0.675723648071289,0.6672385215759278,0.7895407358805338,0.5590625047683715,0.7074631373087565,158.30316904584228,176.4010468246377,163.79067697071395,179.48183699205998,37.189088000677174,0.7485019365946451,0.3436157406412974,0.7071753184000651,32.61992324247285,0.6975905418395996,27.769809178598507,0.6913055737813314,30.993143981539305,0.6675418217976887
0.701216745376587,0.8453519185384114,0.5851768493652344,0.6993988037109375,0.530681037902832,0.7138508478800456,0.5261090755462646,0.6866551717122396,0.4586145877838135,0.7013153076171875,0.4612896919250488,0.6469748814900717,0.4169125556945801,0.6660090764363606,0.6692744255065918,0.7865033467610677,0.5579289436340332,0.7066248257954916,161.04246501261102,177.21856872267412,155.81525222350015,179.78890752762248,35.655409800798594,0.7465640862782796,3.060218703867946,0.7039700667063395,32.11174222981421,0.6966399987538656,40.25228498203205,0.683662192026774,31.473594564386218,0.6668150266011557
0.7012170314788818,0.8456719080607097,0.5843545436859131,0.6990530649820964,0.5296064376831054,0.7136448542277019,0.5267104625701904,0.6872423171997071,0.45891385078430175,0.7017388025919596,0.46130661964416503,0.6474649429321289,0.4169309139251709,0.6664103190104167,0.6690566062927246,0.7845156987508137,0.5569804906845093,0.7063489596048991,161.19164554643226,177.91333002664794,155.83634087671192,179.6962869619003,34.89358899986098,0.7454323291778564,2.6915188910759014,0.7040438810984293,32.260392344641076,0.6967956384023031,40.08048510755086,0.6840745608011882,31.30717210850517,0.667353630065918
0.701047706604004,0.8456270217895507,0.5847609043121338,0.6993844350179036,0.5297924995422363,0.7140903472900391,0.5265890598297119,0.6875453313191732,0.45911350250244143,0.702221934000651,0.46117300987243653,0.6476867039998372,0.4169677734375,0.6667786280314127,0.6697484493255615,0.7849133809407552,0.557276701927185,0.7067373911539714,161.19965167334811,177.8007886313958,155.8336539751017,179.78580531685256,34.80209149694534,0.7458253860473634,2.633720099443167,0.7044796625773112,32.02187219295138,0.6971413612365722,40.06283838121425,0.6845002810160319,31.35435272655468,0.6676160176595052
0.7009012699127197,0.845554796854655,0.5845338821411132,0.6997226079305013,0.5298497200012207,0.7140918095906575,0.5265231132507324,0.6872163772583008,0.45899572372436526,0.7021945317586263,0.4612431049346924,0.6477994283040365,0.40835061073303225,0.6707083384195963,0.6702930927276611,0.7847944259643554,0.557191801071167,0.7069072087605794,161.39624936022085,178.53738185424967,161.79989969068572,179.4896112789746,34.55324571686006,0.7458508173624674,2.7476604738535286,0.7045508702596028,32.70249218569245,0.69706179300944,31.86931998559791,0.6864514350891113,31.124145295742267,0.6675079027811686
0.7009178638458252,0.8457611719767253,0.5840682983398438,0.6994400024414062,0.5297191619873047,0.7139654159545898,0.5265196323394775,0.6874294916788737,0.4586342334747314,0.7020510355631511,0.46149396896362305,0.6477836608886719,0.4172053813934326,0.6666715621948243,0.6705443859100342,0.7847824732462565,0.5568937301635742,0.706702709197998,161.3843231436218,178.3396966781338,155.4942491838308,179.6709133322702,34.48966923735085,0.7457425912221273,2.710398884720746,0.7043768723805746,32.39627340202205,0.6970661004384359,40.496713983145895,0.6843612988789877,31.3704589764489,0.6676065762837728
0.7004467010498047,0.8454681396484375,0.5839426994323731,0.6992603302001953,0.5297523498535156,0.7139250437418619,0.5262177467346192,0.6869925181070964,0.45869622230529783,0.7019417444864909,0.4613020420074463,0.6475825627644857,0.41693911552429197,0.6667949040730794,0.6704801797866822,0.7845847447713217,0.5568475246429443,0.7065926869710286,161.3960765551002,178.53741446341303,155.79149337993897,179.56168588379188,34.46385424784589,0.7455887158711751,2.712956302372362,0.7042672157287597,32.615409101796814,0.6967926025390625,40.087225684177184,0.6843683242797851,31.261699521825363,0.667287540435791
0.7007214069366455,0.8448744455973307,0.5839747428894043,0.6995530446370443,0.5295193672180176,0.7143086751302083,0.5253675937652588,0.6868026097615559,0.45838255882263185,0.7022326151529948,0.46093320846557617,0.6472999572753906,0.407869815826416,0.6708056767781575,0.6706591367721557,0.7853740374247233,0.556747055053711,0.7069308598836264,161.34600849720522,178.5235128660376,161.75109058357702,179.61455716674436,34.552430173495566,0.7461524486541748,2.734575764481093,0.7045817375183105,32.6780059394458,0.6968667348225912,31.88816459581298,0.6865191459655762,31.511124373902703,0.6670512835184732
0.7012586116790771,0.8415885289510091,0.5835526466369629,0.6995333353678386,0.5293622970581054,0.7143849690755208,0.5252887725830078,0.6865055084228515,0.4582965850830078,0.7019843419392904,0.4608048439025879,0.6466380437215169,0.4074248313903809,0.6706334431966146,0.670651650428772,0.785254955291748,0.5564574718475341,0.7069591522216797,161.48968373820432,179.0843744286437,162.05393962844187,179.48997798424477,34.43599401534317,0.7461070537567138,2.90127750247936,0.7044717470804851,33.27384066595076,0.6967323303222657,31.644415544995837,0.6863088925679525,31.72660657588557,0.6665717760721842
0.7008994102478028,0.841511344909668,0.5838124275207519,0.6996465682983398,0.5294194698333741,0.7144390741984049,0.5253813743591309,0.6865025202433268,0.45829925537109373,0.7020339330037435,0.4607705116271973,0.6465807596842448,0.4073662281036377,0.6706603368123373,0.6703457355499267,0.7852187474568685,0.556615948677063,0.7070428212483724,161.49665764900288,179.07584224107856,162.06762256282332,179.46618091384397,34.50397209719338,0.7461307843526204,2.9164960306507908,0.7045383771260579,33.3294895993385,0.6967726707458496,31.632132625300954,0.6863471349080403,31.711090102992955,0.6665416399637858
0.7010740756988525,0.8414865493774414,0.584109115600586,0.6999397913614909,0.5293259143829345,0.7146650950113932,0.5256843090057373,0.686492919921875,0.4585944652557373,0.7021259307861328,0.4606005668640137,0.6461942036946614,0.40703110694885253,0.6706975936889649,0.6703180789947509,0.7852734565734864,0.5567175149917603,0.7073024431864421,161.57906260018584,179.51218582644813,162.37893924099313,179.31810531880038,34.46419072828144,0.7462879498799642,3.0198574290060947,0.7047141869862874,33.84409269237176,0.6968976815541585,31.362688509608375,0.6864117622375489,31.76506810050077,0.6663435618082683
0.7005979061126709,0.8413224538167318,0.5839540004730225,0.699685541788737,0.5294259071350098,0.7148120244344075,0.5242539405822754,0.6862117767333984,0.4581190586090088,0.7021682739257813,0.4602302074432373,0.6461125055948893,0.4067830085754395,0.6708752950032552,0.6697880744934082,0.784994920094808,0.5566899538040162,0.7072487831115722,161.5799719057769,178.79901060690483,162.27341126708575,179.69312851646083,34.50548840455133,0.7461218516031901,2.9505096569367595,0.7047085285186767,32.966208775648795,0.6967302799224853,31.365282986905072,0.6865217844645182,32.059689692318614,0.6661621411641439
0.7012633800506591,0.8414299647013347,0.5834364414215087,0.6985680898030598,0.5302745342254639,0.7136807123819987,0.5244496822357178,0.6857709248860677,0.4585582256317139,0.7018331527709961,0.46030416488647463,0.6459974924723307,0.40692892074584963,0.6709295272827148,0.6695516347885132,0.7851317087809244,0.5568554878234864,0.7061244010925293,160.95598651819947,177.73016583214388,162.3074661728773,179.88858167419738,35.03294708228319,0.7456280549367269,2.499707466015053,0.7039787769317627,32.13215604322298,0.6959476629892984,30.903369494757726,0.6863813400268555,31.800984940829665,0.6658842086791992
0.700535249710083,0.8402681986490885,0.5843479633331299,0.7018722534179688,0.531879186630249,0.7161808013916016,0.5276260375976562,0.6889503479003907,0.46007189750671384,0.7064661026000977,0.4611536502838135,0.6462930679321289,0.41673502922058103,0.6658995946248373,0.6687891244888305,0.7880807558695475,0.5581135749816895,0.7090265274047851,160.13899922149898,178.28700543225932,153.8552384872469,179.78645042838966,35.537768471979604,0.7485536416371663,1.4959780466894586,0.7077463150024415,33.365082324263795,0.6989884376525879,43.10886861934793,0.6861828486124675,32.689479310726,0.6676217079162599
0.7003994941711426,0.8403473536173502,0.5842721939086915,0.7019748687744141,0.5318505764007568,0.7162775675455729,0.5275595188140869,0.6882090250651042,0.4595041275024414,0.7032041549682617,0.4612146854400635,0.6463116963704427,0.41655945777893066,0.666003163655599,0.669320821762085,0.7881723086039225,0.5580613851547241,0.7091262181599935,161.39246529067785,179.25141042786655,156.04784919351312,179.30542154607767,35.392514213695165,0.748649263381958,3.4386280346978992,0.7061651865641276,34.44106879757135,0.6986676216125489,40.90087767642939,0.6846036593119303,32.272760377376926,0.6672603607177734
0.6999650001525879,0.8406488418579101,0.58413667678833,0.7018306096394856,0.5318965911865234,0.7162923177083333,0.5272969722747802,0.688096555074056,0.4594836711883545,0.7032347997029622,0.46117219924926756,0.6462992986043294,0.41655683517456055,0.6660381952921549,0.6693541288375855,0.7885748545328776,0.5580166339874267,0.7090614636739094,161.25596190281567,179.03982101903702,156.0071861924235,179.35070685003916,35.533114387132315,0.7488181591033936,3.3841967802403303,0.7061481316884358,34.31193257109385,0.6985790093739828,40.90931142813406,0.6846364974975585,32.296848955294706,0.6671979268391928
0.6999594688415527,0.8406826655069987,0.5839693546295166,0.7014634450276692,0.5320911407470703,0.7158862431844075,0.5271432399749756,0.6877571741739908,0.4595155715942383,0.7031990687052408,0.46115703582763673,0.6462024688720703,0.41649713516235354,0.6659500757853191,0.6689458370208741,0.7883396148681641,0.5580302476882935,0.7086748441060384,161.05799834564638,178.75853665612533,155.90877447430532,179.38312062802024,35.687677689455455,0.7485072294871012,3.181417535838108,0.7059369564056397,34.10711415584424,0.6982160091400147,40.888777725037414,0.68457457224528,32.20060609691183,0.6669798215230306
0.699998426437378,0.840739377339681,0.5839505195617676,0.7014680862426758,0.5321145534515381,0.7159330368041992,0.5271354198455811,0.6877758026123046,0.4596724033355713,0.7061024347941081,0.4611327648162842,0.6462194442749023,0.40734548568725587,0.6703420003255208,0.668981957435608,0.7883752504984538,0.5580325365066529,0.7087005615234374,160.05489902322313,178.76265087097693,159.9328943854304,179.3812105921705,35.68277814479865,0.7485379060109456,1.5130834470897412,0.7074014981587727,34.10742292861656,0.698238182067871,34.34886459635871,0.6882222175598145,32.195193783962054,0.6669976234436035
0.6997286319732666,0.8407980600992838,0.5838501930236817,0.7013774871826172,0.5319642066955567,0.7160011927286783,0.5270001411437988,0.6877570470174154,0.4594274520874023,0.7031810760498047,0.4610604763031006,0.6461296717325846,0.41643052101135253,0.6659817377726237,0.6688940048217773,0.7882973670959472,0.5579071998596192,0.7086893399556478,161.08712470261625,178.78857912860605,155.93236856589067,179.40293332968406,35.6509169450313,0.7484933535257975,3.20138688116549,0.7059352080027262,34.1084407469105,0.6982231934865315,40.865135220421024,0.6845814069112142,32.26400954078807,0.666943359375
0.6996366024017334,0.8408267974853516,0.5839688301086425,0.701445198059082,0.5316566944122314,0.7161245981852213,0.527284049987793,0.6879726409912109,0.4592529296875,0.7031653722127279,0.4611510276794434,0.6464035034179687,0.41656928062438964,0.6660593668619792,0.6688988208770752,0.7881206194559733,0.557812762260437,0.7087848981221516,161.20389387215323,179.01590867048216,155.82905397549672,179.31568957320076,35.53376252132824,0.7484527587890625,3.263265454266815,0.7059751351674397,34.28332285409462,0.6983787695566812,41.00128086865965,0.6846123695373536,32.152176692954384,0.6671880722045898
0.7010939598083497,0.8406057357788086,0.5840624332427978,0.7015999476114909,0.5315060615539551,0.7164835611979167,0.5272876739501953,0.6882972717285156,0.4591179370880127,0.703141721089681,0.4612434864044189,0.6464136123657227,0.4074049949645996,0.6703218460083008,0.6692138910293579,0.7877125104268392,0.5577842473983765,0.7090417544047039,161.49562204407158,179.21431510757373,162.03752629232685,179.40952944516846,35.222581578626205,0.7483771324157715,3.422089480835183,0.7060917377471925,34.22445361362119,0.6986695130666097,32.40145652437036,0.6867317835489909,32.38190242446646,0.6673554420471192
0.7006651401519776,0.8406241099039714,0.5836703777313232,0.7018451054890951,0.531216049194336,0.7169864018758138,0.5267496109008789,0.6884431838989258,0.4581435680389404,0.7030819574991862,0.46110334396362307,0.6465206146240234,0.40743327140808105,0.6705042521158854,0.6692398548126222,0.78742462793986,0.5574432134628295,0.7094157536824544,161.87066878975477,179.55838813908906,161.82380765918248,179.42446918621116,34.90636223815753,0.7484201908111572,3.6496488493101538,0.7062488555908203,34.34432607096244,0.6989294687906901,32.71781756925492,0.6867931048075357,32.56283648325973,0.6674818992614746
0.7006492614746094,0.8405514399210612,0.5835475921630859,0.7015006383260091,0.5311522006988525,0.7167128880818685,0.5268258094787598,0.6885066350301107,0.4589876174926758,0.7031454086303711,0.46107168197631837,0.6464200973510742,0.4073531150817871,0.670680046081543,0.6690383434295655,0.7876882870992025,0.5573498964309692,0.7091067632039387,161.5440424999552,179.12203615076913,162.20944634702494,179.55353334045859,35.129372303367546,0.7483975251515707,3.468231774734818,0.706126085917155,34.01466807939536,0.6988066991170248,32.15976286761068,0.686912727355957,32.6216514213059,0.6674633661905924
0.7015985965728759,0.8404697418212891,0.5835241317749024,0.7011515299479166,0.531258487701416,0.7163390477498373,0.5268784999847412,0.6883827845255533,0.459456205368042,0.7064557393391927,0.46105313301086426,0.6464253107706706,0.40742039680480957,0.6705488840738932,0.6689063787460328,0.7882607460021973,0.5573913097381592,0.708745288848877,160.00509242381543,178.60092464225013,159.68170831519478,179.61534488272497,35.49064492597418,0.7485030174255372,1.3392300324240978,0.7076005140940349,33.71687942512855,0.6985640366872152,34.60727732236603,0.688502311706543,32.513674717423726,0.667404047648112
0.7012123107910156,0.8403119405110677,0.5834980487823487,0.7015752792358398,0.5311932563781738,0.7166970570882162,0.5270041942596435,0.6886158625284831,0.45958881378173827,0.706535275777181,0.46115574836730955,0.646537971496582,0.4074268341064453,0.6705270767211914,0.669146728515625,0.7882252693176269,0.5573456525802613,0.7091361681620281,160.22717511598492,179.04931003574242,159.82385341719782,179.5238706025857,35.275936669992944,0.7486807187398274,1.5240366947585073,0.7078357219696045,34.07097823951986,0.6988760153452556,34.617902210612186,0.6885311762491861,32.57903133672818,0.6675769170125325
0.6947171211242675,0.8442402521769206,0.5848642826080322,0.7013229370117188,0.5357741355895996,0.7183907826741537,0.5277078151702881,0.6907152811686198,0.46010503768920896,0.7076711018880208,0.4600990772247314,0.6479429244995117,0.4108468532562256,0.6694716771443685,0.6710828065872192,0.7887139320373535,0.5603192090988159,0.7098568598429362,160.23620634425325,176.05811395124172,157.32609012529943,179.3876162677288,35.44859729984478,0.7492853959401449,1.2494725159932045,0.7087639808654785,30.41122281866015,0.7002860705057781,37.793361981011856,0.6885713895161947,32.31930278595257,0.6693291028340658
0.6943571090698242,0.8443425496419271,0.5844710826873779,0.7011473973592123,0.5353614330291748,0.7179205576578777,0.5279045104980469,0.6901161829630534,0.4598118305206299,0.7074206670125326,0.4606753349304199,0.6478909810384115,0.41097588539123536,0.6696143468221029,0.6708817481994629,0.7885749499003093,0.5599162578582764,0.709533977508545,160.1781400013973,176.687745187526,157.25878631799765,179.7142257991625,35.46235768278808,0.7490544637044272,1.2093949505899673,0.7084773222605387,31.240304851233958,0.6998250802357993,37.74522567403369,0.6885175069173177,32.13204777464321,0.6690035820007325
0.6946535110473633,0.8442265192667643,0.5845356941223144,0.701291275024414,0.5355220317840577,0.7180400212605794,0.5279762744903564,0.6904003779093425,0.4596259117126465,0.7074977238972981,0.46054606437683104,0.6479121526082356,0.41139836311340333,0.669645881652832,0.6709026336669921,0.7883888244628906,0.560028862953186,0.7096656481424968,160.2867067043439,176.5740265425942,156.9429494528232,179.61445183782106,35.3757135280097,0.7490272363026937,1.2369517998239417,0.7085816860198975,31.008053087319496,0.7000330130259196,38.12692709203762,0.6885718027750651,32.2153028209857,0.669156265258789
0.694810438156128,0.8444533030192057,0.5846803665161133,0.7012675603230795,0.5356012344360351,0.717979367574056,0.5281779766082764,0.69044984181722,0.4598242282867432,0.7076444625854492,0.46057906150817873,0.6478962580362956,0.4112712860107422,0.6696505864461263,0.6707024574279785,0.7885215759277344,0.5601408004760742,0.7096234639485677,160.14708228763052,176.4263542003446,156.9858905691769,179.6080116863329,35.51210501531477,0.749072519938151,1.1301594276941103,0.7086339632670084,30.95838879846687,0.7000366528828939,38.0440574816713,0.6886475245157877,32.19045541415011,0.6691730499267579
0.6949217796325684,0.8439083099365234,0.5856593132019043,0.7012875239054362,0.535994577407837,0.7179311116536459,0.534862756729126,0.6906633377075195,0.4614466667175293,0.7075675328572592,0.4605196475982666,0.6479385375976563,0.4080962657928467,0.672503662109375,0.6709857940673828,0.7884004910786947,0.5608269453048706,0.7096093177795411,160.08209416849326,179.56047057738283,160.34094208759203,178.30190650429105,35.57426475613025,0.7490049044291178,1.1769860631151232,0.7085884253184,36.118102131816045,0.7001363277435303,33.31440781430561,0.690035597483317,29.885875364377625,0.6693009376525879
0.6950281143188477,0.8438150405883789,0.5857193946838379,0.7013933817545573,0.5360104084014893,0.718072255452474,0.5348184108734131,0.6907480239868165,0.46148018836975097,0.7077767690022786,0.4604731559753418,0.6479537328084309,0.40813722610473635,0.6725088119506836,0.6710397005081177,0.7884778340657552,0.5608649015426637,0.7097328186035157,160.06590350443372,179.56935010177804,160.22664898913152,178.3180876483731,35.55445480419871,0.7491053263346354,1.1275267125680557,0.7087547938028971,36.08760008810589,0.7002404212951661,33.4708766999521,0.6901427904764811,29.92540363891814,0.6693508783976236
0.6959019184112549,0.8437597274780273,0.5859520912170411,0.7014094670613606,0.5361273288726807,0.7181647618611654,0.5350189208984375,0.6909135818481446,0.46181497573852537,0.7078802108764648,0.46050453186035156,0.6480442682902018,0.4083278656005859,0.6724823633829753,0.6712821006774903,0.7884472529093425,0.5610397100448609,0.7097871144612631,160.06280684032973,179.63978962691962,160.23083498368158,178.3566818148999,35.508612588220586,0.7491171836853028,1.1009762868499138,0.7088336626688639,35.954320935387216,0.7003503481547038,33.49664908670391,0.69018128712972,29.912502856520092,0.6694789250691732
0.6957850456237793,0.8436679840087891,0.5859800815582276,0.7014845530192058,0.5359866619110107,0.7181760787963867,0.5350461006164551,0.6908601760864258,0.4615302085876465,0.7078439076741536,0.4604748249053955,0.6480051040649414,0.40828666687011717,0.6724999109903972,0.6712436676025391,0.7884560585021972,0.5609833717346191,0.7098303159077962,160.11787929148494,179.4432777150104,160.16097271149218,178.28871436450038,35.492366425169735,0.7491431872049967,1.1442338648871555,0.7088371117909749,36.18119031559985,0.700345245997111,33.57690437780326,0.6901719093322753,29.885381618394376,0.6694326400756836
0.6958940029144287,0.843618647257487,0.5858323574066162,0.7021245320638021,0.5356235504150391,0.7188144048055013,0.5353274822235108,0.691439437866211,0.4613495826721191,0.7080954869588216,0.4586042404174805,0.6490467707316081,0.4085236549377441,0.6726013819376627,0.6711997509002685,0.7884786287943523,0.5607279539108276,0.7104694684346518,160.40909272924466,178.6936601179349,160.07396748719717,177.89744458540724,35.227654125917525,0.749474048614502,1.3684391603472932,0.7092824776967367,36.840546866391094,0.7009544531504314,33.89742558118701,0.6903484344482422,28.922410226214453,0.6702431042989095
0.6957787990570068,0.8442423502604167,0.5842797756195068,0.7016190846761068,0.5351841449737549,0.7181562423706055,0.5279878139495849,0.6908080418904622,0.45973763465881345,0.7072229385375977,0.45864095687866213,0.6490126291910807,0.41185727119445803,0.669658342997233,0.6709176778793335,0.7884419441223145,0.5597319602966309,0.7098876635233562,160.48995547778512,176.67113360794363,157.10299893048017,179.97812482468078,35.24174577484962,0.7491648038228353,1.526500309151885,0.7085553010304769,31.007709844862205,0.7003478527069091,38.11599928554361,0.6884406407674153,31.077407564784693,0.6699103355407714
0.6957056522369385,0.844275156656901,0.5853224754333496,0.7016319274902344,0.5352275848388672,0.7180746714274089,0.5279616832733154,0.6907845815022786,0.4608936309814453,0.7075532277425131,0.45861186981201174,0.6490203857421875,0.40864315032958987,0.6723507563273112,0.6708735704421998,0.788378079732259,0.5602750301361084,0.7098532994588216,160.27324558643383,176.21677220817637,159.9228229272848,179.83793404189782,35.37468869533794,0.7491156895955403,1.3258102719525198,0.7087032636006674,30.545659616277362,0.7003189404805501,33.96914655123598,0.6899519920349122,31.057404741305618,0.669902483622233
0.6956878662109375,0.8442914326985677,0.5853287696838378,0.7016013463338217,0.5353420734405517,0.718045171101888,0.5279332637786865,0.6907635370890299,0.46085619926452637,0.7074785868326823,0.4585942268371582,0.6490151723225911,0.40864949226379393,0.6722985585530599,0.6708192586898805,0.7883876164754232,0.5603354215621947,0.7098232587178548,160.27606836190316,176.1229739021339,159.92063136064283,179.8139314103615,35.416391767924154,0.7491054375966391,1.350180795726999,0.7086509227752685,30.465057290447106,0.7002933979034424,33.97446660616873,0.6898885726928711,31.051740045884884,0.6698893547058105
0.6951019763946533,0.8430302937825521,0.5835189342498779,0.7013323465983073,0.5336397171020508,0.7159416198730468,0.5208234786987305,0.6842183430989583,0.4589371204376221,0.7032007217407227,0.4608756542205811,0.6468984603881835,0.416896390914917,0.6670476913452148,0.6675577640533448,0.7888899485270182,0.5585793256759644,0.7086369832356771,160.7928296659122,177.39099191424913,155.66498949601174,179.61527772036663,36.36835492183937,0.7487634658813477,3.122836846722066,0.7059188524881999,32.89281818361866,0.6964276631673177,40.69396648767088,0.6851242065429688,31.903890783685483,0.665558401743571
0.6946329593658447,0.843066151936849,0.5834017276763916,0.7014842987060547,0.5334388732910156,0.7159467061360677,0.5207116603851318,0.6842801411946614,0.4586753845214844,0.7032232920328776,0.46051654815673826,0.6470364252726237,0.41648473739624026,0.6675363540649414,0.6655468702316284,0.7866442680358887,0.5584203004837036,0.7087155024210612,161.1899015802303,177.6921659188208,155.95260490392016,179.53495952435745,36.033856007460685,0.747679885228475,3.1516696829404793,0.7059693972269694,32.94341129493756,0.6964978218078612,40.22619493717525,0.6853798230489094,31.745767086825254,0.6656582832336426
0.6941797733306885,0.84331849416097,0.5838828086853027,0.7016523996988933,0.5365658283233643,0.7161710739135743,0.521478796005249,0.6853682200113932,0.45888051986694334,0.7032843907674153,0.4606619358062744,0.6472557703653972,0.4168294906616211,0.6676189422607421,0.6654826879501343,0.7864831924438476,0.5602243185043335,0.7089117368062338,161.24354336878835,176.20942662329733,155.76174774303715,179.69430471762138,36.38881687507086,0.7476974646250407,3.178215345327459,0.7060980637868246,31.284741913613402,0.6971399784088135,40.302838998921686,0.6854516665140787,32.07437332063634,0.6663119951883951
0.6941812992095947,0.8432393391927083,0.5841598033905029,0.7022336959838867,0.5359070301055908,0.7169677098592122,0.5286110401153564,0.6864663441975911,0.45893173217773436,0.7036406834920247,0.46075048446655276,0.6472793579101562,0.4169943809509277,0.6676453908284505,0.6656653404235839,0.7865429878234863,0.5600334167480469,0.7096007029215494,161.5224309858896,179.77488272663228,155.70727940175004,177.88776883080672,36.06959181847918,0.7480718453725179,3.3737242802633602,0.7066206932067871,36.36192535144511,0.6980335235595703,40.63985755842296,0.6856430371602376,30.004860628309416,0.6668728510538737
0.6930993080139161,0.8431648890177409,0.5843477725982666,0.7025930404663085,0.5352090835571289,0.7174400965372721,0.5215578079223633,0.685653559366862,0.4582411766052246,0.7035865147908529,0.4606756687164307,0.6472112655639648,0.41695876121520997,0.6675775527954102,0.6658684015274048,0.7863587697347005,0.5597784280776978,0.7100165685017903,161.88843981796546,177.60595634364915,155.4525131040015,179.90515917614266,35.73873954926796,0.7481876691182454,3.623533525148275,0.7068015416463216,32.51470060177286,0.6978350639343261,41.096859722657285,0.6855820337931315,32.26919657249235,0.6664324124654134
0.6930829524993897,0.8432000478108724,0.5842592239379882,0.70264097849528,0.5350559234619141,0.7174408594767253,0.5217523097991943,0.6857438405354818,0.4580827236175537,0.7036312103271485,0.46083793640136717,0.6473291397094727,0.4170830249786377,0.6675745010375976,0.6658188104629517,0.7863305091857911,0.5596575736999512,0.7100409189860026,161.9033679645029,177.73706679644036,155.25674221041047,179.83738415951066,35.70178061660263,0.7481857140858968,3.610765358158261,0.7068360646565756,32.65966177862572,0.6978923797607421,41.32963791185412,0.685602855682373,32.23694208389023,0.6665364901224773
0.6928613662719727,0.8432551066080729,0.5841732501983643,0.7025212605794271,0.5351474285125732,0.7173325856526692,0.5217824459075928,0.6856907526652019,0.4580550193786621,0.7035929997762044,0.46083898544311525,0.6473087310791016,0.4170699119567871,0.6675309499104818,0.6658634185791016,0.7863176345825196,0.5596603393554688,0.7099269231160481,161.86054111854267,177.68250242975606,155.21467089847877,179.8422012547168,35.72705082402052,0.7481222788492838,3.567117075381219,0.7067599614461262,32.61314598287217,0.697808837890625,41.343960113128105,0.685561974843343,32.202609398118625,0.6664997418721517
0.6929607391357422,0.843303362528483,0.5845694541931152,0.7023852666219076,0.5350356101989746,0.7172583897908529,0.5213940143585205,0.6852680206298828,0.45834574699401853,0.7029671351114909,0.461315393447876,0.6472617467244466,0.4176825523376465,0.6671024322509765,0.6659289598464966,0.7862687746683756,0.5598025321960449,0.7098218282063802,161.99994885845643,177.64419956873792,155.31797902019807,179.89366341650344,35.76665640570744,0.7480453014373779,3.865182845299614,0.7063944816589356,32.589978682258845,0.6975449244181315,41.41210755018227,0.6850347836812337,32.317811935961146,0.6662648836771647
0.6930385589599609,0.8433560689290365,0.5844203472137451,0.7023970286051432,0.5349775791168213,0.7172508875528971,0.5213826656341553,0.685248057047526,0.45833001136779783,0.7029666264851888,0.4613163471221924,0.6472580591837566,0.4176804065704346,0.667098871866862,0.6659022808074951,0.7862896919250488,0.5596989631652832,0.7098239580790202,161.99863467024076,177.7164097600878,155.31944408766557,179.8579229024206,35.75365458160482,0.7480568250020345,3.870006297084757,0.7063952922821045,32.67593002656636,0.697536007563273,41.424027216614405,0.6850327491760254,32.31202545621119,0.6662530581156413
0.692973518371582,0.843417739868164,0.5842875957489013,0.7026496887207031,0.5348123550415039,0.7173454284667968,0.5214019775390625,0.685653813680013,0.45864038467407225,0.7028693517049154,0.46164760589599607,0.6472524007161459,0.41776723861694337,0.6669291814168294,0.6663899421691895,0.7846783002217611,0.5595499753952027,0.7099975585937499,162.54679027896336,178.21109832755565,155.57135822334212,179.92860685666363,34.95340623301206,0.7473379294077556,4.040635476884546,0.7064334551493326,32.54355642134692,0.6978256861368815,41.325492679908535,0.6848992665608724,32.72700814036983,0.6664531071980795
0.693103837966919,0.8435807545979818,0.5846010208129883,0.7027692159016927,0.5356472492218017,0.7176092783610026,0.5215103626251221,0.6868557612101237,0.45876302719116213,0.7033596038818359,0.46166338920593264,0.6477716445922852,0.4090747833251953,0.671283213297526,0.6663853645324707,0.7846212069193522,0.560124135017395,0.7101892471313477,162.47977573430288,177.13117293969685,161.59943347354056,179.2247449068158,35.009784209141486,0.74740522702535,3.8547246709443073,0.7067744255065918,31.143680972003665,0.6985225041707357,32.84438264476492,0.687321408589681,33.14725010883791,0.6673137029012044
0.692781639099121,0.8436581929524739,0.5841223716735839,0.7026500066121419,0.5343127250671387,0.7174486796061198,0.52181077003479,0.6863619486490885,0.4584846019744873,0.7029286066691081,0.4616673469543457,0.6474286397298177,0.4178372859954834,0.6671182632446289,0.6664556503295899,0.7842604319254558,0.5592175483703613,0.7100493431091308,162.68435209985702,178.25263573823082,155.51117287088292,179.7811074604986,34.684073273303284,0.7471548875172933,4.043469606044113,0.7064889748891194,32.34354590570538,0.6982056458791097,41.380097504303365,0.6850234349568685,32.91664113081396,0.666895294189453
