0,1,2,3,4,5,6,7,8,9,10,11,12,13,14,15,16,17,18,19,20,21,22,23,24,25,26,27,28,29,30,31
0.6203740119934082,0.604962412516276,0.5684021949768067,0.6218997319539388,0.5512939453125,0.6062759399414063,0.5484471321105957,0.6525882720947266,0.5385096073150635,0.6500364939371744,0.5724008560180665,0.6998272577921549,0.5431840419769287,0.6937596638997395,0.6070144653320313,0.5924118995666504,0.5598480701446533,0.6140878359476725,160.762307300071,152.27167380797107,162.0841141077994,161.4408421868329,155.31823231954354,0.6032498677571614,120.69258938589722,0.6320621649424234,106.4953335483383,0.6333380540211995,83.89769930002912,0.671898078918457,63.11155860810197,0.6762077649434408
0.6497914314270019,0.5660847345987956,0.5719262599945069,0.5940231323242188,0.5811519622802734,0.5889660517374674,0.5630254745483398,0.6771795908610027,0.5579738140106201,0.6475925445556641,0.4823275566101074,0.7105278015136719,0.46457600593566895,0.7113128662109375,0.6276043891906739,0.5637805938720704,0.5765391111373901,0.5914945920308431,158.59202354104073,159.30164508442334,167.36258865857232,150.81339580471627,151.51056050798496,0.5776375929514568,108.31166681850087,0.6195435682932535,98.96246579528781,0.6343370914459229,145.6963760455377,0.6794527053833008,157.54726274704595,0.6938536961873373
0.6571038246154786,0.5893827438354492,0.5785366058349609,0.6106700897216797,0.5768552780151367,0.5962146123250326,0.5823001384735107,0.6817251841227213,0.5595762252807617,0.64772154490153,0.572756004333496,0.7116352081298828,0.4438354015350342,0.7290730158487956,0.6300350427627563,0.5877592404683432,0.5776959419250488,0.6034423510233562,152.65377716274858,149.70336354203098,171.91902255370204,164.91661668851683,163.31945763368626,0.5956007957458497,112.25512099084726,0.6255819479624432,86.63403239044337,0.6425837675730388,144.89752891384944,0.6883972803751628,107.69761445827015,0.696680196126302
0.6276424884796142,0.5666866302490234,0.5468138694763184,0.6094234466552735,0.5803553581237793,0.6105607986450196,0.5665268421173095,0.6642887115478515,0.5756624698638916,0.678053601582845,0.5753708839416504,0.6961508433024088,0.5599083423614502,0.7013926188151042,0.6032431840896606,0.5705500284830729,0.5635846138000489,0.6099921226501466,155.54808163858098,155.5085891699303,148.2834441214453,172.27637630953112,135.15680193468813,0.5902710755666097,79.93732506718825,0.6440228621164958,86.89828481123915,0.637140417098999,124.01984054513298,0.6897231101989746,74.48682487897709,0.6802197774251302
0.6517457962036133,0.6414051055908203,0.5580795764923095,0.6246397654215495,0.5741441726684571,0.6199151357014974,0.5421461582183837,0.6806732177734375,0.5704305648803711,0.6702077229817708,0.512870454788208,0.7133734385172527,0.4808955669403076,0.7182541529337565,0.6355311870574951,0.6235493342081706,0.5661118745803833,0.6222774505615234,120.48096553860756,143.76756734937263,159.82037911432445,168.46702077341624,1.049641804237666,0.622913392384847,84.85134710364206,0.646242586771647,112.31332508030327,0.6514753341674804,151.7810242236427,0.6942309379577636,131.83730306750797,0.6970233281453451
0.6210030555725098,0.6219385147094727,0.5543400764465332,0.6409169514973958,0.5745982170104981,0.6370370864868165,0.5501921653747559,0.6777998606363932,0.5613396167755127,0.6758316040039063,0.5499220371246338,0.6789023081461588,0.5386488914489747,0.6800660451253255,0.6083441734313965,0.6259118715922037,0.5644691467285157,0.6389770189921061,141.57641927132133,151.93280234223334,132.7158560817778,173.74807337390533,163.4174707877171,0.6324444452921549,94.85366297260424,0.6574043114980062,110.19084438238247,0.6583884398142497,169.42930936106282,0.6779488245646159,103.76770339368008,0.678351084391276
0.6595282554626465,0.6256118774414062,0.5424531936645508,0.643431027730306,0.5769346714019775,0.6541451136271159,0.5562902927398682,0.6897059122721354,0.5719014167785644,0.6849554061889649,0.51096510887146,0.699472173055013,0.5423605442047119,0.6923444112141927,0.6259659767150879,0.6310611406962077,0.5596939325332642,0.648788070678711,116.25864857504077,134.8417638584469,125.74340047218614,146.03290666289368,165.02469469862288,0.6399246056874593,71.34902696486648,0.666871738433838,94.7550471602526,0.6692469914754232,165.9568439704069,0.6886499087015787,167.84033065014188,0.6945890426635741
0.6574753284454345,0.6293338139851888,0.5998494625091553,0.6563987731933594,0.5796260833740234,0.6550408045450846,0.5746965408325195,0.6907118479410808,0.5745348930358887,0.6897173563639323,0.5738931179046631,0.7134215037027994,0.5830403804779053,0.7117317199707032,0.6358349323272705,0.6318561553955078,0.5897377729415894,0.655719788869222,157.44000168665505,157.17047602875357,152.05689057687434,166.67144255910944,152.63024616795974,0.6437879721323649,114.09302453055356,0.6727185726165772,113.26030677367233,0.6732158184051513,68.87542156130009,0.7007245381673177,92.0261668817443,0.70206667582194
0.6305653095245362,0.6156370798746745,0.5638004302978515,0.652546501159668,0.575159740447998,0.6698373794555664,0.5720152854919434,0.6999884923299153,0.5757765769958496,0.7034916559855143,0.5808170318603516,0.7172434488932292,0.5813801765441895,0.725370724995931,0.6091423749923706,0.5957217852274577,0.5694800853729247,0.6611919403076172,154.3308041311086,156.6615644472606,176.13891402580217,164.40824530154126,121.20778173910233,0.6284568627675374,81.53344834766008,0.6823417981465658,86.26126460817234,0.6805902163187663,75.63437717291903,0.7144311904907227,62.97389004703337,0.7086159706115722
0.6547201156616211,0.6564822514851888,0.5304878711700439,0.6368349711100261,0.5558583736419678,0.6634427388509114,0.5613580703735351,0.6981698989868164,0.575640869140625,0.708976682027181,0.5147014617919922,0.7278543472290039,0.4858058452606201,0.7593147277832031,0.6144927978515625,0.6214614232381185,0.5431731224060059,0.6501388549804688,127.17074370262881,124.55319954876025,146.98361623959485,142.5865338015169,158.095085621823,0.6358001391092936,61.10931439721646,0.6795577685038249,69.26292244403197,0.6741543769836426,150.73640003933937,0.734145704905192,147.53415807922806,0.7130121231079101
0.6492520809173584,0.6451740900675456,0.5296479225158691,0.6304354985555013,0.5777148246765137,0.6534456253051758,0.547844123840332,0.7023875554402669,0.5777080535888672,0.7112353642781576,0.4483028888702393,0.7339399337768555,0.49617624282836914,0.770321273803711,0.5989317893981934,0.6063538233439127,0.5536813735961914,0.6419405619303385,149.43712362824934,157.5039225044076,150.05962941839013,156.4652883739061,141.81707224066307,0.6241471926371256,70.87696553524825,0.6765879631042481,95.51583972836974,0.6721640586853027,144.06924568199184,0.7407783190409343,162.41253202244306,0.7181637446085611
0.6539241313934326,0.6329715092976888,0.5286242008209229,0.6331523259480795,0.5725088119506836,0.6543678283691406,0.5152549743652344,0.7241561253865559,0.5829277515411377,0.7069391250610352,0.503098440170288,0.7432204564412435,0.6766319751739502,0.7219832102457683,0.6261349439620971,0.5918704350789388,0.5505665063858032,0.6437600771586101,132.29712545524347,163.74277329052404,157.30148345898016,172.98912103993263,145.5242646191933,0.6178152561187744,62.8778021762099,0.6753496011098226,113.71202966531226,0.683958101272583,9.120924121128562,0.7144611676534017,122.52397040512098,0.7336882909138998
0.6590231895446778,0.6656878153483073,0.5278365135192871,0.6194680531819662,0.5713179111480713,0.6376540501912434,0.5609563827514649,0.6981399536132813,0.5989827156066895,0.7096829096476237,0.48348407745361327,0.7518777211507162,0.591036319732666,0.7486785252888998,0.626183271408081,0.6392428398132324,0.5495772123336792,0.6285610516866048,127.54324975280103,122.7925764441095,149.4398024407013,152.9363112501427,7.938021193639997,0.6339019457499186,58.65740450520946,0.6691219806671143,80.71187881279751,0.6633505026499431,101.51784405716032,0.7291807174682617,145.253336839061,0.7250088373819987
0.6637898921966553,0.6530179341634115,0.5332251071929932,0.6182758967081706,0.5756584644317627,0.6533520380655925,0.5665480613708496,0.7102264404296875,0.58046875,0.7065432866414388,0.4734987258911133,0.7507902781168619,0.4802823066711426,0.7680759429931641,0.633370041847229,0.6149672826131185,0.554441785812378,0.6358139673868816,129.78339136523562,135.71070001849722,150.8368867476429,148.69972454730546,165.20479069580577,0.6253906250000001,69.79740172082442,0.6711786270141602,80.759425192727,0.6730202039082845,148.44252506688113,0.7373096148173015,156.4457333786545,0.7305083592732747
0.6602083206176758,0.6593725204467773,0.537965965270996,0.6152077356974284,0.5848068714141845,0.6725844065348308,0.5710708141326905,0.7008336385091146,0.5741315841674804,0.7484764099121094,0.587191390991211,0.723872184753418,0.5921224117279053,0.7533854802449544,0.6271415472030639,0.6185924847920736,0.5613864183425903,0.6438960711161296,150.8496396861964,136.06150107211374,120.94302722225247,162.90140930265204,158.95250633207635,0.6312442779541017,83.05164954665165,0.6961862405141195,80.3470554951616,0.6723648548126221,15.262472722110173,0.750930945078532,55.01867261271352,0.7123529116312664
0.6542780876159668,0.6684229532877605,0.5337577819824219,0.6280995051066081,0.5773101329803467,0.6691214879353841,0.5737710475921631,0.6994151433308919,0.5724711418151855,0.7150950749715169,0.5872221946716308,0.7491530736287435,0.48418316841125486,0.7706237157185872,0.6232029438018798,0.6370015462239584,0.5555339574813842,0.648610496520996,132.69879377429857,121.87422978492695,152.4860094823557,177.63968368167303,170.26538675608919,0.6428060213724772,75.70770577114781,0.6818527857462564,70.25363834510699,0.674012819925944,147.83219712948588,0.7428593953450521,74.8669075157392,0.7242841084798177
0.6589596271514893,0.6685311635335286,0.5320824146270752,0.6350044250488281,0.5589696884155273,0.6709204355875651,0.575802993774414,0.7001431147257487,0.5715522289276123,0.7114134470621745,0.5865214824676513,0.7484974543253581,0.4856569290161133,0.7661386489868164,0.6234190464019775,0.6173412640889486,0.5455260515213012,0.6529624303181967,127.12807456136815,117.40927102548656,150.38023814655085,169.27355119985856,155.42495618808866,0.6351518472035727,65.99827547552508,0.6821879386901856,57.31076696325995,0.6765527725219727,147.49816818774005,0.7387760480244954,77.50159282463198,0.7243202845255534
0.6550813674926758,0.6693497975667317,0.5337932109832764,0.6357797622680664,0.5697583675384521,0.6743980407714844,0.577739143371582,0.7017450332641602,0.5717693328857422,0.7113519668579101,0.5994550228118897,0.7482863108317057,0.48636255264282224,0.7634379069010416,0.6235140085220336,0.6180074373881022,0.5517757892608642,0.6550889015197754,131.43552265190442,122.24172835381052,152.4977483177395,177.9194611451406,152.66557102186692,0.6365481694539388,70.43691155388822,0.6832204341888428,60.90479660860293,0.6784169673919678,148.6227722362926,0.7373949368794759,64.98652698477744,0.7250156720479329
0.6490252017974854,0.6733366012573242,0.5332482337951661,0.6233623504638672,0.5908454895019531,0.6743553797403972,0.5758920192718506,0.7001791000366211,0.570913553237915,0.7160573323567708,0.5967127323150635,0.713543955485026,0.47899537086486815,0.765865707397461,0.6236775159835816,0.6198719660441081,0.5620468616485597,0.6488588651021322,143.7357196836302,134.14809451260595,153.81940146476245,150.88411832661401,154.8108740474678,0.6343654155731202,82.48336791348473,0.6824580987294515,74.90219010891076,0.6745189825693767,151.54774215786776,0.7409615198771159,32.696482907008956,0.7068615277608236
0.6476767539978028,0.6794136047363282,0.5935686588287353,0.640400505065918,0.5834619045257569,0.6643061319986979,0.6422946929931641,0.6778472264607748,0.570698356628418,0.713129997253418,0.6791044712066651,0.7049163182576498,0.48590798377990724,0.7652040481567383,0.6245471477508545,0.635080591837565,0.5885152816772461,0.6523533185323079,161.73566852062189,137.900852847143,163.83424733067395,173.79386253995358,154.38816900779935,0.6437169551849364,106.33870887361324,0.6827416578928629,25.363097834737655,0.6651002724965414,148.44381272785367,0.7391670227050782,36.32993596158468,0.6913817723592123
0.6416685581207275,0.6859329223632813,0.6091371536254883,0.6372394561767578,0.5904175758361816,0.6626656850179037,0.6443139553070069,0.6813251495361328,0.5709302425384521,0.714017677307129,0.6798439025878906,0.7125054677327474,0.48684053421020507,0.7668631235758464,0.6360045909881591,0.6457084655761718,0.5997773647308349,0.6499525705973308,160.63028464451466,138.293928781895,166.1564899650708,176.7296459996588,173.31812204739302,0.6478305180867513,114.24100033099752,0.6819851239522299,35.16173001572763,0.6656388600667318,147.85304913585298,0.7404404004414877,41.26949279365025,0.6969153086344401
0.6503700256347656,0.6766207377115886,0.5845310688018799,0.6471899032592774,0.591595458984375,0.666732660929362,0.5758796215057373,0.6985531489054362,0.5761408329010009,0.7124607721964519,0.5962539672851562,0.7175169626871745,0.5832749843597412,0.7628035227457682,0.6223166704177856,0.6143488566080729,0.5880632638931275,0.6569612820943197,166.92028757088153,167.4511732092693,169.34394809275983,140.64947255598528,128.79357791043725,0.6356550693511963,102.12405235833559,0.6847110271453858,106.3270644339002,0.6777572154998779,81.93423031297328,0.7376321474711101,42.94644888380503,0.7080350557963053
0.643587064743042,0.6796163558959961,0.5935403347015381,0.6441466013590494,0.5909373760223389,0.6684996922810872,0.5764361381530761,0.6985562642415365,0.5707617282867432,0.7145909627278646,0.6823324680328369,0.7171948750813802,0.5763124942779541,0.7658000310262044,0.6211933612823486,0.6168253262837728,0.5922388553619384,0.6563231468200683,172.94695925453084,171.80891261963637,165.53647408372387,155.93736081420775,126.24387274647896,0.6365742365519206,110.233548976653,0.6854570547739665,110.51475985043133,0.6774397055308023,83.81362290689303,0.7401954968770346,9.982278925102555,0.7078755696614584
0.6428989887237548,0.6800525665283204,0.5929447174072265,0.6439669926961263,0.5911537170410156,0.668649419148763,0.5754828929901123,0.6983256022135417,0.5710606575012207,0.7144866307576497,0.6825960636138916,0.7166091918945312,0.5822105407714844,0.7647539774576823,0.6209455251693725,0.616624387105306,0.5920492172241211,0.6563082059224447,172.82749064004142,172.42423252931303,162.30967822528325,156.02448817493263,126.06074010630958,0.6364662965138753,109.83751275760882,0.6853974183400472,111.51797808053593,0.6773169040679932,77.49361110883802,0.739620304107666,9.686694616249106,0.7074673970540364
0.6562864780426025,0.6701353708902995,0.5487975597381591,0.630657958984375,0.5546128749847412,0.6383970260620118,0.5753676891326904,0.7007513046264648,0.5738873481750488,0.7053103764851888,0.593019676208496,0.740615971883138,0.493986988067627,0.7656337738037109,0.6267952442169189,0.6288875579833983,0.5517052173614502,0.6345274925231934,127.90486430017523,124.74916204499424,150.81319080152016,177.39397178805135,175.70463815017732,0.6317075252532959,72.59991186982847,0.6699189345041912,70.33765131888684,0.6676393985748291,142.94782327950932,0.7354720751444499,66.11634259842582,0.7206836382548014
0.6563068389892578,0.6698355992635091,0.5753623008728027,0.6447704950968425,0.5587533473968506,0.6386657079060872,0.5759206771850586,0.7012132008870443,0.5736091613769532,0.7049761454264323,0.5931442260742188,0.745535405476888,0.4940310478210449,0.7653390248616536,0.6340011119842529,0.6037715276082356,0.5670578241348266,0.6417181015014648,143.2613811060644,140.7298862447893,157.7533189798496,172.86876740871372,150.4534155326283,0.6227448145548502,84.08722591538073,0.6733471234639485,81.52708340608015,0.6714656511942545,142.81836646769509,0.735157585144043,68.763940781681,0.7233743031819662
0.6567303657531738,0.6713769912719727,0.5557217597961426,0.632115364074707,0.5499391078948974,0.6361413955688476,0.5758528709411621,0.7006292978922526,0.5733357429504394,0.7047654469807942,0.5749970436096191,0.7415526072184245,0.48782734870910643,0.7585985819498698,0.6295998811721801,0.6281327565511068,0.55283043384552,0.6341283798217774,127.52614146368695,124.35202992642205,149.7683825437233,167.14280847471525,175.53431699255196,0.6311305681864421,73.81245936431489,0.6694469134012858,70.90428562484776,0.667378838857015,147.8068973880377,0.731682014465332,91.19804942991243,0.7210909525553386
0.6566979885101318,0.6713008244832357,0.5549609184265136,0.6313715616861979,0.5545352458953857,0.6419972737630208,0.5759655952453613,0.7004335403442383,0.5738754272460938,0.704867172241211,0.588233470916748,0.7354175567626953,0.4877754211425781,0.7585585276285808,0.6272780179977417,0.6255812962849935,0.5547480821609496,0.6366844177246094,130.36753661584163,127.15982969022664,150.7371925427857,179.41010768524188,171.29654071038928,0.6311328570048014,74.3295695360395,0.6707757949829102,71.59109698220017,0.6685589790344239,148.05262664692626,0.7317128499348959,70.67571743327045,0.7179255485534668
0.65582275390625,0.6701096852620443,0.5544130325317382,0.6324590047200521,0.5585935592651368,0.6389874776204427,0.576390552520752,0.70118834177653,0.5732629776000977,0.7050849914550781,0.5890572547912598,0.7463969548543294,0.4938457489013672,0.7656778335571289,0.6305201768875122,0.6253722826639811,0.5565032958984375,0.6357232411702474,130.72666943666226,127.57673859922254,153.0835090833485,179.2610831132398,172.03904845356965,0.6305477619171143,76.41614827857259,0.6704041163126627,73.10205257763754,0.6684557914733886,142.65750997102703,0.7353814125061036,74.3480106638608,0.7237926483154298
0.6559748172760009,0.6698652267456054,0.5492555141448975,0.6312280654907226,0.5587224006652832,0.6381678263346354,0.5762822151184082,0.7014663060506184,0.5736917495727539,0.7050112406412761,0.5932440280914306,0.7408512751261394,0.49419102668762205,0.7662790934244792,0.634397315979004,0.6038943926493328,0.5539889574050904,0.634697945912679,133.36783992380913,130.7577958863952,152.05966354030454,176.99423164244817,159.03871602610724,0.619296169281006,74.34636720364513,0.6698545932769775,71.53637398964278,0.6680821259816487,142.38007538848186,0.7356451670328776,66.70004227531388,0.721158790588379
0.656259298324585,0.6702252705891927,0.5430580139160156,0.6299698511759441,0.5595399856567382,0.6437175114949544,0.5748429298400879,0.7009287516276042,0.5750921726226806,0.7053220113118489,0.5932069778442383,0.7410623550415039,0.5927652835845947,0.7525444666544596,0.629104733467102,0.6286657969156901,0.5512989997863769,0.6368436813354492,125.67111500944323,122.92473831612608,179.19881843488727,177.31829298575684,173.99987451857675,0.6327547391255697,70.83993528458505,0.6710828463236491,69.82739639732652,0.6688862164815267,69.48152407573384,0.7289332389831542,65.41245299871863,0.720995553334554
0.6562496662139893,0.6700457255045573,0.5484440803527832,0.6308369318644206,0.5595427036285401,0.6433601379394531,0.5751297950744629,0.7012768427530924,0.5746838092803955,0.7052368799845378,0.5932770729064941,0.7410081227620443,0.5926182746887207,0.747364616394043,0.6304675817489624,0.625612703959147,0.5539933919906617,0.6370985349019369,128.09428702879583,125.59100829411682,176.2444974990406,176.16084868652814,171.4584617351679,0.631355619430542,73.10892625905696,0.6711677074432374,71.77128340384935,0.6691876888275147,66.9397533495958,0.7263007481892904,65.45143095337602,0.7211424827575683
0.6557414054870605,0.6700454711914062,0.5483768463134766,0.6308870315551758,0.5591395854949951,0.6440495173136394,0.5748350143432617,0.7009619394938151,0.5747897148132324,0.7052778879801432,0.5931514739990235,0.7408683141072591,0.5926743984222412,0.7522585550944011,0.6295916318893433,0.6284096399943033,0.5537582159042358,0.6374682744344076,127.28212823501404,124.59379412765176,177.88676137793183,176.20134550563898,173.1880459595523,0.6329389572143554,72.76845560604168,0.6713730812072753,71.63635196474706,0.6692151069641114,69.15908296917908,0.7287682215372722,65.34554864787708,0.7209151268005372
0.6562804222106934,0.6698790232340495,0.5374654293060303,0.6259412129720052,0.5597166061401367,0.6512008666992187,0.5729035377502442,0.7001974741617839,0.5744776248931884,0.7124361673990885,0.5923952579498291,0.7404212315877279,0.5925403594970703,0.7520701726277669,0.6280831575393677,0.6287623723347981,0.5485910177230835,0.6385710398356119,128.04097679493086,120.78596956249638,176.66691898264008,177.4178088098546,172.96573463182236,0.633666706085205,70.6865916527706,0.6755036036173503,68.47004831306539,0.6693842569986979,65.49942805657555,0.7322531700134277,64.14599371517934,0.720309352874756
0.6562949657440186,0.6703713734944662,0.5377713680267334,0.6258701324462891,0.560087776184082,0.6515844345092774,0.5737298488616943,0.7002110799153646,0.574341106414795,0.7124743779500325,0.5929106712341309,0.740982182820638,0.5926323890686035,0.7531315485636393,0.6268774271011353,0.6351821899414063,0.5489295721054077,0.6387272834777833,126.7828766630359,118.77383719807897,176.68448941392452,178.07843461838573,177.39596396298336,0.6369547367095948,70.98723939418309,0.6756008307139079,68.03268449349689,0.6694691816965739,65.77746308003466,0.7328029632568359,64.8052954251973,0.7205966313680012
0.656413984298706,0.6705961227416992,0.5377696514129638,0.6256332397460938,0.5598715782165528,0.6526110331217448,0.5733556747436523,0.7001867930094401,0.5740405082702636,0.7125247319539388,0.5927311420440674,0.7405019760131836,0.5922952175140381,0.7526017506917317,0.6271720886230469,0.6322336514790853,0.5488206148147583,0.6391221364339192,127.54406174746404,119.73237752646797,176.47326040707458,177.74989712911992,174.97560305650273,0.6356778939565022,71.03814325030666,0.6758234341939291,68.11031940940883,0.6696544647216797,65.51117644820522,0.7325632413228353,64.33107178434037,0.7203443845113118
0.6511821746826172,0.6656145731608073,0.5272128582000732,0.6317441304524739,0.5565351963043212,0.6425713221232097,0.5641132354736328,0.7033223470052083,0.5787376880645752,0.7052961349487304,0.48188152313232424,0.7529403686523437,0.5943056583404541,0.7526476542154948,0.6189810514450074,0.6294728597005208,0.5418740272521972,0.6371577262878418,123.62888162341594,124.81033537684611,173.78182338885594,148.49730421161155,174.30841520107845,0.6333152929941813,61.586103440364916,0.6712269306182861,71.42150800128707,0.6702400366465251,71.80045548132058,0.7289718945821126,148.89352204726188,0.728131357828776
0.6509864330291748,0.6700618108113606,0.5272085189819335,0.6316813151041667,0.5563038349151611,0.6427693684895833,0.5668335437774659,0.702975845336914,0.5793336868286133,0.7053452809651692,0.48153157234191896,0.7528697967529296,0.5947474002838135,0.7521728515625,0.6210728406906127,0.6293577194213866,0.5417561769485473,0.637225341796875,122.33770496365774,122.74154613941796,173.46954744559196,147.8331000823294,174.3352157652152,0.6332915306091308,61.11722592083589,0.6712853113810221,69.1230539612381,0.6701005935668944,71.78057772763079,0.7287590662638346,149.67622023600129,0.7279228210449218
0.649348258972168,0.6733314514160156,0.5301659584045411,0.6305192311604818,0.5544665336608887,0.6461329778035482,0.566387128829956,0.705751101175944,0.5751677513122558,0.7152306874593098,0.48339390754699707,0.7555869420369467,0.49334373474121096,0.7788338979085286,0.6190147638320923,0.6305800437927246,0.5423162460327149,0.638326104482015,129.48609197574058,125.35725706178964,147.0739975616951,147.6630578264198,174.23304605967206,0.6344530741373697,66.86917013221371,0.6767783959706624,70.35331564118681,0.6720386028289795,142.1414646820907,0.7470322926839192,149.0159895093442,0.7306690216064453
0.6492628574371337,0.6729007720947265,0.5301464080810547,0.630697758992513,0.5550528049468995,0.6514967600504558,0.5666984558105469,0.7058123270670573,0.5751274108886719,0.7151899973551432,0.4834007740020752,0.7556336085001628,0.49337038993835447,0.7787651062011719,0.6195495843887329,0.6274462699890136,0.5425996065139771,0.6410972595214843,129.44601055024165,125.57922035762415,147.54576035334378,148.21658516032335,169.94033950909298,0.6342717647552489,66.29781739991088,0.6781436284383138,69.5754793455714,0.6734547932942708,142.1309925672693,0.7469775517781576,149.11588096915443,0.73072296778361
0.649376392364502,0.6726635615030925,0.5303457260131836,0.6306599299112956,0.5548478603363037,0.651591936747233,0.5671423435211181,0.7057076136271159,0.5750445365905762,0.7152779897054037,0.483354377746582,0.755695088704427,0.49332413673400877,0.7787834803263346,0.6197915554046631,0.6274350166320801,0.5425967931747437,0.6411259333292643,129.3723950914755,125.26339062813148,147.54516834419437,148.163061519898,169.9428564547948,0.6342804749806722,66.36658925867549,0.678201961517334,69.18971132074816,0.6734167734781901,142.14897249929368,0.7470307350158691,149.1799122871046,0.7307013511657714
0.6511483192443848,0.6653551737467448,0.5271761894226075,0.6317884445190429,0.5561304092407227,0.6430795669555665,0.5677019119262695,0.7030081431070964,0.5789437294006348,0.7052817662556966,0.4810649871826172,0.7524105707804362,0.5945719242095947,0.7522234598795573,0.6218660831451416,0.6290123621622722,0.5416532993316651,0.6374340057373047,121.83633117708878,122.13133371617582,173.66405026141612,147.48035199009595,174.00640070648447,0.6332231839497884,61.20596115324317,0.6713578859965006,68.33508813364861,0.6702210744222006,71.58596550948059,0.728752613067627,150.3071868197298,0.7277093569437663
0.6508455753326416,0.6699714660644531,0.5305152893066406,0.630491574605306,0.5563518524169921,0.643316650390625,0.567885446548462,0.7028846740722656,0.579577112197876,0.7086628595987956,0.4805299282073975,0.7524264017740886,0.5947055339813232,0.752275021870931,0.62191321849823,0.629017957051595,0.5434335708618163,0.6369041124979655,125.27309802407616,123.48311767888188,175.17008131489328,148.1277336630272,174.261802312079,0.6329610347747803,63.266457580233975,0.6727834860483806,69.66569165347187,0.6698943932851156,70.86908714384894,0.7304689407348632,150.44123018566694,0.727655537923177
0.6506749153137207,0.670184071858724,0.5300885200500488,0.6300619761149089,0.5560944557189942,0.6437820434570313,0.5675293445587158,0.7026744842529297,0.5798031330108643,0.7087082544962565,0.48064537048339845,0.7524972279866536,0.5946015357971192,0.7523324966430665,0.6195748329162598,0.6296425819396972,0.5430914878845214,0.63692200978597,126.21133677156904,124.13648006739191,174.6860059742872,148.21435294006133,174.5631574271712,0.6332822958628337,62.914696594970145,0.6728151321411133,69.61168975869424,0.6697982470194499,71.26181540281068,0.7305203755696614,150.16831712075535,0.7275858561197917
0.6493288040161133,0.6784834543863932,0.5311278820037841,0.6313488006591796,0.5548815727233887,0.6522462844848633,0.5690577983856201,0.7021121342976888,0.5750375747680664,0.7145922342936198,0.48109889030456543,0.7524024327596028,0.49333581924438474,0.7785331090291341,0.6197745323181152,0.6337644894917807,0.5430047273635864,0.6417975425720215,127.28452933028403,120.0610044139944,148.01065004287483,148.99451075570408,174.02641221192553,0.6377810160319011,66.2484065664824,0.6781948884328206,66.6379231963589,0.6719548384348552,141.9527963729298,0.7465626716613769,150.24133915109476,0.7272572835286458
0.6495448589324951,0.6778664271036784,0.5312078475952149,0.6315929412841796,0.5498534679412842,0.6498816808064779,0.5674371242523193,0.7056066513061523,0.5745553970336914,0.715069071451823,0.4810330867767334,0.7526008605957031,0.49326486587524415,0.7786424001057942,0.6225703716278077,0.6272921562194824,0.5405306577682496,0.6407373110453287,126.72529662244219,122.32686428424219,146.94592858389152,146.54873805309765,170.692765739616,0.6340147336324056,65.4044593648873,0.6779031912485758,67.47233290311503,0.6731719811757405,141.97278479302886,0.7468557357788086,151.4587150978638,0.7291037559509277
0.6510969161987304,0.665400505065918,0.5268733501434326,0.631527837117513,0.5560354709625244,0.6428059260050456,0.5678995609283447,0.702662467956543,0.5804084300994873,0.7049959182739258,0.48247108459472654,0.752128791809082,0.5941416263580322,0.7533501307169597,0.6218238353729248,0.6289539019266764,0.5414544105529785,0.6371668815612793,121.55696356719258,121.82388317174916,171.46168438535847,147.23339383928848,174.16517875205915,0.6330603917439779,60.131373439287394,0.6710813999176026,68.0126235567973,0.6699146747589111,74.14479576410196,0.7291730244954427,149.92753324916683,0.7273956298828125
0.6509849071502686,0.6655068079630534,0.5302120685577393,0.6296483357747396,0.5614100456237793,0.6456280390421549,0.5695611953735351,0.7000471115112304,0.5801923274993896,0.7053263982137045,0.4830812931060791,0.7513210296630859,0.5942967891693115,0.7533589045206706,0.6224233865737915,0.6263209025065104,0.5458110570907593,0.6376381874084472,124.94636861333629,123.5245595097299,173.6314064260735,149.5534423193746,171.5969550342364,0.6319795449574788,63.07235109318364,0.6714822928110759,69.16533900894495,0.6688426494598388,73.63543535910189,0.7293426513671875,149.33630607903564,0.7256840705871581
0.6546461582183838,0.6850931803385417,0.5328370571136475,0.6238474527994792,0.5751458168029785,0.6478524525960286,0.573494815826416,0.6976813634236654,0.5812036991119385,0.7222318013509115,0.5974023342132568,0.7416455586751302,0.6003592491149903,0.7530570983886719,0.6228103160858154,0.6368572235107421,0.553991436958313,0.6358499526977539,136.53245961438375,123.45851474407894,169.7262621619801,173.7725794467478,0.8385525376232863,0.636353588104248,72.51437803382909,0.6790408770243327,72.4932490291547,0.6667656580607096,58.14222946387705,0.7376444498697916,61.462864604935284,0.7196634610493977
0.6547544002532959,0.68510316212972,0.532554292678833,0.623826281229655,0.5751544952392578,0.6477919896443685,0.5730717182159424,0.6976210912068684,0.5815707683563233,0.722169303894043,0.5973142623901367,0.7416217803955079,0.6003767013549804,0.7530115763346354,0.6228340625762939,0.6369270960489908,0.5538543939590455,0.6358091354370117,136.37623613027364,123.38158881151672,170.2775380946375,173.47623699196188,0.9285173225648009,0.6363681157430012,72.2065213863413,0.6789892196655274,72.72954144190186,0.66671511332194,58.62744267707522,0.7375904401143392,61.14706931768876,0.7196214358011881
0.654642915725708,0.685188357035319,0.532121229171753,0.6235595703125,0.5756896495819092,0.647880744934082,0.5712847709655762,0.6973428726196289,0.5824597835540771,0.7158642450968424,0.5920934677124023,0.7420113881429037,0.600286865234375,0.7531684875488281,0.6245564699172974,0.6339243570963542,0.553905439376831,0.6357201576232909,133.19777687354147,124.21972499428443,176.0071538887987,174.78389251248745,178.54397536134832,0.6348222573598226,70.38964730669211,0.6757922013600667,74.25006155565652,0.6665315151214599,64.45763447103232,0.7345163663228353,65.02168055570897,0.7196771303812664
0.6540821552276611,0.6857407887776693,0.5319426536560059,0.6233725865681966,0.5752503395080566,0.6425998687744141,0.5708186149597168,0.6973070780436198,0.5826024532318115,0.7156992594401042,0.5918807506561279,0.7370645523071289,0.6009099006652832,0.7479647954305013,0.6238270282745362,0.6370635986328125,0.5535964965820312,0.6329862276713054,133.00948067131404,123.66583150922573,172.7964954452731,172.28248468847298,3.3226887964591754,0.6350249131520589,70.67515895565234,0.6743427435557048,75.01047377318271,0.6651466528574626,60.42944728667805,0.7318320274353027,62.08690354639255,0.7171858151753743
0.6540451049804688,0.6808996836344401,0.5319013595581055,0.6233896255493164,0.5755410671234131,0.6474796295166015,0.5708574295043946,0.6972834904988606,0.5825122833251953,0.7156664530436198,0.5918593406677246,0.7372364679972331,0.6009178161621094,0.7481248219807942,0.6239133358001709,0.6369523048400879,0.5537212133407593,0.635434627532959,132.51665806472857,123.18500561115953,173.16935459928712,172.80814186335343,1.238642662119588,0.6361934661865234,70.2595518220996,0.6755505402882893,74.51375725095458,0.6663590590159099,60.4445758656456,0.731895637512207,62.27063346626344,0.7172599792480469
0.6509155750274658,0.6716541290283203,0.5310033798217774,0.624377950032552,0.5604482650756836,0.6452767690022786,0.5688541889190674,0.6996733983357747,0.5797093391418457,0.7052822113037109,0.4864447593688965,0.7506848653157552,0.5904539108276368,0.7587408065795899,0.6232984781265258,0.6299209276835124,0.5457258224487305,0.6348273595174153,124.20472733587991,122.39711238400216,171.51671612171492,148.85508575723082,176.38089142689122,0.6323741436004638,64.24991398456059,0.6700547854105632,70.37041926391221,0.667250378926595,78.63561028127279,0.7320115089416503,148.24247731068058,0.725179131825765
0.6505990505218506,0.6717285792032878,0.5307352066040039,0.624619992574056,0.5664031028747558,0.6481706619262695,0.5688816547393799,0.6995929082234701,0.5797933578491211,0.7053518931070963,0.48641228675842285,0.7506613413492839,0.5904516696929931,0.7587384541829427,0.6252919435501099,0.6295254389444986,0.5485691547393798,0.6363953272501628,124.67325634907318,123.344909475634,172.39237769370925,150.31220278639202,174.88328464484545,0.6329603830973307,65.63852031574156,0.6708736101786296,72.18193951948251,0.6679941177368165,78.7096762413613,0.7320451736450195,148.232500720707,0.725127124786377
0.6505211353302002,0.671327273050944,0.5306973457336426,0.6248036702473958,0.5606608867645264,0.6404401779174804,0.5687367439270019,0.699847157796224,0.5800204277038574,0.7052851359049479,0.4864459991455078,0.7506370544433594,0.5905489444732666,0.7584751129150391,0.6253585338592529,0.6295445124308268,0.5456791162490845,0.6326219240824381,123.79953473080941,122.22052204103008,171.5740640282811,148.3354970408458,177.78819787926642,0.6310832182566324,64.70414520286018,0.6689535299936931,71.06851026391665,0.6662345409393311,78.80350596019382,0.7318801244099935,148.31709064885905,0.7252421061197917
0.6579193592071533,0.6681836446126302,0.5265185832977295,0.6276313145955403,0.582677173614502,0.6472709019978841,0.5611345291137695,0.7045886357625325,0.6231509208679199,0.7381816864013672,0.48800153732299806,0.7487487157185873,0.5993874073028564,0.7475854237874349,0.6271049499511718,0.629715124766032,0.5545978784561157,0.6374511082967123,143.6746952127525,133.0560838898014,89.45913996128745,152.01967555847983,173.90999054202928,0.6335831165313721,55.762425314386554,0.6878163973490397,84.43908971620029,0.6710198720296223,158.41022071554062,0.7428835550944011,148.8750545369919,0.7266686757405598
