0,1,2,3,4,5,6,7,8,9,10,11,12,13,14,15,16,17,18,19,20,21,22,23,24,25,26,27,28,29,30,31
0.6203480243682862,0.7735472361246745,0.5460061073303223,0.7219734191894531,0.49793329238891604,0.7150238672892253,0.4275470733642578,0.7471333185831706,0.29146676063537597,0.7554361343383789,0.4001169204711914,0.7812463760375976,0.36255617141723634,0.7852185567220052,0.6106903791427613,0.739021078745524,0.5219696998596192,0.7184986432393392,173.8395636679951,165.66573917136768,45.441860573007276,156.04867259226347,13.024309528951932,0.7287598609924316,170.89590381666812,0.736967388788859,163.12950950776144,0.7328159809112549,22.730913618247545,0.770327345530192,128.80260175335076,0.7641898473103841
0.5987926006317139,0.7749942143758138,0.5910788536071777,0.7140485127766927,0.5369223117828369,0.7142583847045898,0.46385822296142576,0.7593866984049479,0.40905938148498533,0.7509312311808268,0.4624781608581543,0.7698482513427735,0.4141815185546875,0.7648701985677083,0.5622456312179565,0.7307388623555502,0.5640005826950073,0.7141534487406412,174.15624343762235,171.92598323253125,88.52517776465635,126.26392532704591,96.04015950418119,0.7224461555480957,166.64704621895504,0.732542339960734,155.69180692236282,0.7367700735727946,69.82318961224257,0.7579007148742676,97.51492536685653,0.7646174748738607
0.5638209342956543,0.7827428817749024,0.5532291412353516,0.7192733764648438,0.5154308319091797,0.719369633992513,0.45195736885070803,0.7573335647583008,0.41648545265197756,0.7553055445353191,0.4414701461791992,0.7614561080932617,0.4020525932312012,0.762748908996582,0.5922755718231201,0.7392839431762696,0.5343299865722657,0.7193215052286783,168.2274346789953,162.55824641404294,170.89407528301334,177.05397565723305,19.008992133599946,0.7293027242024739,163.0198553126257,0.7373135248819986,155.22834117638288,0.7383275349934896,152.71877947330083,0.7590272267659506,158.54013419635086,0.7593948364257812
0.6009058952331543,0.7863475799560546,0.5529330253601075,0.7273994445800781,0.5160330772399903,0.7225471496582031,0.4528212547302246,0.75880552927653,0.4142152786254883,0.7541778564453125,0.4269989490509033,0.7584651311238607,0.3964479207992554,0.7559423446655273,0.6025230169296265,0.7479107856750489,0.5344830513000489,0.7249732971191406,168.25723574302535,161.6583604977401,173.0262127677643,161.93782086406347,18.62988113485062,0.7364420413970947,166.35107818323644,0.7395755767822265,157.49592270230096,0.7418894131978353,174.32851414559318,0.7550601005554199,0.7552481229400314,0.7586353302001954
0.6087039947509766,0.7783276875813802,0.5840547561645508,0.7291417439778646,0.5372424125671387,0.7286208470662435,0.45186100006103513,0.7585391362508138,0.3191819667816162,0.746339225769043,0.4579824447631836,0.7716741561889648,0.4242056369781494,0.7708079655965169,0.5346203327178956,0.7396557172139485,0.5606485843658447,0.728881295522054,177.64164317889697,177.60380675027926,30.196320563992295,87.63973913713421,157.51284012652954,0.7342685063680012,175.86473564634466,0.7376102606455486,164.75051912240022,0.7437102158864339,13.114989838407919,0.7585735956827799,65.01259788957688,0.7651066462198893
0.5620987892150879,0.7935979843139649,0.5576711654663086,0.7220211664835612,0.5284870624542236,0.7183457692464192,0.4463014602661133,0.7522184371948242,0.29241578578948973,0.757426389058431,0.4437058448791504,0.7811106363932292,0.40375456809997556,0.7876708348592122,0.5809641599655151,0.7432721138000489,0.5430791139602661,0.7201834678649902,174.35726391540612,165.48548364879818,41.042368093268394,126.64660868282279,31.35978270800902,0.7317277908325195,171.54896286518388,0.7388049284617106,161.68462086738933,0.7362009525299071,15.197301007366805,0.7725486119588216,95.13355314442715,0.7666645367940267
0.4707705020904541,0.7882059733072917,0.5785652160644531,0.7265820821126302,0.5509401321411133,0.7304528554280599,0.45696406364440917,0.767507807413737,0.44018263816833497,0.7753841400146484,0.47487192153930663,0.7908540725708008,0.45469155311584475,0.79602476755778,0.5317740201950073,0.7401658058166504,0.5647526741027832,0.7285174687703451,179.5851384893592,179.8099036045103,86.41883525499969,87.25298751958236,160.5463523225609,0.7343416372934977,159.38232078617122,0.7519508043924967,160.1134393366553,0.7480126380920411,54.89546848873134,0.7857044537862141,52.50982766488604,0.7791809399922689
0.568035364151001,0.7932109196980794,0.5574346065521241,0.7189512252807617,0.5191946029663086,0.7146252950032552,0.4552098274230957,0.7637657801310221,0.29201154708862304,0.7607892990112305,0.4400071144104004,0.7728890101114909,0.380808424949646,0.7775811513264974,0.5963889837265015,0.7495397249857585,0.5383146047592163,0.7167882601420085,171.98783959818743,156.27540787451244,31.813580739760006,178.7437405014234,29.421138307859593,0.7331639925638835,169.87119167508246,0.7387887795766195,150.52136550793594,0.7402770201365153,10.708415321608953,0.769185225168864,149.03180378655546,0.7683273951212566
0.47295389175415037,0.7884256362915039,0.5792979240417481,0.7163021723429362,0.5397344589233398,0.7194130579630534,0.45685229301452634,0.7706939697265625,0.4183655738830566,0.7747884750366211,0.47479472160339353,0.7943855285644531,0.44088244438171387,0.7951223373413085,0.5359527587890625,0.739555295308431,0.559516191482544,0.7178576151529948,174.71412914919648,174.25478334726822,75.15932844706268,94.95324087658564,137.3605088592265,0.728706455230713,158.03409827046866,0.746323045094808,152.76721727493336,0.7442757924397787,42.08361770589387,0.7849554061889648,52.86210652082031,0.7825397491455077
0.5663908958435059,0.7952108383178711,0.5796944618225097,0.7090727488199869,0.5295359134674072,0.7075063069661458,0.4590909957885742,0.7677207946777344,0.44166998863220214,0.7708742141723632,0.4386573314666748,0.7603010813395182,0.3840105295181274,0.7640339533487955,0.5959126234054566,0.7542903264363607,0.5546151876449585,0.7082895278930663,157.14524673291123,153.7180237352162,155.13989589384258,135.88535459955085,48.08394032664117,0.7312899271647135,151.00848352265686,0.7395818710327148,148.11180617596386,0.7380051612854004,6.765496777751395,0.7674540837605794,19.9565784414861,0.7640109380086263
0.5992871284484863,0.7882500966389974,0.5991409301757813,0.7001763025919596,0.5652442455291748,0.7027043660481771,0.46240696907043455,0.7659913380940755,0.45282645225524903,0.7661068598429362,0.4678380012512207,0.7628212610880534,0.43851699829101565,0.7613666534423829,0.5631903409957886,0.7469677289326986,0.5821925878524781,0.7014403343200684,163.27910698694438,162.36955335719213,139.03107127010614,2.046871475425151,112.65470564798206,0.7242040316263835,153.44081033255122,0.7337735970815022,151.68031596676084,0.7337158362070719,18.328172990136864,0.7637367566426596,149.7280202985992,0.7644062995910644
0.4698455810546875,0.7856063842773438,0.6001639842987061,0.7057383219401042,0.5597129344940186,0.7105337778727213,0.4587188720703125,0.7704133987426758,0.4212795257568359,0.7721361796061198,0.4654674530029297,0.7735973993937174,0.4292603492736816,0.7808170954386393,0.5391294956207275,0.7376280784606933,0.5799384593963623,0.7081360499064128,174.35250814849275,174.9897624276011,73.15682406568943,55.021575467482094,144.14492268469417,0.722882064183553,158.03174751673035,0.7401361147562663,152.8078738118497,0.7392747243245443,47.406036540459354,0.7764766375223795,25.25807845673931,0.7720053990681965
0.6197073936462403,0.7899760564168294,0.6009718894958496,0.7034741719563802,0.5217808723449707,0.7112984975179036,0.47523932456970214,0.7564976374308269,0.29442975521087644,0.75718568166097,0.4589505195617676,0.768841807047526,0.38591601848602297,0.7677434285481771,0.604462170600891,0.7409026463826498,0.5613763809204102,0.7073863347371419,172.43927860728922,157.19158647221664,25.56580397292285,173.80774264064272,37.8792438340094,0.7241444905598958,169.43284200419686,0.7322860081990559,150.3102429108198,0.7319419860839844,6.582957997644354,0.7624645551045736,142.84400441404622,0.7626697222391765
0.6012656211853027,0.7818450927734375,0.606927490234375,0.7073031107584635,0.5597686290740966,0.7105468114217123,0.5274166584014892,0.7867606480916342,0.4491081714630127,0.7641080856323242,0.5207525730133057,0.7691516876220703,0.4479015350341797,0.7683196385701497,0.5620540618896485,0.7375279426574708,0.5833480596542358,0.7089249610900878,170.8962425937333,179.4277136419244,129.6652803966206,66.83394982886134,126.6664951957965,0.7232264518737793,157.65349268862735,0.7365165233612061,125.70038169170367,0.7478428045908609,105.98734109846964,0.766213862101237,69.27092468863803,0.7779561678568523
0.6428780555725098,0.7803918202718099,0.6012921333312988,0.7027013778686524,0.5404534339904785,0.7104037602742513,0.5189908027648926,0.7792002360026041,0.4569527626037598,0.761538569132487,0.4836439609527588,0.778341801961263,0.45241684913635255,0.7778472900390625,0.627315902709961,0.7493971506754558,0.5708727836608887,0.7065525690714518,158.31115525564377,140.91584723463166,136.5850913091839,139.1544412718757,37.20123809596669,0.7279748598734538,154.23469924303606,0.7340455691019694,125.53286784704567,0.742876402537028,105.54274317710946,0.7696929295857747,1.3912128660434746,0.7787710189819336
0.6280274868011475,0.7774877548217773,0.5946832656860351,0.7019660949707032,0.5321778774261474,0.7070968627929688,0.47211084365844724,0.7508610407511394,0.43178210258483884,0.7535207748413086,0.43327841758728025,0.7615716934204102,0.3080335855484009,0.7485617955525716,0.620462965965271,0.7417573610941569,0.5634305715560912,0.704531478881836,163.15617702587133,156.61136261527926,167.92359915960358,171.75395708156904,33.13307526514325,0.7231444199879964,159.58865716809478,0.7290261268615723,153.09979058077522,0.7276962598164877,2.2947882362704775,0.7510412851969401,164.58022545828,0.7562163670857748
0.6275083541870117,0.777241325378418,0.601261043548584,0.7027655283610026,0.5329935550689697,0.7112058639526367,0.4801544189453125,0.7443106969197592,0.42221245765686033,0.7469935099283854,0.44602174758911134,0.7654976526896159,0.38485586643218994,0.7623343785603841,0.6177189350128174,0.7396477381388347,0.5671272993087768,0.7069856961568197,166.7181012749644,158.71446621556078,174.56546839906198,173.95858576345705,32.84635240925647,0.7233167171478272,164.56633711577038,0.7269896030426026,156.77308181420017,0.7256481965382895,157.6739907946951,0.7546639442443848,148.17114808039574,0.7549041748046875
0.6283868312835693,0.7827442804972331,0.5717761516571045,0.7051006952921549,0.5239008903503418,0.706631851196289,0.4617105007171631,0.7559055964152018,0.42301254272460936,0.7578989664713541,0.42126903533935545,0.7724641164143881,0.3852498531341553,0.7712296803792318,0.617259645462036,0.7428986867268881,0.5478385210037231,0.705866273244222,161.7873518890513,154.6238504005648,177.5427201785875,174.51408297762592,28.07750754111018,0.724382479985555,157.37158252913218,0.7318826198577881,149.84393774326696,0.7308859348297119,160.55631458341665,0.764564323425293,157.73364254651074,0.7641848564147949
0.6141903877258301,0.7808146158854167,0.5718454360961914,0.7085784912109375,0.5230165481567383,0.710572878519694,0.4671454429626465,0.7597119013468424,0.42088961601257324,0.7630051930745443,0.44327406883239745,0.7729924519856771,0.38631086349487304,0.7715007781982421,0.6131251335144043,0.7406341552734375,0.5474309921264648,0.7095756848653157,163.74692071157355,155.46195962042225,172.7796615864401,177.75337075098355,25.303558584682463,0.7251049200693767,157.10909204921944,0.7362904389699301,148.01630494596083,0.7346437931060791,166.1965170064386,0.7672529856363932,150.91115329585799,0.7663521766662598
0.6280464649200439,0.7823359807332356,0.5719840049743652,0.7084130605061849,0.5152591228485107,0.7110774358113606,0.4628146648406982,0.7564600626627604,0.42010178565979006,0.7583913167317708,0.4334561824798584,0.7682287216186523,0.38579769134521485,0.771374257405599,0.6145837306976318,0.7433467547098795,0.5436215639114379,0.7097452481587727,162.9273082656121,154.9058739749292,179.3996979127786,173.8814221742509,25.338162191900295,0.7265460014343261,158.50388151687864,0.7340682824452718,149.9676091928309,0.7331026554107666,159.27003897236375,0.764882787068685,158.1560954200361,0.7623443921407064
0.6205353736877441,0.783309809366862,0.5728065967559814,0.7092590967814127,0.516139554977417,0.7080325444539388,0.46402297019958494,0.7567127227783204,0.4201210498809814,0.7582619984944662,0.43417820930480955,0.7644876480102539,0.386505651473999,0.766864013671875,0.6163922786712646,0.7466299692789713,0.5444730758666992,0.7086458206176758,161.63978344764482,152.92867256766561,174.1225544375433,167.7488011373538,27.840787775395,0.7276378949483235,158.2481119414459,0.733453909556071,149.142751308348,0.7326792716979981,165.6463051538264,0.7625630060831705,165.39829692707517,0.7606001853942872
0.6287909030914307,0.7825226465861003,0.562699842453003,0.7097716013590495,0.5140424251556397,0.7070574442545573,0.4619109630584717,0.7566538492838542,0.4087239742279053,0.7578384399414062,0.423157262802124,0.763569196065267,0.3063241958618164,0.7492518742879232,0.617040753364563,0.7427005767822266,0.5383711338043213,0.7084145228068034,163.28845628864326,152.89153221493385,165.22563719081123,164.53640567786996,23.548694592337426,0.725557549794515,159.1322197276885,0.7331264813741047,147.7518483679528,0.7325341860453287,4.793230359685964,0.7535451571146647,169.88243051586042,0.7601115226745605
0.6269036293029785,0.7862785339355469,0.5730077743530273,0.7134971618652344,0.5243257045745849,0.711227289835612,0.4669017314910889,0.7605035146077473,0.4071821212768555,0.7630044937133789,0.4602668762207031,0.7684343973795573,0.3858195304870605,0.7714818954467774,0.6062204122543335,0.7352471033732096,0.5486667394638061,0.7123622258504232,168.24506911191702,159.7867187328308,178.30794412401912,162.30235733523898,21.68408989922156,0.7238046646118164,160.3059442073917,0.737683359781901,149.51143690170034,0.7364328702290852,158.3551404328272,0.7672431945800782,129.915337200211,0.7644689559936524
0.626990270614624,0.7862696329752604,0.5730151176452637,0.7136038462320964,0.5238974094390869,0.7111297607421875,0.4661463737487793,0.7604973475138347,0.2971890211105347,0.7559248606363932,0.4555532455444336,0.768194071451823,0.3860377550125122,0.7714829762776693,0.6060351610183716,0.7350219090779623,0.5484562635421752,0.712366803487142,174.03723296131253,160.0042699860534,29.932452940843746,175.00119862686591,21.477750161470993,0.7236943562825522,170.16531400328864,0.7341458320617675,149.68312392189895,0.7364320755004883,9.932244176034448,0.7637039184570312,143.99870508323136,0.7643457094828288
0.4458639621734619,0.7826944351196289,0.6046536445617676,0.7039297739664714,0.5590546607971192,0.7081190745035807,0.5245431423187256,0.7911294937133789,0.522428035736084,0.7918081283569336,0.545036506652832,0.7783021926879883,0.48991870880126953,0.7815685907999674,0.49799008369445796,0.7313748677571614,0.5818541526794434,0.706024424235026,123.27058161203408,122.08424992910219,123.10676873414735,30.96265263926048,163.18097506707028,0.7186996459960937,124.71203586513224,0.7489162762959798,123.9569066702111,0.7485769589742024,17.48298361225642,0.7866883595784505,147.95653744674775,0.7847158432006835
0.4470858097076416,0.7836876551310221,0.6041910648345947,0.7037787755330404,0.5674510955810547,0.7046410878499348,0.5243632316589355,0.7909595489501953,0.5194047451019287,0.7916880925496419,0.540785551071167,0.7740245183308919,0.48339118957519533,0.7722468694051107,0.5030398607254029,0.7343928972880045,0.5858210802078248,0.7042099316914876,126.85240595835967,124.0298579397772,118.04518550273886,11.294434391538603,159.9675744591734,0.719301414489746,127.20697942068526,0.7479490121205647,125.31570053020761,0.7475847403208414,28.36153587500715,0.7819674809773762,134.11941820171668,0.7824920336405436
0.4448403358459473,0.7828763961791992,0.604724645614624,0.7063957850138346,0.5667584896087646,0.7050994873046875,0.5250699043273925,0.7896650950113933,0.5224534034729004,0.7900305430094401,0.5394158840179444,0.7786319732666016,0.48751091957092285,0.7764686584472656,0.5094761610031128,0.7343681017557779,0.5857415676116944,0.7057476361592611,129.97344284970598,128.38492297561018,123.03581077369512,19.996784138670932,159.4301652143749,0.7200578689575194,126.90294200370977,0.7478890895843506,125.86663354265166,0.7477063655853271,21.212239736509588,0.7832496007283529,142.43704708308508,0.7841485341389974
0.5642369747161865,0.8008888880411784,0.5970418930053711,0.706676737467448,0.5503238201141357,0.7082502365112304,0.5217325210571289,0.7890846888224284,0.43597211837768557,0.7778825759887695,0.48741726875305175,0.7755322138468425,0.45565094947814944,0.775486437479655,0.559847640991211,0.7385123570760092,0.5736828565597534,0.7074634869893393,170.54817617743836,175.47154128981452,23.012983036783147,120.1733810657077,114.01750493827434,0.7229879220326743,152.9168366177315,0.7426730314890544,122.47597392915237,0.7482740879058838,173.05771196388483,0.7766845067342123,21.551059427091644,0.7823084513346354
0.5731464385986328,0.8001026153564453,0.6018649578094483,0.708931032816569,0.5508658409118652,0.7083325068155925,0.5110202312469483,0.7881237030029297,0.44549026489257815,0.7777792612711588,0.48825507164001464,0.7756500244140625,0.4617780208587646,0.7748721440633138,0.5589465141296386,0.7383627891540527,0.5763653993606568,0.7086317698160807,171.3084237240264,175.49733526471798,19.911373781336238,114.02315879672302,120.36529290851165,0.7234972794850667,152.1503986674497,0.7432055155436197,129.42140864614893,0.7483777364095052,169.88013732078153,0.7763257026672363,28.719588400337017,0.7818868637084961
0.5780577182769775,0.8004381815592448,0.5965852737426758,0.7060775756835938,0.5417994499206543,0.7049210866292318,0.5203763961791992,0.7883281071980794,0.4355013370513916,0.7773797353108723,0.47179327011108396,0.7643175760904948,0.42363681793212893,0.7677613576253255,0.583031678199768,0.7470840136210124,0.569192361831665,0.7054993311564128,163.3393352973141,153.86910704480903,117.80983449105777,122.57338826280261,71.5926393638288,0.7262916723887126,151.7348291956594,0.7414395332336425,120.5133955828024,0.7469137191772461,39.031134298773935,0.772570546468099,26.299293539511183,0.7763228416442871
0.5787454128265381,0.8038041432698567,0.5967088222503663,0.7060911178588867,0.5418020248413086,0.7049641291300456,0.5202553749084473,0.7883311589558919,0.4351032733917236,0.7774087905883789,0.469289493560791,0.7647711435953776,0.42345056533813474,0.7676900227864584,0.5835081100463867,0.7472169876098633,0.5692554235458374,0.7055276234944661,163.31622580929405,153.63926607248186,117.08023056292751,124.5377436194462,71.12555798160037,0.7263723055521647,151.81678275521602,0.7414682070414225,120.61546633000735,0.746929391225179,39.82929317166807,0.7725494066874186,24.80970060469795,0.7765511512756347
0.5659748077392578,0.8012308120727539,0.5972039222717285,0.7062801996866862,0.5427415847778321,0.7084143956502279,0.48234081268310547,0.7796498616536458,0.4354133605957031,0.7776313781738281,0.46884984970092775,0.7699518203735352,0.44915270805358887,0.7725915908813477,0.5738966941833497,0.743914540608724,0.5699727535247803,0.707347297668457,166.10438395405166,161.79622932310463,8.22583286137944,112.5279792233003,83.87516840171426,0.7256309191385906,152.42069372030082,0.7424893379211426,140.47495181593507,0.7434985796610514,159.8562473379079,0.7751114845275879,35.71064424371747,0.7748008410135905
0.578519058227539,0.8037258783976237,0.5916658401489258,0.706428591410319,0.5425508499145508,0.7083034515380859,0.4817370891571045,0.7794296264648437,0.43506832122802735,0.7776195526123046,0.4685216426849365,0.7697913487752278,0.4367807388305664,0.772601572672526,0.5827023029327393,0.7444270451863606,0.5671083450317382,0.7073660214742025,164.65533352637848,158.95199967271535,44.56718647644233,111.55392882363597,67.18037681490343,0.7258965333302816,151.98423634140627,0.7424927870432536,139.8316111352641,0.7433978239695231,108.84253387496753,0.7751105626424153,36.103986094228134,0.7746104876200357
0.5689144611358643,0.7979658126831055,0.5916633129119873,0.7063443501790364,0.5420198440551758,0.7083987553914388,0.4772035121917725,0.7747504552205403,0.42620067596435546,0.7777383168538411,0.4659203052520752,0.769778060913086,0.42394142150878905,0.7722941716512044,0.5847423076629639,0.7469074567159018,0.5668415784835815,0.7073715527852376,164.42455407225737,157.58441244606612,88.10453808975704,124.48607193496584,65.64033908935029,0.7271395047505697,153.41985688930248,0.7425549348195393,143.06864530249393,0.7410610040028889,67.46214074897242,0.7750162442525228,23.782598609420347,0.7722642580668131
0.5669350624084473,0.7979184468587239,0.591549015045166,0.7060209274291992,0.5419452667236329,0.7081018447875976,0.481143856048584,0.7798825581868489,0.43518614768981934,0.77787291208903,0.4683245658874512,0.7795332590738933,0.4360588550567627,0.7819093704223633,0.5797561407089233,0.7465519587198893,0.5667471408843994,0.7070613861083984,163.93319825948132,158.2878554816364,107.6007712519947,142.07372151567438,71.76706311245138,0.7268066724141439,151.709039036443,0.7424671490987143,139.61278616216794,0.7434719721476237,77.80007886233092,0.7798911412556966,1.5608051570550856,0.7797079086303711
0.5653453350067139,0.8012430826822917,0.5972001075744628,0.7058926264444987,0.5507933616638183,0.7076946894327799,0.5209938049316406,0.7887368520100911,0.4367533206939697,0.7823891321818034,0.47836904525756835,0.7803078333536784,0.44672117233276365,0.781471061706543,0.5693255662918091,0.7441253026326498,0.5739967346191406,0.7067936579386394,167.25297781506006,165.60367387802856,25.139491502243324,131.26268516593169,97.13213797076345,0.7254594802856446,151.15344974548805,0.7445913950602214,122.89581002122101,0.7477652549743652,174.73772499556387,0.7819300969441731,11.185886130285894,0.7845223426818848
0.3144234657287598,0.7516757329305013,0.6034607410430908,0.7027882258097331,0.5741013050079345,0.7057456334431966,0.5290832042694091,0.7870388031005859,0.4588435173034668,0.7705289204915364,0.53970947265625,0.7685681025187174,0.475628137588501,0.7685425440470378,0.47655682563781737,0.7320741653442382,0.5887810230255126,0.7042669296264649,141.75151968308523,100.49904687246254,22.849124628094245,7.437134072261845,166.08337750749553,0.7181705474853515,152.98056599837676,0.7373979250590006,125.80039199001352,0.7456528663635253,173.25072136034726,0.7695357322692871,119.91199121628794,0.7778034528096517
0.36193017959594725,0.7440878550211588,0.6082531929016113,0.7054611841837565,0.5741096496582031,0.7060326258341472,0.5282052516937256,0.7886763254801432,0.45697660446166993,0.7699913660685221,0.5396870136260986,0.7685386021931966,0.47405614852905276,0.7684827168782552,0.48680539131164546,0.7333313941955566,0.5911814212799071,0.7057469050089518,154.71455450896687,105.98943488238237,23.126959580134912,9.664458633892089,165.19632998508362,0.7195391496022542,154.41934800133745,0.737869135538737,127.21284724990181,0.7472116152445475,174.95212116588112,0.7692370414733887,119.69013974432676,0.7786074638366699
0.37052972316741944,0.7445512771606445,0.6082647800445556,0.7054795583089193,0.5740915775299072,0.706030527750651,0.5280570030212403,0.7885748545328776,0.4488208770751953,0.7667655944824219,0.5393566131591797,0.7685116449991862,0.4737083435058594,0.7684944788614909,0.4876031637191772,0.7333985964457194,0.5911781787872314,0.7057550430297852,162.49107039266468,106.43920906699324,32.08006183982956,10.160120184798707,165.05642128895843,0.7195768197377523,156.80131452069628,0.7362603187561035,127.31286222032408,0.7471649487813314,3.9738433590204085,0.7676300366719564,119.38823432952003,0.7785432497660318
0.3794365167617798,0.7450992584228515,0.6038250923156738,0.7053506215413411,0.5651795387268066,0.7061159133911132,0.5275479793548584,0.7884845733642578,0.44704155921936034,0.766766103108724,0.5391280174255371,0.7686326344807942,0.46784262657165526,0.7688990910847981,0.4973595142364502,0.7351217269897461,0.5845023155212402,0.7057332674662271,171.7760021846086,115.96421685116913,34.288268786344524,5.550020097005353,161.3635872022636,0.7204274972279866,156.05868847369953,0.7362496852874756,124.53804490214644,0.7471089204152425,5.85477381364945,0.767832597096761,120.25587811305573,0.7785586039225261
0.3806982278823853,0.7451070785522461,0.6080395221710205,0.7053329467773437,0.5655928611755371,0.7058666865030925,0.5275629043579102,0.7885018666585286,0.4473846912384033,0.7667619069417317,0.5389310836791992,0.768543561299642,0.46785974502563477,0.7688184102376302,0.4979362964630127,0.7352323214213053,0.5868161916732788,0.7055998166402181,171.73258004721535,115.36390716498896,33.72362817723967,7.596755830976369,161.56164383075657,0.7204160690307617,156.3151816838785,0.7361808617909749,125.55485259519384,0.7470508416493733,5.735521817060579,0.7677901585896809,119.66568427162493,0.7785227139790853
0.45459413528442383,0.7874162673950196,0.6060861587524414,0.7054686864217122,0.5676263332366943,0.7057960510253907,0.5281634330749512,0.7890759785970052,0.4580393314361572,0.7653422673543294,0.5405670166015625,0.7743054707845052,0.48363304138183594,0.7739143371582031,0.5210235834121704,0.7407763799031575,0.5868562459945679,0.7056323687235515,176.43846985549732,136.4692937469783,52.00174592679484,6.039961223318975,151.90498269424717,0.7232043743133545,155.131084038768,0.7354873180389405,125.12190017729797,0.7473541736602783,18.517180040984808,0.7696283022562662,130.0219728656238,0.7816907246907552
0.3806282997131348,0.7450843811035156,0.608007287979126,0.7052345911661784,0.5654787063598633,0.7058296203613281,0.5274482727050781,0.7885854085286458,0.4476788520812988,0.7667657852172851,0.5390483379364014,0.768542734781901,0.46799383163452146,0.7688116073608399,0.4975840091705322,0.735295295715332,0.5867429971694946,0.7055321057637532,171.52940785852377,115.20893402952531,33.80301865880057,7.062285352828634,161.53988032234614,0.7204137007395426,156.2348169194357,0.7361489454905192,125.52439939145701,0.7470587571461995,5.750589868748337,0.7677886962890625,120.06090015271364,0.7785640716552734
0.3793567895889282,0.7452441533406575,0.6082673072814941,0.7053052902221679,0.5657912254333496,0.705819574991862,0.5274561405181885,0.7886213302612305,0.45603365898132325,0.7674989064534505,0.5390307903289795,0.7684505462646485,0.47374563217163085,0.768451436360677,0.486004638671875,0.733423646291097,0.5870292663574219,0.7055624326070149,156.63873380108026,107.44516380168996,32.115024765687075,7.503577772703445,164.58187014742066,0.719493039449056,154.6945897909209,0.7365306695302327,125.64958691807931,0.7470918814341228,3.078336886923508,0.7679751714070637,119.84860133233428,0.7785359382629395
0.3796866416931152,0.7447658538818359,0.6082917213439941,0.7053231557210287,0.5740907192230225,0.7057225545247395,0.527568244934082,0.7886862436930339,0.45685477256774903,0.7674275080362956,0.5393447399139404,0.7684764862060547,0.4737865447998047,0.7682432174682617,0.48113188743591306,0.7309867540995281,0.5911912202835083,0.705522855122884,148.41296332799809,103.75571945960073,30.87035380475776,9.243789385645236,166.97296771854957,0.718254804611206,155.2588991854567,0.7364751815795898,127.41728507778453,0.7471045494079589,2.758163735418948,0.7678353627522787,120.22992515574963,0.7785813649495443
0.3427233934402466,0.7480302810668945,0.6082924842834473,0.7053137461344401,0.5657023906707763,0.7058427174886067,0.5276012420654297,0.788603401184082,0.457010555267334,0.7676048914591471,0.5392471313476562,0.772958246866862,0.4839034557342529,0.773318862915039,0.46994566917419434,0.7336402257283529,0.5869974374771119,0.7055782318115233,136.3582209866611,98.05055438442987,45.30330470275537,1.3390212008050746,166.51835174247051,0.719609228769938,154.4906295453724,0.7365915616353352,125.57992559952763,0.7470908164978027,11.995329896353889,0.770461877187093,126.66314020659657,0.780780824025472
0.44534912109375,0.7871962865193685,0.6060523986816406,0.7054912567138671,0.5676219940185547,0.705813471476237,0.5279437065124511,0.7889755884806315,0.46324810981750486,0.7658047358194987,0.5461954593658447,0.7739399592081706,0.49694118499755857,0.7744131088256836,0.4981502771377564,0.7405841509501139,0.5868371963500977,0.705652364095052,170.10059663983185,113.1274439513929,51.74420270166809,19.75938663276638,158.50163289369286,0.723118257522583,154.04722715705293,0.7357285499572754,125.25296091840443,0.7473139762878418,14.332115861959185,0.7701089223225912,140.51861122739734,0.7814577738444011
0.29927246570587157,0.7478157043457031,0.6061511039733887,0.7055244445800781,0.5675561904907227,0.7058449427286784,0.5281723499298095,0.7889380772908529,0.45838942527771,0.7654356002807617,0.546273136138916,0.7740404764811198,0.49701852798461915,0.7746449788411458,0.49803867340087893,0.740719731648763,0.5868536472320557,0.7056846936543782,173.00606309153102,112.81883626664366,50.92028978351813,19.848217543298748,158.47214408648972,0.7232022126515707,155.0560559720765,0.73556014696757,125.17816414813883,0.7473113854726156,13.40930276898561,0.7700402895609537,140.54438587694298,0.7814892768859864
0.619733190536499,0.7939905802408854,0.5616860389709473,0.710684076944987,0.51260347366333,0.7070733388264974,0.4422792911529541,0.7522801717122396,0.29737999439239504,0.7582138697306315,0.4030888557434082,0.762641970316569,0.30914523601531985,0.7450438817342122,0.6140988349914551,0.7467815081278484,0.5371447563171386,0.7088787078857421,170.44008954611752,157.24863431335044,39.21125712042841,172.9565860622076,26.221993785379993,0.7278301080067953,168.37282444654267,0.7335462888081868,155.41564883874153,0.7305794397989909,131.77560404794338,0.7516288757324219,165.19010784119976,0.7574610710144043
0.6207237243652344,0.7907417297363282,0.5615498542785644,0.7107248942057292,0.5125258922576904,0.7071190516153971,0.4407064914703369,0.7487562815348308,0.2973496913909912,0.7582147598266602,0.4029378414154053,0.7626426060994466,0.3091371297836304,0.7450614929199219,0.6135565519332886,0.7487315495808919,0.5370378732681274,0.7089219729105631,170.096744545501,157.542452350995,39.12386940558972,178.3557625269817,27.48613820773673,0.7288267612457275,168.37892884474314,0.7335683663686117,157.53425428287554,0.728839127222697,131.86544068888261,0.751638126373291,159.81313930551744,0.7556994438171387
0.6206486225128174,0.7905667622884115,0.5509085178375244,0.7160212834676106,0.511218786239624,0.7109312693277995,0.4333751678466797,0.7518210728963216,0.2976202487945557,0.7582949320475261,0.3951641321182251,0.7623877843221029,0.30911219120025635,0.7450642903645833,0.6133484363555908,0.7502895991007488,0.5310636520385742,0.7134762763977051,170.5844925942307,159.05648637965544,40.92298578206243,175.66373791510335,24.103225848092762,0.7318829377492269,169.13206117818322,0.7358856042226156,158.56894249162082,0.7326486746470133,130.97710446873066,0.7516796112060546,164.54198381258786,0.7571044286092122
0.6271833896636962,0.7898197809855143,0.5415725708007812,0.7165383656819662,0.504075574874878,0.7111703872680664,0.4329833507537842,0.7477987289428711,0.2955794811248779,0.7581223169962565,0.3947919845581055,0.7581883112589518,0.3090077877044678,0.7449104309082031,0.6137260913848877,0.750264581044515,0.5228240728378296,0.7138543764750163,170.39149290738087,158.52039326311103,36.27033285135139,176.11892478309875,21.82824510496917,0.7320594787597656,168.97666219851024,0.7359883467356364,159.30202439934246,0.7308265527089437,135.4654511378675,0.7515163739522298,164.78153508770563,0.7529935201009115
0.6267725467681885,0.789745012919108,0.5423061370849609,0.7165639241536458,0.5112267971038819,0.7108608245849609,0.4337803363800049,0.7479560216267903,0.29547653198242185,0.7580619812011719,0.3100004196166992,0.7451661427815756,0.30888326168060304,0.7448249816894531,0.6134185075759888,0.7503349622090658,0.5267664670944214,0.7137123743693033,170.53754571821244,159.02423276015966,36.50840354111934,170.45256603274208,22.91084674411718,0.7320236682891845,169.1453469007167,0.7358871777852376,159.78295395457616,0.7308341979980468,135.3649898900238,0.7514434814453125,1.2911724903046036,0.7465610822041829
0.6205377101898193,0.7905539830525716,0.5507843017578125,0.7159873326619466,0.5113032817840576,0.7108477274576823,0.43358745574951174,0.7479754130045573,0.2955817937850952,0.7579995473225911,0.30987088680267333,0.7452165603637695,0.3088578701019287,0.7448474884033203,0.6134004116058349,0.7503544807434082,0.531043791770935,0.7134175300598145,170.65659231052183,159.71753912250418,36.679613375900175,170.5409214270972,24.156238260418434,0.7318860054016113,169.27861893985798,0.7357085386912028,160.4755634089263,0.7306964715321859,135.26886578437401,0.7514235178629557,1.2774717240734503,0.7465959866841634
0.6205254077911377,0.7905523300170898,0.5507846355438233,0.715983517964681,0.5113043308258056,0.710849380493164,0.4336128234863281,0.7479745864868164,0.2955817937850952,0.7579996744791667,0.3098724603652954,0.7452157974243164,0.3088575839996338,0.7448469797770182,0.6133973121643066,0.7503572146097819,0.5310444831848145,0.7134164492289226,170.65588306059496,159.71158103354912,36.68150579316691,170.54108354207196,24.159432536938084,0.7318868319193522,169.2783659226102,0.7357080618540446,160.47085979698582,0.7306955178578695,135.2668636646514,0.7514233271280925,1.2771967347989346,0.7465951919555665
0.620492696762085,0.7905471165974934,0.550868558883667,0.7159732182820638,0.5113157272338867,0.7108633041381835,0.4336564540863037,0.7480297088623047,0.295566725730896,0.7579832077026367,0.3098501920700073,0.7452411015828451,0.30889272689819336,0.7448826471964518,0.613388180732727,0.750355847676595,0.5310921430587769,0.7134182612101236,170.66021898169527,159.7022686769318,36.451489589706036,170.524561001231,24.172353738447953,0.7318870544433593,169.28544814339003,0.7357007344563802,160.44376545317877,0.7307239850362142,135.4887690364324,0.7514329274495443,1.2903096652423471,0.7466354052225749
0.620432186126709,0.7905213038126627,0.5508901596069335,0.7159285227457682,0.5114377975463867,0.7108638763427735,0.4339310169219971,0.7478412628173828,0.29746830463409424,0.7583610534667968,0.3103416681289673,0.7454209009806315,0.30967183113098146,0.7451578140258789,0.6133558034896851,0.7503327369689942,0.5311639785766602,0.7133961995442708,170.5648110800669,159.69760687591017,39.09283855449708,170.6262920545146,24.198878742784302,0.7318644682566324,169.10894577325462,0.7358786265055338,160.49315905381113,0.7306187311808268,132.74667116832023,0.7517594337463378,1.1219315801796768,0.7466310818990072
0.6204505920410156,0.7907594680786133,0.5513303756713868,0.7158937454223633,0.5115777015686035,0.7108957290649414,0.4338842391967773,0.7477672576904297,0.2956974983215332,0.7580591201782226,0.31008899211883545,0.7454305013020833,0.309623646736145,0.7451723098754883,0.6135335683822631,0.7504230817159017,0.5314540386199951,0.7133947372436523,170.64864999838545,159.74636515887727,34.627928571848386,170.6839874145692,24.281451500336345,0.731908909479777,169.2723788061136,0.7357269287109375,160.59332865502046,0.730580997467041,137.21981802331362,0.7516157150268554,1.0813854652732857,0.7465988794962566
0.6204792022705078,0.7907594045003256,0.5515040397644043,0.7159802754720052,0.5119062423706054,0.7110422134399415,0.4417718410491943,0.7484960556030273,0.2956523895263672,0.7580858866373698,0.40355749130249025,0.7626043955485026,0.30956058502197265,0.7452770233154297,0.6135113477706908,0.7504407564798992,0.5317051410675049,0.7135112444559732,170.6843694026162,158.09478178765372,34.50587026826098,179.3018678338863,24.295690842279328,0.7319760004679362,169.3065593935253,0.7357985655466714,158.74354567911104,0.7310036500295003,137.35623174995277,0.7516814549763997,159.7363791082178,0.7555502255757649
0.6201592922210694,0.7906075795491536,0.5519200325012207,0.7160916646321615,0.5119517803192138,0.7110288619995118,0.44199981689453127,0.7485920588175455,0.29569861888885496,0.7580504735310872,0.40335373878479003,0.7625775655110677,0.30966088771820066,0.7452714284261067,0.6137864351272584,0.7504945755004883,0.5319359064102173,0.7135602633158367,170.69525038039836,158.08363421481954,34.34709547695467,179.02698387583655,24.28684674146953,0.7320274194081624,169.33449512169096,0.735805368423462,158.71815232332628,0.7310761610666912,137.53351557488938,0.751660950978597,160.10547711725636,0.7555848121643066
0.578303861618042,0.8012496948242187,0.596867561340332,0.7073333104451497,0.531440544128418,0.7109137217203776,0.5261208534240722,0.783618672688802,0.42606310844421386,0.763056755065918,0.5101981163024902,0.771475092569987,0.43220043182373047,0.7699298858642578,0.5678178548812867,0.7386130968729655,0.564154052734375,0.7091235160827636,168.4498707215014,164.23174855435641,72.97793701513666,93.5400812680055,82.91783070781177,0.7238683064778646,158.66621364414834,0.7360901355743408,117.04639930728965,0.7463710943857829,48.23691988509868,0.7664933204650879,37.331192820159856,0.7775468826293945
0.5785574913024902,0.8012266794840495,0.5968683242797852,0.7073610941569011,0.5313371181488037,0.7109259287516276,0.5261537075042725,0.7835760752360026,0.42587571144104003,0.763085683186849,0.5101123332977295,0.7714268366495768,0.43221125602722166,0.7699326197306315,0.5680380582809448,0.7386284192403159,0.5641027212142944,0.7091435114542644,168.44358676857553,164.03497145597657,71.96667347687263,93.7812700838177,82.39768904057256,0.7238859653472901,158.68211505764182,0.7361145973205567,117.01449873336611,0.7463597933451335,47.22157843133326,0.7665091514587403,37.13915714159944,0.7775014559427897
0.6168299198150635,0.7916419347127278,0.601163387298584,0.7019762674967448,0.5232756614685059,0.7112939198811848,0.46689743995666505,0.7611591339111328,0.2906643867492676,0.7577891031901042,0.46533980369567873,0.7693534215291341,0.40211095809936526,0.7677364985148112,0.5862125635147095,0.7397682189941406,0.5622195243835449,0.7066350936889648,172.8212179430605,160.39458722989556,25.988633813322433,133.68118837881585,54.090178994586864,0.7232016563415526,169.33195988358256,0.7322120984395345,150.23053050731713,0.7338971138000487,5.1005374929042295,0.7627628008524576,100.76283684695312,0.7652562777201335
0.617051649093628,0.791283925374349,0.6011960506439209,0.7021229426066081,0.5229092121124268,0.7116132100423177,0.46733574867248534,0.761206309000651,0.2906322479248047,0.7577978769938151,0.4653369426727295,0.7694702784220377,0.40217199325561526,0.7677586237589519,0.5863734960556031,0.7397936820983887,0.5620526313781739,0.7068680763244629,172.85626246075086,160.35485870202936,25.95244070940771,136.51120038378377,53.54815927736068,0.7233308792114258,169.37249807330423,0.732332976659139,150.15749033360277,0.734037192662557,5.1031034226161145,0.7627782503763835,103.59699612102435,0.7653382937113444
0.6171860218048095,0.7913288752237956,0.5896784782409668,0.7117577234903971,0.5229174613952636,0.7116349538167318,0.4673198699951172,0.7612917582194011,0.2906241178512573,0.7578116734822591,0.46524701118469236,0.7695025761922201,0.40218515396118165,0.7677630742390951,0.5865471839904786,0.7397950490315754,0.5562979698181152,0.7116963386535644,173.6368123558398,161.08581622063977,25.088921359482857,136.57909228978005,42.88923006746313,0.7257456938425699,170.1527854667099,0.7347540060679117,150.8651826824118,0.7364940484364828,5.0973726471547804,0.7627873738606771,104.16853249772426,0.7653971672058106
0.6172810077667237,0.791327158610026,0.6011579990386963,0.7020835876464844,0.5230129718780517,0.7115695317586263,0.46714301109313966,0.76138916015625,0.2905570983886719,0.7578227361043294,0.46529335975646974,0.7694896697998047,0.40226430892944337,0.7678287506103516,0.5867315769195556,0.7397980054219564,0.562085485458374,0.7068265597025554,172.84573865679732,160.34863278279394,26.00989756113486,135.78124440717087,53.22195725040616,0.7233122825622559,169.3630995742784,0.7323246479034424,150.1143984936573,0.7341078599294026,5.118527750776349,0.7628257433573404,102.86227144378788,0.7654394149780274
0.617252254486084,0.7913035710652669,0.6012840270996094,0.7021094004313151,0.5230230331420899,0.7115126291910807,0.46727805137634276,0.7613054275512695,0.29062438011169434,0.757818094889323,0.4655107021331787,0.7694156646728516,0.4020517349243164,0.767780621846517,0.5866742134094238,0.7396365165710449,0.5621535301208496,0.7068110148111979,172.87525045032177,160.4143819209421,25.956853578678995,135.22839539740772,53.240231253400836,0.7232237656911213,169.36090638561322,0.7323145548502604,150.12787688724438,0.7340582211812336,5.109131531930562,0.76279935836792,102.29346879710731,0.7653605461120605
0.6176298141479493,0.7912925084431967,0.5817827224731446,0.7127410888671875,0.5224815845489502,0.711563237508138,0.4673633575439453,0.761135482788086,0.290682053565979,0.7578209559122722,0.46147661209106444,0.7692339579264323,0.39351558685302734,0.7671819686889648,0.5870909214019775,0.7396782557169597,0.5521321535110474,0.7121521631876627,173.59443486322766,160.139215897504,24.334845712101682,158.21004689278226,38.21644897338126,0.7259152094523111,170.09182403253305,0.7349865595499674,149.9786970806971,0.7366438229878743,5.20134176038273,0.7625014623006185,126.01323590280616,0.7651847203572592
0.6175815105438233,0.791291618347168,0.5817917346954345,0.7127419153849284,0.5224927425384521,0.7115648269653321,0.4673623085021973,0.7611080169677734,0.29067072868347166,0.7578165690104167,0.4653966426849365,0.7693894068400066,0.40196948051452636,0.7677328745524089,0.5870625019073485,0.7396753946940104,0.5521422386169433,0.7121533711751302,173.59632744822366,160.14786999391185,25.40110052337299,136.77001572235778,38.24302501461713,0.7259143829345703,170.09380897298558,0.7349849700927735,149.9964874000136,0.7366306940714518,5.091397529149792,0.7627747217814128,103.3525931150085,0.76524871190389
0.6160960674285889,0.7916868209838868,0.6012745380401612,0.7019297281901041,0.53187575340271,0.7155895233154297,0.4771443843841553,0.7608738581339518,0.40676121711730956,0.7560319264729818,0.4740920066833496,0.7697468439737956,0.41188912391662597,0.7684239069620769,0.5773905277252197,0.7390414237976075,0.5665751457214356,0.7087596257527669,169.20851240035458,162.055734654662,88.61204665331098,142.38613914651307,70.34541389188917,0.7239005247751872,163.5220002703913,0.7323957761128743,149.76924452392376,0.7348167419433593,67.51981264724522,0.7622279167175293,108.98362454390363,0.7653103510538737
0.6161426067352295,0.7916577021280925,0.5898290157318116,0.7116190592447916,0.5313245773315429,0.7114565531412761,0.4762399196624756,0.7608110427856445,0.40678157806396487,0.7560469309488932,0.473710823059082,0.7696676890055338,0.411731481552124,0.7684226989746094,0.5810024976730347,0.7395362854003906,0.5605767965316772,0.7115378061930339,169.27294933916792,161.18397829231242,89.11578615400035,139.7272406563719,53.888166414764186,0.7255370457967123,163.8592856155117,0.7337923685709635,149.70468736307762,0.7361744244893391,68.2002018266861,0.7622348149617513,105.93717919945864,0.7652393658955892
0.5816981315612793,0.8034084955851237,0.5954516887664795,0.7128503163655598,0.5320821762084961,0.7139110565185547,0.46736855506896974,0.7679614384969076,0.4059463024139404,0.7680086135864258,0.46798319816589357,0.7632762908935546,0.41233010292053224,0.7660976409912109,0.5681165933609009,0.736343510945638,0.5637669324874878,0.7133806864420573,171.95571889171842,167.90497541945655,2.528690620597278,55.010185242882486,79.27400726526615,0.7248620986938477,160.9072507257323,0.7406946500142415,150.48146499755427,0.7406710624694824,163.33507806259698,0.7670531272888184,97.47393371384375,0.7656188646952311
0.40038237571716306,0.7872631072998046,0.6025657653808594,0.7047242482503255,0.5656746864318848,0.7063636144002279,0.5300394535064697,0.7869401295979818,0.470731258392334,0.77644837697347,0.5476230144500732,0.7814117431640625,0.5139247894287109,0.7824426651000976,0.4682131052017212,0.7414602279663086,0.584120225906372,0.7055439313252767,117.90201519971018,92.73784527751918,55.51014604095525,46.85601713347394,162.78328859417246,0.7235020796457927,147.981413703326,0.7409961541493734,123.6006190037368,0.7462420304616293,7.900898508748411,0.7794455210367839,162.54651168870035,0.7841759363810221
0.4000872611999512,0.787332280476888,0.6024189949035644,0.7047096888224283,0.5660220623016358,0.7063902537027995,0.5300733089447022,0.7871529261271158,0.5251363754272461,0.7892810821533203,0.5476298809051514,0.7814939498901368,0.5145952224731445,0.7861466725667318,0.46766536235809325,0.7413954734802246,0.5842205286026001,0.7055499712626139,94.59312547304256,92.68277974752576,114.2630110689709,46.40913031123497,162.90518646611133,0.7234727223714192,125.20838435953229,0.7474155267079671,123.5660577138141,0.7463514486948648,16.559834550981776,0.7877138773600261,162.13441108263333,0.7843234380086264
0.5759111881256104,0.8062925338745117,0.5980065822601318,0.7025777180989583,0.5653442859649658,0.7035049438476563,0.5296006679534913,0.7873190561930339,0.5245120048522949,0.7894830067952474,0.5406469345092774,0.7811225255330404,0.47855501174926757,0.7808933893839518,0.4957767248153686,0.7442859967549642,0.5816754341125487,0.7030413309733072,114.07622695074484,110.12098503456079,132.36181227059453,32.98914678575728,154.35179246860417,0.7236636638641357,123.47645610547255,0.7462621688842773,121.71170235124703,0.7451801935831706,10.586749405824946,0.7851881980895996,150.7092511594471,0.7842207908630372
0.431810998916626,0.7961821873982747,0.6015962600708008,0.7030333836873373,0.5652133464813233,0.7038599014282226,0.528892993927002,0.789115842183431,0.5245452880859375,0.7895622889200846,0.5410218715667725,0.7810722351074219,0.49054665565490724,0.7811883926391602,0.4854548454284668,0.7419439951578776,0.583404803276062,0.7034466425577799,106.26463998144101,104.89077561422786,126.22700158649816,27.814355165553632,158.54364349953144,0.7226953188578287,124.35236660882006,0.7465044657389323,122.46883395283126,0.7462812423706054,13.83659890744778,0.7853753407796225,146.44853049281454,0.7850940386454264
0.43115506172180174,0.7961685816446941,0.601762342453003,0.7030365626017253,0.5652579307556153,0.7038826624552409,0.5289767265319825,0.7891422271728515,0.5246662616729736,0.7895746866861979,0.5411283016204834,0.7810637791951497,0.4907167911529541,0.7811593373616537,0.48472342491149906,0.7418934822082519,0.5835101366043092,0.7034596125284831,105.70143483622768,104.39993324598126,126.13736954493353,27.74357091793495,158.7410234749006,0.7226765473683675,124.34545074241925,0.7465171496073405,122.47505205045695,0.7463009198506674,13.921792403427702,0.7853670120239258,146.38377565464666,0.7851030031840006
0.5758480072021485,0.8061760584513347,0.597969388961792,0.7031298319498698,0.5648430824279785,0.7040189107259115,0.5285067081451416,0.7893437703450521,0.5237738609313964,0.791827138264974,0.5385136604309082,0.7777371724446615,0.46851186752319335,0.7805215199788411,0.5044732093811035,0.7419205029805502,0.5814062356948853,0.7035743713378906,125.71071357425829,121.45988229683111,134.16008066062315,10.723943520657892,153.50671689647845,0.7227474371592204,123.146046773744,0.7477007548014323,121.6648154271543,0.7464590708414713,11.562149698220509,0.7861743291219075,130.76718579225508,0.7835404713948568
0.5784108638763428,0.8060602823893229,0.5983711242675781,0.7032480239868164,0.5646207809448243,0.7037943522135417,0.5276708602905273,0.789068603515625,0.4478125095367432,0.7758308410644531,0.5331795692443848,0.7781003952026367,0.4618581771850586,0.7762223561604817,0.5246426582336425,0.7458770116170247,0.5814959526062011,0.703521188100179,172.890308729188,143.81204395951372,32.88277713915671,6.269532918858361,143.31381205119743,0.7246990998586018,151.59095206784536,0.739676014582316,122.17745913703925,0.7462948958079021,1.596674225377395,0.7760265986124675,116.66778341124855,0.7835844993591309
0.579090166091919,0.8061707814534506,0.598417091369629,0.7032954533894856,0.5563318252563476,0.7038614273071289,0.5273708820343017,0.7890278498331705,0.44762163162231444,0.7758323033650716,0.5249381542205811,0.7784668604532877,0.46166210174560546,0.77626953125,0.5345034837722779,0.7458577473958333,0.5773744583129883,0.7035784403483072,169.9230364730523,159.04624151883272,33.920892612735955,47.97124794561277,135.39811382925774,0.7247180938720703,150.88841531613133,0.7397053718566894,120.33546247334782,0.7463031450907389,1.7836453680779765,0.7760509173075358,77.02817080930251,0.7837473551432291
0.579090166091919,0.8061707814534506,0.598417091369629,0.7032954533894856,0.5563318252563476,0.7038614273071289,0.5273708820343017,0.7890278498331705,0.44762163162231444,0.7758323033650716,0.5249381542205811,0.7784668604532877,0.46166210174560546,0.77626953125,0.5345034837722779,0.7458577473958333,0.5773744583129883,0.7035784403483072,169.9230364730523,159.04624151883272,33.920892612735955,47.97124794561277,135.39811382925774,0.7247180938720703,150.88841531613133,0.7397053718566894,120.33546247334782,0.7463031450907389,1.7836453680779765,0.7760509173075358,77.02817080930251,0.7837473551432291
0.5689141750335693,0.8069280624389649,0.5989237308502198,0.7051822026570638,0.556309986114502,0.7038605372111003,0.5273377418518066,0.7890185038248698,0.4475246906280518,0.7758200963338217,0.524870491027832,0.7784477869669596,0.46158876419067385,0.7762486775716145,0.5347168684005738,0.7458902676900228,0.5776168584823609,0.704521369934082,170.21991319008242,158.95483213898035,33.469367927628625,48.645668766872525,136.04089990131666,0.7252058188120524,151.27447513877976,0.7401707331339518,120.75430912308867,0.7467699368794759,1.7454615186492903,0.7760343869527181,76.86212132531489,0.7837331453959147
0.5689141750335693,0.8069280624389649,0.5989237308502198,0.7051822026570638,0.556309986114502,0.7038605372111003,0.5273377418518066,0.7890185038248698,0.4475246906280518,0.7758200963338217,0.524870491027832,0.7784477869669596,0.46158876419067385,0.7762486775716145,0.5347168684005738,0.7458902676900228,0.5776168584823609,0.704521369934082,170.21991319008242,158.95483213898035,33.469367927628625,48.645668766872525,136.04089990131666,0.7252058188120524,151.27447513877976,0.7401707331339518,120.75430912308867,0.7467699368794759,1.7454615186492903,0.7760343869527181,76.86212132531489,0.7837331453959147
0.5686949729919434,0.8069471995035807,0.5989416599273681,0.705145517985026,0.5562978744506836,0.7038322448730469,0.5273582935333252,0.78902587890625,0.447435188293457,0.7758207321166992,0.5247660636901855,0.7784580866495768,0.4614077091217041,0.7762985865275065,0.5308922767639159,0.7457817077636719,0.5776197671890259,0.7044888814290364,171.075922946848,153.93832050575384,33.671458921536264,49.329455899177375,138.53314485594927,0.7251352945963542,151.28040607456074,0.7401548067728678,120.73360086951651,0.7467573801676433,1.9587284571402728,0.7760596593221029,76.2177386772535,0.7837419827779134
0.3608555793762207,0.7551118850708007,0.6035536766052246,0.7024864832560221,0.5681185245513916,0.7133062362670899,0.5270332336425781,0.797021993001302,0.5222003936767579,0.791810671488444,0.678312349319458,0.7538410822550455,0.5651398658752441,0.8034828821818034,0.42107603549957273,0.7143722216288249,0.5858361005783081,0.707896359761556,90.26941690251455,94.5394608199394,92.9902199332815,137.64976493994018,177.7491592914089,0.7111342906951904,127.17455272140309,0.7498535156249999,123.41583136401752,0.752459176381429,15.2072246737713,0.7976467768351236,164.06920454951546,0.7754315376281737
