0,1,2,3,4,5,6,7,8,9,10,11,12,13,14,15,16,17,18,19,20,21,22,23,24,25,26,27,28,29,30,31
0.6395118713378907,0.7108148574829102,0.4712883472442627,0.6677934646606445,0.4943390846252441,0.7170504252115886,0.4112552642822266,0.6292739868164062,0.4037609100341797,0.7609141031901042,0.3611937999725342,0.7304492950439453,0.362794017791748,0.7358393351236979,0.6113443613052368,0.684716796875,0.4828137159347534,0.6924219449361165,159.2505949306501,154.06021957178544,128.642582586985,133.68926119569772,176.56934147927345,0.6885693709055583,139.09400898455365,0.7266680240631104,41.42733349790254,0.6608479658762614,31.46971517633625,0.7483767191569011,116.32616973989181,0.6798616409301758
0.6449838161468506,0.7196664810180664,0.4588013172149658,0.6738952000935873,0.4800844669342041,0.7247491200764974,0.4083385944366455,0.6318810145060222,0.42496552467346194,0.7473674138387044,0.3647023916244507,0.7300374984741211,0.3647230863571167,0.7359127044677735,0.6020521402359009,0.6852240562438965,0.46944289207458495,0.6993221600850423,152.12866397593416,147.57379745301571,149.97397753695424,130.31176779783203,173.9315010433318,0.6922731081644694,132.79163638658244,0.7233447869618734,47.82220009329586,0.6656015872955323,10.765903547401393,0.7416400591532389,113.96789870663463,0.6809592564900717
0.6587178230285644,0.7146079381306966,0.4722591876983643,0.6743935902913412,0.48507027626037597,0.7261496861775716,0.4098685264587402,0.6321425755818685,0.3993004322052002,0.7561549504597982,0.36511969566345215,0.7307111740112304,0.30412256717681885,0.8233037948608398,0.612195086479187,0.6857552528381348,0.4786647319793701,0.7002716382344564,163.1471632368457,150.1203661875322,179.97612101479407,129.42458837155624,173.79561217013728,0.6930134455362955,144.8492198660317,0.7282132943471273,44.7208391941862,0.6662071069081624,144.7966854260589,0.789729372660319,114.41741588608177,0.6814268747965495
0.6410529613494873,0.7259605407714844,0.46888093948364257,0.6924919128417969,0.4891683578491211,0.7303582509358724,0.40827579498291017,0.6319922765096029,0.4077256202697754,0.7571875254313151,0.3642902374267578,0.7362068812052409,0.36680283546447756,0.7333831151326498,0.6102159500122071,0.6903300921122233,0.47902464866638184,0.7114250818888346,165.57807996992224,147.80397203102902,138.7428418056262,125.07124436675407,170.86527946406042,0.7008775870005289,147.30610027544498,0.7343063036600748,48.3093279916331,0.6717086791992187,30.186173007619914,0.7452853202819825,112.88300884792996,0.6840995788574219
0.6357615947723388,0.7218095143636067,0.4734518527984619,0.6902142842610677,0.4937689781188965,0.7339701970418294,0.40995492935180666,0.6310677210489909,0.40981903076171877,0.7556332270304362,0.3612229824066162,0.7358789443969727,0.3624253749847412,0.7362944920857747,0.6091630935668946,0.6872902552286784,0.4836104154586792,0.7120922406514485,168.38077916297576,148.033124561054,146.50820897789882,125.9347032170641,168.82552208638566,0.6996912479400634,149.45705137707043,0.7338627338409424,47.72753759534453,0.6715799808502196,22.19766019179525,0.7459638595581055,114.93605804264774,0.6834733327229818
0.6400008201599121,0.7119698842366536,0.4755061149597168,0.6886682510375977,0.4916060447692871,0.7320708592732748,0.4075605869293213,0.6314481099446615,0.4050340175628662,0.7612827936808269,0.36415867805480956,0.7267742156982422,0.35989060401916506,0.738103739420573,0.6071171760559082,0.6882591247558594,0.48355607986450194,0.7103695551554362,166.9084169054836,149.80889379764835,140.181152588887,122.302938363804,169.85468139386148,0.6993143399556478,147.04086446440908,0.7358261744181316,46.08203007510315,0.6709088325500489,27.178400636876773,0.7496932665506999,114.47974068510239,0.6791111628214519
0.6501459121704102,0.7140832901000976,0.47934932708740235,0.6957775115966797,0.5058947563171386,0.7316452026367187,0.40776858329772947,0.6321063995361328,0.40824089050292967,0.7596160252888997,0.36190388202667234,0.7334281921386718,0.3625340461730957,0.7361746470133463,0.6149626970291138,0.6874332427978516,0.49262204170227053,0.7137113571166992,170.7012134225687,151.06880648605934,143.0512740642895,122.93207092169251,167.87736790893243,0.7005722999572754,151.45311664761374,0.7366636912027995,43.881992462738,0.672908878326416,27.151637865831958,0.747895336151123,114.35453837383504,0.6827672958374023
0.6400835990905762,0.7184867858886719,0.46315016746521,0.6814115524291993,0.48927931785583495,0.7308989842732747,0.40752391815185546,0.631136957804362,0.4035689353942871,0.7660009384155273,0.36304118633270266,0.73050537109375,0.36112236976623535,0.7374293009440104,0.6093314170837403,0.6870014826456705,0.47621474266052244,0.706155268351237,161.5218305729907,147.95210438125423,130.85279631518844,126.25838518311332,171.8120683734729,0.6965783754984538,140.51827778261247,0.7360781033833821,47.521094026204,0.6686461130777994,33.94529043447909,0.7517151196797689,114.11589767384822,0.680821164449056
0.6472131252288819,0.7111071268717448,0.4799976825714111,0.6932713190714518,0.4986375331878662,0.7360182444254557,0.4076988220214844,0.632587750752767,0.4062808036804199,0.7622812906901042,0.36454570293426514,0.7319140116373698,0.364637565612793,0.7372993469238281,0.6150284051895142,0.6854934056599935,0.4893176078796386,0.7146447817484538,170.3540569566665,149.16164108638017,138.7419080545301,121.36297613635654,166.94430024324782,0.7000690937042237,150.1579921619988,0.738463036219279,45.15341018148669,0.6736162662506104,30.959710613810017,0.7497903188069661,113.4829367496097,0.6822508811950684
0.6422010898590088,0.7177389780680339,0.48444228172302245,0.6812127431233724,0.5014904022216797,0.7260700225830078,0.40492825508117675,0.6334601084391276,0.4046787738800049,0.7641115188598633,0.3630406856536865,0.7324366251627604,0.36286463737487795,0.7398155212402344,0.612213921546936,0.6872498830159506,0.4929663419723511,0.7036413828531901,165.91423337199384,155.98637467791085,134.30305144058096,125.43482131252195,172.17330128634762,0.6954456329345704,145.59188159871005,0.7338764508565268,38.560782691533944,0.6685507456461588,30.158620532081812,0.7519635200500489,112.93842873732434,0.682948366800944
0.6429348945617676,0.7172062555948894,0.4835806369781494,0.676454226175944,0.5001422882080078,0.7234672546386719,0.4092119216918945,0.6309531529744467,0.4036129951477051,0.7673152923583985,0.3643799304962158,0.7247714996337891,0.35995755195617674,0.7395586013793946,0.6145927667617798,0.6898891766866049,0.4918614625930786,0.6999607404073079,162.80007227261314,156.15141593908368,130.84139674762812,126.55461196690125,175.30871138345327,0.6949249585469564,142.64776368699108,0.7336380163828532,39.8599292773807,0.6654569466908773,32.4487242817317,0.7534369468688965,115.54124788220109,0.6778623263041179
0.6454874992370605,0.719108517964681,0.4747287750244141,0.6725547154744466,0.4968760013580322,0.7186579386393229,0.4125229835510254,0.6308351516723633,0.4060171127319336,0.7641122817993165,0.3685007095336914,0.7255498886108398,0.3652301788330078,0.7366896947224935,0.614100980758667,0.6900184313456217,0.4858023881912231,0.6956063270568847,158.9492914968263,154.8889830371218,127.2697211239375,129.24849890869945,177.50612519241113,0.6928123792012533,139.3496536503344,0.7298593044281005,41.47325055234984,0.663220739364624,33.91442204750331,0.750400988260905,114.92844005752144,0.6781925201416015
0.6450629711151123,0.7122264862060547,0.48670167922973634,0.6747659683227539,0.5047529220581055,0.7145900090535482,0.4114583969116211,0.6297952016194661,0.4073753833770752,0.763769022623698,0.37162997722625735,0.7169371922810872,0.364225959777832,0.7354169209798177,0.6197441816329956,0.6879484812418619,0.4957273006439209,0.6946779886881511,161.62239144480907,158.00525590164312,129.4794599500519,124.73181123874596,176.894014706359,0.6913132349650065,141.97465905735086,0.7292235056559245,37.59444899880299,0.6622365951538086,33.30763172523507,0.7495929718017578,114.562864506554,0.6733661969502767
0.6445795059204101,0.7114049275716146,0.4862210273742676,0.6747406005859375,0.5054089546203613,0.7186262130737304,0.411848258972168,0.6295356750488281,0.40395054817199705,0.7650749206542968,0.37072267532348635,0.721594492594401,0.3630099058151245,0.7366355895996094,0.6179481744766235,0.6876092910766601,0.4958149909973144,0.696683406829834,163.23284233448373,157.08732824002956,128.47127220163955,125.33445968722725,175.75090863844278,0.6921463489532471,143.33294405408148,0.7308791637420654,38.64913274424049,0.663109540939331,34.785694920397106,0.7508552551269532,114.07182523993359,0.6755650838216145
0.6541285037994384,0.7147189458211263,0.48026862144470217,0.6719327290852865,0.50401611328125,0.7148647944132487,0.40864810943603513,0.6300673802693685,0.3994559049606323,0.7684591929117839,0.36208927631378174,0.7282817840576172,0.3621659517288208,0.7364421844482422,0.6155024290084838,0.6888739267985027,0.49214236736297606,0.6933987617492676,161.22068461376222,158.6891564768242,121.02776285178861,130.37798213846807,177.89933818193327,0.6911363442738852,140.99835215787107,0.7309289773305258,37.18074699996444,0.6617330710093181,40.64925987549037,0.7524506886800131,115.363431478328,0.6791745821634929
0.6564007759094238,0.7138716379801432,0.4674237728118896,0.6718619028727214,0.4917004585266113,0.7171995798746745,0.4098853588104248,0.6304959615071615,0.3982640266418457,0.7699763615926106,0.36107707023620605,0.7298419952392579,0.3617183923721313,0.7372831344604492,0.6181062459945679,0.6875606218973795,0.47956211566925044,0.694530741373698,157.68861792556189,152.74224690640443,118.24440912037929,132.75995266540826,177.11989238530452,0.6910456816355388,137.13830633974317,0.7322535514831543,42.583829830677104,0.6625133514404298,41.81538204405794,0.7536297480265299,116.1646923576615,0.6801689783732097
0.6461747169494629,0.7236169815063477,0.4708526134490967,0.6832122802734375,0.4906762599945068,0.7299256006876628,0.4081891059875488,0.6299596786499023,0.4019134998321533,0.7666575749715169,0.3617721080780029,0.7327080408732096,0.30348892211914064,0.8323556900024414,0.6131191968917846,0.6883367856343587,0.48076443672180175,0.7065689404805502,163.03680296028895,149.35142670091076,178.36519150253073,126.70067834647382,172.1567440352751,0.6974528630574545,142.69065915391002,0.7366132577260336,46.548892667208264,0.6682643095652263,146.2770069513678,0.7995066324869791,114.31127027308312,0.6813338597615559
0.6465534687042236,0.7173631032307942,0.4728078842163086,0.6839852015177409,0.4992532730102539,0.7289623896280925,0.40860371589660643,0.6293958028157552,0.4045710563659668,0.7652421951293945,0.36380021572113036,0.728337287902832,0.3031383752822876,0.8322790781656901,0.6136157512664795,0.6872686703999837,0.48603057861328125,0.7064737955729167,164.64718070910203,150.89322061330967,178.93797484032538,124.50367709538727,171.4396571009675,0.6968712329864502,144.19170056234,0.7358579953511556,44.87062709293596,0.667934799194336,146.53927458367008,0.7987606366475424,114.3623611417099,0.6788665453592937
0.6474122047424317,0.7180639266967773,0.47760462760925293,0.6837847391764323,0.49850034713745117,0.728618876139323,0.40594797134399413,0.6283872604370118,0.4005530834197998,0.7682202657063802,0.36366991996765136,0.7285812377929688,0.3030285596847534,0.8325640360514323,0.6137063741683959,0.6875792821248372,0.48805248737335205,0.7062018076578777,165.3943018512665,152.4393150966769,179.08448557056468,123.0776620536915,171.56984749887187,0.6968905448913574,144.67147365360432,0.737211036682129,43.46335911036513,0.6672945340474448,146.58436297462572,0.8003921508789062,112.8778968050808,0.6784842491149903
0.6519505500793457,0.7183905283610026,0.4748698234558105,0.6762694676717123,0.48766365051269533,0.7290749231974284,0.40630307197570803,0.6288690567016602,0.4003135204315186,0.7665813446044922,0.3641077518463135,0.7299633026123047,0.3013695955276489,0.8303412755330404,0.6134549856185914,0.6885071118672689,0.48126673698425293,0.7026721954345703,161.82830141976507,151.50781308354644,177.4354308007149,125.76766349023372,173.88361499724837,0.6955896536509196,141.71039706555814,0.7346267700195312,44.55304606159356,0.6657706260681152,147.2020774464553,0.7984613100687663,112.65497253412971,0.6794161796569824
0.6578731060028076,0.7144402821858724,0.46520261764526366,0.6685827255249024,0.4852329730987549,0.7235061645507812,0.4055370330810547,0.6267891565958659,0.4000847816467285,0.7684108734130859,0.3647257566452026,0.7309514999389648,0.300662636756897,0.8335817337036133,0.6085033178329469,0.6867541948954264,0.47521779537200926,0.6960444450378418,157.4693867993304,151.63488508116797,175.00905382855944,128.9280320822623,176.0128257181786,0.6913993199666342,136.07454697470007,0.7322276592254638,44.82453956690631,0.6614168008168538,146.7553020077775,0.8009963035583496,111.39547019259903,0.6788703282674153
0.6518509387969971,0.7179266611735026,0.4669939041137695,0.6658241907755534,0.4850360870361328,0.7160280227661133,0.4032848358154297,0.627543830871582,0.40080623626708983,0.7669541676839192,0.36575891971588137,0.7318972269694011,0.30029821395874023,0.8316458384195964,0.606969666481018,0.6865742365519205,0.4760149955749512,0.6909261067708334,155.98965284689038,155.09101892867085,174.0783446887746,130.16384524364187,178.09665384741498,0.688750171661377,134.68961219331106,0.7289401372273763,41.07122890820145,0.6592349688212078,147.23276987324397,0.7993000030517579,109.77879631859051,0.6797205289204915
0.6515676975250244,0.718697992960612,0.4663053512573242,0.6699508666992188,0.48501763343811033,0.7199291229248047,0.4024038314819336,0.6272380828857422,0.40059404373168944,0.7668347676595052,0.36560137271881105,0.7317114512125651,0.3002640247344971,0.8319977442423503,0.6071853160858154,0.6864612261454264,0.47566149234771726,0.6949399948120117,157.49506314581478,153.38703113292567,174.99866451652375,127.88029622677152,176.31149432241867,0.690700610478719,136.2367307545595,0.7308873812357585,42.74292528002175,0.661089038848877,146.99682671466826,0.7994162559509277,109.40564893521194,0.6794747670491537
0.6524856567382813,0.7195343017578125,0.46686182022094724,0.6698183059692383,0.4803752899169922,0.7224809010823567,0.4038787841796875,0.6262804667154948,0.4022669792175293,0.7674704869588216,0.3626324415206909,0.735528310139974,0.301688027381897,0.8305275599161784,0.6146287441253662,0.6885636965433757,0.4736185550689697,0.6961496035257975,155.39576995328133,151.4109723951323,174.07471308280338,130.2190134159103,176.92063470562618,0.6923566500345866,135.0123257566316,0.7318100452423095,45.05309202176258,0.661215035120646,147.91471275017847,0.7989990234375,110.68394618504846,0.6809043884277344
0.6453943252563477,0.7153360366821289,0.476544189453125,0.6835781733194987,0.48940367698669435,0.7270133972167969,0.40950779914855956,0.6251932779947916,0.3997215509414673,0.7642720540364584,0.36592860221862794,0.7296009063720703,0.3643194675445557,0.7366594950358073,0.6082717180252075,0.6868787447611491,0.48297393321990967,0.7052957852681478,165.04608691579278,149.76702715452345,127.24059159761487,124.3864704690951,171.63818898378153,0.6960872650146485,144.68611426200636,0.7347839196523032,47.4744618594857,0.6652445316314697,37.95315816290281,0.7504657745361328,112.65540129935972,0.6773970921834309
0.6454167842864991,0.7153477350870768,0.4764449119567871,0.6840486526489258,0.48942766189575193,0.7271968841552734,0.4099277973175049,0.6251489003499349,0.3997676372528076,0.7641984303792317,0.3658170223236084,0.7296471913655599,0.3644952058792114,0.7364269256591797,0.6084581851959228,0.6869388580322265,0.48293628692626955,0.7056227684020996,165.15808697080973,149.50339198079135,127.20660783157545,124.4777163172642,171.53369627840357,0.6962808132171631,144.84297166101743,0.7349105993906657,47.7846707822236,0.6653858343760173,38.214882220277616,0.7503126780192058,112.88556042242782,0.6773980458577473
0.645384407043457,0.71105531056722,0.4767256736755371,0.6843486150105794,0.48964357376098633,0.7274972279866536,0.4101553440093994,0.6257664998372395,0.39975385665893554,0.764541753133138,0.3659926414489746,0.7293834686279297,0.3641106367111206,0.7368996302286784,0.6084174633026123,0.6867250442504882,0.4831846237182617,0.7059229214986165,165.35989423233167,149.42696822769227,127.62352243107715,124.4045864095918,171.28455076135387,0.6963239828745523,144.907950385296,0.7352323373158772,47.66383140945052,0.6658447106679279,37.794386798844755,0.7507206916809082,113.08424125426626,0.6775749842325847
0.6450283050537109,0.71028626759847,0.4752871036529541,0.6839562733968099,0.4890153408050537,0.7275146484375,0.4106187343597412,0.6263299306233724,0.399712347984314,0.7645124435424805,0.3661444902420044,0.7290368398030599,0.36397733688354494,0.7367517471313476,0.6079322814941406,0.6865276654561361,0.4821512222290039,0.7057354609171549,165.04449490506926,148.98036376617412,127.45187273700046,124.77105319868822,171.31754268927523,0.6961315631866455,144.51202218064086,0.7351239522298176,47.98588568097006,0.6660326957702636,37.84180042999489,0.7506320953369141,113.41362275319442,0.6776833852132161
0.6450615406036377,0.7145658493041992,0.47170510292053225,0.6839860916137696,0.4893966197967529,0.7275315602620442,0.40932507514953614,0.6267172495524088,0.3999421834945679,0.7645750045776367,0.3653795003890991,0.7292564392089844,0.36397979259490965,0.736538314819336,0.6076080799102783,0.6861306190490722,0.48055086135864256,0.7057588259379068,164.57733201661722,148.70286204854278,127.26876547357874,124.73008732339238,171.21818451001351,0.6959447224934896,143.8836137558336,0.7351669152577718,47.977417148071,0.6662380377451578,37.94038507274601,0.7505566596984863,113.19868859183077,0.6779868443806967
0.6510204792022705,0.7187580108642578,0.47202272415161134,0.6783943176269531,0.4910372257232666,0.7230717341105143,0.40732665061950685,0.6273305892944336,0.4004847526550293,0.7649957656860351,0.36390721797943115,0.7312004725138347,0.36335561275482176,0.7368199666341145,0.6086323499679565,0.6870601654052735,0.481529974937439,0.7007330258687336,162.11538128455982,151.83706743019675,125.82549632745554,127.20775727289285,173.86009771468807,0.6938965956370036,141.58824028854727,0.7328643957773844,44.689124347204256,0.6640318075815836,37.19338871863803,0.7509078661600748,112.68578283987216,0.6792655309041342
0.6501799583435058,0.7152776082356771,0.47259836196899413,0.6787858327229818,0.4887093544006348,0.7267976760864258,0.4087385177612305,0.6276496887207031,0.3996905326843262,0.7644789377848308,0.3652952194213867,0.7309327443440755,0.36290369033813474,0.7376975377400716,0.6076004028320312,0.6860925038655599,0.48065385818481443,0.7027917544047038,163.35318323870894,150.1203690282845,127.43289659296889,126.52195603823044,172.50602443935452,0.6944421291351318,142.69567554656274,0.7336353460947673,46.25697904515053,0.6652207215627035,36.05520739131498,0.7510882377624513,112.81277460306455,0.6792912165323893
0.6509521484375,0.7197134017944335,0.47216506004333497,0.678363291422526,0.4910723209381104,0.7230702082316081,0.4082831382751465,0.6270334243774414,0.4004528045654297,0.7650211334228516,0.3649588108062744,0.7296213150024414,0.3629417896270752,0.7370303471883138,0.6112293481826783,0.6887303034464518,0.4816186904907227,0.700716749827067,161.5094521344121,151.77405706722215,126.25620103076004,126.81083586140578,174.71629197946308,0.6947235266367594,141.61166655456867,0.7328689416249593,45.13553294440416,0.6638750871022542,36.730365584989386,0.7510257403055827,112.89502624714954,0.6783273696899415
0.6513508319854736,0.7198755900065105,0.4721513748168945,0.6787033081054688,0.4910977840423584,0.7228779474894206,0.40671210289001464,0.6280143102010091,0.4004372119903564,0.7647374471028646,0.36422688961029054,0.7331862767537435,0.364396858215332,0.7367900848388672,0.607992672920227,0.6910113970438639,0.48162457942962644,0.7007906277974447,161.33005698226566,153.20781642503627,125.1371433497352,127.42344504931044,175.57487872354105,0.6959010124206544,141.77444253143392,0.7327640374501547,44.1713361969515,0.664402468999227,37.791659809870396,0.7507637659708659,111.99671249601276,0.6806002934773763
0.650954008102417,0.710911750793457,0.47602090835571287,0.6843169530232748,0.48904266357421877,0.7275459925333659,0.40933961868286134,0.6278361638387044,0.3996980428695679,0.7643941879272461,0.3641761302947998,0.7295715967814128,0.36280193328857424,0.7364871978759766,0.6086221218109131,0.6861558278401693,0.4825317859649658,0.7059314727783204,165.31620889619327,149.4557451095272,128.58074073003786,125.23340581832124,171.0865060861829,0.6960436503092449,144.78617545451928,0.7351628303527833,46.8562741096311,0.6668838183085124,37.10264888711171,0.7504406929016114,113.9379072456382,0.6787038803100587
0.6509652614593506,0.7103717803955079,0.4759793281555176,0.6842130661010742,0.48878841400146483,0.7277381896972657,0.4086038589477539,0.6279890696207683,0.3996364831924438,0.7643795013427734,0.36424524784088136,0.7299001057942708,0.36263160705566405,0.7367234547932943,0.6088924884796143,0.6861286799112956,0.48238387107849123,0.70597562789917,165.28837450193896,149.59923776742932,128.82664887753128,124.97020172608691,171.08398611671348,0.6960521539052328,144.78520191180314,0.7351775646209717,46.58767275523974,0.6669823487599691,36.773049740026835,0.7505514780680338,113.52195011040725,0.6789445877075195
0.6509659290313721,0.7100010553995768,0.47638702392578125,0.6842720031738281,0.48922219276428225,0.7276957829793295,0.40875911712646484,0.6281293233235677,0.39962928295135497,0.7644309361775716,0.36419053077697755,0.7299115498860677,0.36273629665374757,0.7367151260375977,0.6088580369949341,0.685926882425944,0.48280460834503175,0.7059838930765787,165.47083894704804,149.67463348732204,128.72780338502673,125.05277952017258,170.95916238880736,0.6959553877512614,144.9044058784415,0.7352074146270752,46.43646022616204,0.6670566082000733,36.91566129049539,0.7505730311075847,113.64773709365406,0.6790204366048177
0.6491143703460693,0.7095088958740234,0.4832505226135254,0.6821747461954752,0.5078640937805176,0.7227834065755209,0.41105289459228517,0.6282082239786784,0.4031942844390869,0.7639440536499024,0.3642695188522339,0.7303628285725912,0.3648670196533203,0.7361808776855469,0.6195265293121338,0.6849435806274414,0.4955573081970215,0.702479076385498,166.41860310317088,153.9119293573895,129.6213702689747,126.59686430088666,171.948901645987,0.6937113285064698,146.35735904096325,0.7332115650177002,41.312209242440076,0.6653436501820882,35.91849884505214,0.7500624656677246,114.60618802757433,0.6792855262756348
0.6566176891326905,0.7153010050455729,0.47894792556762694,0.6721893310546875,0.4932434558868408,0.7228041966756185,0.4099071979522705,0.627697245279948,0.40180411338806155,0.7662967681884766,0.36453044414520264,0.7304032643636068,0.3658027172088623,0.7366171518961588,0.6199827194213867,0.686570962270101,0.4860956907272339,0.697496763865153,160.85125751039755,153.16141715251288,122.48276321596241,128.98283618112225,175.3347365399878,0.692033863067627,140.7781794425373,0.7318967660268147,42.494124206705436,0.6625970045725504,39.502231933056834,0.7514569600423178,113.83641787032556,0.6790502548217774
0.6564641952514648,0.7153224309285482,0.4789753437042236,0.6722887674967448,0.4932554721832275,0.7228299458821614,0.409609317779541,0.6274826685587566,0.4017228603363037,0.7664113998413086,0.3669475317001343,0.7275720596313476,0.3657020330429077,0.7365531921386719,0.6199291944503784,0.6865350087483724,0.48611540794372554,0.6975593566894531,160.89616470881253,153.1948509427005,122.4004823102893,127.22157491283807,175.29028113561642,0.6920471827189127,140.79055818307828,0.7319853782653809,42.48850689495919,0.6625210126241048,39.6558484298308,0.7514822959899903,113.08548932014988,0.6775273640950521
0.6505243301391601,0.7154599507649739,0.4787778377532959,0.672264289855957,0.49317359924316406,0.7227642059326171,0.40952310562133787,0.62745787302653,0.4017343997955322,0.7664122899373372,0.36694061756134033,0.727545166015625,0.3656991243362427,0.7365372339884441,0.6198757886886597,0.6864671071370443,0.48597571849822996,0.6975142478942871,160.84850516891564,153.16995978512406,122.36423085172426,127.20695980603332,175.28361515228886,0.6919906775156657,140.72146177126803,0.7319632689158122,42.50018834972053,0.6624860604604086,39.66043964112137,0.7514747619628906,113.04749628083711,0.6775015195210775
0.6566763877868652,0.715130360921224,0.4792941570281982,0.6725812276204427,0.4936367511749268,0.7229695638020833,0.40976457595825194,0.627505874633789,0.4017061233520508,0.7664188385009766,0.36694893836975095,0.7275740305582682,0.365742826461792,0.7364922205607096,0.619975209236145,0.6865579287211101,0.4864654541015625,0.697775395711263,161.09397381686665,153.19667304189633,122.45318104609498,127.1642945288017,175.1972984116266,0.6921666622161866,140.99726878972018,0.7320971171061198,42.494361574578306,0.662640635172526,39.76530916879048,0.7514555295308432,113.16437546619719,0.6775399525960286
0.6385231971740722,0.7015506108601888,0.48920154571533203,0.6764876047770182,0.5201581954956055,0.7105153401692709,0.4090602397918701,0.6275880177815755,0.39975576400756835,0.7682818094889323,0.362289571762085,0.7307182312011719,0.3675642490386963,0.7370038350423177,0.6251646280288696,0.6831275939941406,0.5046798706054687,0.6935014724731445,165.21758889450481,159.83363094564822,118.22206972080788,129.04260061252685,175.0789031538477,0.6883145332336426,144.52219249072579,0.7308916409810384,34.5796505967966,0.6605447451273601,44.17537697693916,0.752642822265625,114.39480633431138,0.6791531244913737
0.6454877853393555,0.7061724344889323,0.4882652282714844,0.676241683959961,0.5193742752075196,0.7104269027709961,0.4090367317199707,0.6276183446248372,0.39978947639465334,0.7681951522827148,0.3623964309692383,0.7307888031005859,0.3674255609512329,0.737066904703776,0.624864649772644,0.6833386421203613,0.503819751739502,0.6933342933654785,164.91811463846568,159.74121548266382,118.3373192347791,129.15995800683086,175.2793372764378,0.6883364677429199,144.26096520830205,0.7307647228240967,34.73474585423017,0.6604763189951579,43.88506527987269,0.7526310284932454,114.32631318424774,0.6792035738627116
0.6499181270599366,0.7197701136271158,0.47403864860534667,0.6720582326253255,0.4983514785766602,0.7141677220662435,0.4095766067504883,0.6273883183797201,0.4008011817932129,0.7665826797485351,0.366790246963501,0.7273612340291341,0.3657927751541138,0.7358872095743815,0.6198683977127075,0.686558469136556,0.4861950635910034,0.6931129773457845,159.35953625304882,155.0915246270378,119.1974842488272,129.17413435444232,177.19281996757184,0.6898357232411703,139.29252835142523,0.7298478285471598,40.62357274774092,0.6602506478627523,41.24437617856967,0.7512349446614583,113.16993268494683,0.6773747762044271
0.6453338623046875,0.7062212626139323,0.48812317848205566,0.6762902577718098,0.5195425510406494,0.7104307174682617,0.4088876247406006,0.6275441487630208,0.3998044729232788,0.7682139714558919,0.3623594045639038,0.7306561787923177,0.36737067699432374,0.737011973063151,0.6249317646026611,0.6833715756734212,0.5038328647613526,0.6933604876200358,164.9127750748305,159.75889571264605,118.37051578960808,129.05527148993016,175.2845998771144,0.6883660316467285,144.26314961360126,0.7307872295379638,34.72982157252065,0.6604523181915283,43.891064566844506,0.7526129722595214,114.28677632007361,0.6791001637776692
0.6453827381134033,0.7061899185180665,0.48829307556152346,0.6763032913208008,0.5197620868682862,0.7104061762491862,0.4088923931121826,0.6275333404541016,0.399834132194519,0.7681649525960287,0.3624150514602661,0.7307106653849283,0.36741104125976565,0.7370309829711914,0.624991774559021,0.6833420117696126,0.5040275812149049,0.6933547337849935,164.9646402983868,159.8022243777777,118.43290921322402,129.0271126169448,175.26817120643727,0.688348372777303,144.3218988242105,0.7307598431905111,34.67828321514165,0.6604440371195475,43.83803493342029,0.7525979677836101,114.24969797961268,0.679122002919515
0.6454235076904297,0.7065371831258138,0.4813051700592041,0.6712038040161132,0.5182529926300049,0.7101842244466146,0.40878863334655763,0.6274988810221355,0.3998506307601929,0.7681453069051106,0.3635444402694702,0.7313210169474283,0.3674339532852173,0.7368993123372396,0.62389018535614,0.6852686246236166,0.49977908134460447,0.6906940142313639,162.52233535152297,160.25222003436545,116.80799517587943,130.15216781771198,177.49696731480168,0.6879813194274902,142.22190015992877,0.7294196605682373,34.780941819890245,0.6590964476267497,43.94651561700664,0.7525223096211751,113.54687943274097,0.6794099489847819
0.6453315258026123,0.7068989435831706,0.4809744834899902,0.6711031595865885,0.5100808620452881,0.7150050481160481,0.4087370872497559,0.6275568644205729,0.3999396085739136,0.7680906295776367,0.36226987838745117,0.7305981953938802,0.36733555793762207,0.7368712107340495,0.6238175630569458,0.6853645324707032,0.4955276727676392,0.6930541038513183,162.1481154829949,158.0036566414726,117.37197532334572,130.0079946906393,176.56985053300727,0.6892093181610107,141.86812514140047,0.7305723667144775,37.04033420666053,0.6603054841359456,43.75717951922482,0.7524809201558431,114.27332708076152,0.6790775299072265
0.6523675918579102,0.7137394587198893,0.46785769462585447,0.6749336878458659,0.4849997520446777,0.7218178431193034,0.4052870273590088,0.6273945490519206,0.3974875211715698,0.7673678080240885,0.36530728340148927,0.7310467402140299,0.36521005630493164,0.7360115051269531,0.6093615055084228,0.6887613614400228,0.4764287233352661,0.6983757654825846,159.20273705660614,151.80114497769358,117.1338399343896,127.4760928524159,175.86326823762434,0.6935685634613037,138.84759839189937,0.7328717867533365,44.93530390985407,0.6628851572672526,44.17064463177391,0.7516896565755209,111.09215332716435,0.6792206446329753
0.6531384468078614,0.7260194778442383,0.469708776473999,0.674296506245931,0.48743553161621095,0.7220181783040365,0.4048761367797852,0.6280659357706706,0.3971832036972046,0.7677361806233723,0.3643691062927246,0.7321125666300455,0.3650561571121216,0.7366954167683919,0.6107784748077392,0.6934754689534506,0.478572154045105,0.6981573422749837,158.6441417471532,154.05967567528324,117.23313013166803,127.83020422357473,177.97181008068225,0.6958164056142171,139.4731015645132,0.732946761449178,43.563951356198174,0.6631116390228271,44.01479438480422,0.7522157986958822,111.27176523196523,0.680089251200358
0.6531446933746338,0.7259920120239258,0.46967263221740724,0.6741674423217774,0.4874671459197998,0.7220040639241536,0.40521717071533203,0.6280808130900065,0.39717390537261965,0.7677611668904623,0.36431055068969725,0.7320880254109701,0.3650256872177124,0.7367455164591471,0.6107557535171508,0.6934692064921062,0.47856988906860354,0.6980857531229655,158.61592644719394,153.98529442328737,117.22445175334282,128.0423958872077,177.99977725005087,0.6957774798075358,139.43629097597776,0.7329234600067138,43.66223601966999,0.663083283106486,43.97276086757918,0.7522533416748047,111.46999267385216,0.6800844192504882
0.6522105693817138,0.7132944742838542,0.46726408004760744,0.6748463948567708,0.47989540100097655,0.7215645472208659,0.40576987266540526,0.6274339040120442,0.39756102561950685,0.767405891418457,0.365196681022644,0.730968983968099,0.36512668132781984,0.7362542470296224,0.6093141317367554,0.6887107213338216,0.47357974052429197,0.6982054710388184,158.07506423563242,150.53006164263425,116.8231628092881,128.21888914659047,175.99862368457133,0.6934580961863199,137.68816373704666,0.7328056812286377,46.22431286982939,0.6628196875254313,43.8443472260941,0.7518300692240397,111.3991544872248,0.6792014439900715
0.6457807540893554,0.7193522771199544,0.4672711849212646,0.6748524983723958,0.4797327518463135,0.7215920130411784,0.40581469535827636,0.6272849400838216,0.39758179187774656,0.7674314498901367,0.3652095079421997,0.7309089660644531,0.365088152885437,0.7362778981526693,0.6091839075088501,0.6888343493143717,0.47350196838378905,0.6982222557067871,158.0244679260051,150.4953175068879,116.86398115331922,128.19355953927013,176.04198224876697,0.6935283025105794,137.64754991074847,0.7328268527984618,46.34304901306879,0.6627535978953043,43.793819490925046,0.7518546740214029,111.3977835075795,0.6790969530741373
0.6457115173339844,0.719470469156901,0.4676060676574707,0.6742475509643555,0.4852590084075928,0.7214555104573568,0.4060471534729004,0.627315902709961,0.3977459192276001,0.7672938028971354,0.36516571044921875,0.7309312184651693,0.364960241317749,0.7363467534383138,0.6120272159576416,0.685261344909668,0.4764325380325317,0.6978515307108561,159.51919903269206,150.6510444013533,117.6009140831947,128.08896491558642,174.69520400269775,0.6915564378102621,138.5710523537462,0.7325726668039958,45.061086076986584,0.6625837167104085,43.34752969132387,0.7518202781677246,111.53172291539362,0.6791235605875652
0.6476181983947754,0.7223631540934244,0.47337517738342283,0.6630804061889648,0.4861095428466797,0.7080481211344402,0.4082798004150391,0.6271846135457356,0.401601505279541,0.7660531997680664,0.3649652719497681,0.7268004099527995,0.36705408096313474,0.7358853658040364,0.6150773763656616,0.689183521270752,0.4797423601150512,0.6855642636617025,153.9551940003284,157.44269073624608,114.80836116120612,133.26208900315612,1.5318930558383954,0.6873738924662273,134.15195423639437,0.7258087317148845,39.24629273555726,0.6563744386037191,41.12842442455454,0.7509692827860515,113.5001680647443,0.6769925117492676
0.6519031524658203,0.7130361557006836,0.46776609420776366,0.6745587031046549,0.4856388092041016,0.7216832478841145,0.4060654640197754,0.6271766662597656,0.3977762460708618,0.7673078536987304,0.36628174781799316,0.7287078221638997,0.36502413749694823,0.7364869435628255,0.6122275590896606,0.6851997057596841,0.4767024517059326,0.6981209754943847,159.7127440179546,150.59455813862306,117.78032910551458,126.87999123179408,174.55375359418542,0.6916603406270344,138.76212656944588,0.7327144145965576,45.12436812212235,0.6626488208770751,43.26002437602847,0.751897398630778,111.39710948445646,0.6779422442118327
0.64801025390625,0.7226074854532878,0.47456536293029783,0.6637882232666016,0.4931894302368164,0.7085624059041341,0.40899028778076174,0.6274048487345377,0.4014873027801514,0.7661088307698568,0.3648070812225342,0.7273271560668946,0.3670302629470825,0.7360025405883789,0.6154730319976807,0.6894305229187012,0.4838773965835571,0.6861753145853678,155.5813537392866,158.59544528047886,115.7602835593141,132.91948491475543,1.4170049869794354,0.6878029187520345,135.86703829176147,0.7261420726776123,38.12437919717621,0.6567900816599528,41.14481955865824,0.7510556856791178,113.85384509219875,0.6773660024007162
0.6479602813720703,0.7226519266764323,0.47449502944946287,0.6637853622436524,0.4931084156036377,0.7085931142171223,0.40878806114196775,0.6273869832356771,0.4013993740081787,0.7661673863728841,0.36479356288909914,0.7273235321044922,0.36703977584838865,0.7360050201416015,0.6154843330383301,0.6894402503967285,0.4838017225265503,0.6861892382303874,155.57277579028334,158.6180852514644,115.61668850293525,132.82759275167555,1.4142447898159958,0.6878147443135579,135.8553128942817,0.7261783123016357,38.09244601661186,0.6567881107330322,41.27808419933979,0.7510862032572427,113.7602610343935,0.6773552576700846
0.6492856979370117,0.7125452677408854,0.4761723518371582,0.6698700586954752,0.5024754047393799,0.7103192011515299,0.40900516510009766,0.627606455485026,0.4037900924682617,0.7654213587443034,0.36464340686798097,0.7290419896443685,0.36752345561981203,0.7366633097330729,0.6102120161056519,0.6895455360412598,0.48932387828826907,0.6900946299235026,158.81294792984409,159.22733354838323,120.66328324675794,130.96927926511827,179.73975489885748,0.6898200829823812,138.63071259445255,0.727757994333903,37.88301185692086,0.6588505427042644,38.413064571705576,0.7510423342386882,113.62165510457424,0.6783242225646973
0.649257755279541,0.7125233332316081,0.47615647315979004,0.6698803583780925,0.502554988861084,0.7103455861409506,0.4090109825134277,0.6276036580403646,0.4037767887115479,0.7654182434082031,0.36464757919311525,0.7290494918823243,0.3675318479537964,0.7366859436035156,0.6101889133453369,0.6895094235738118,0.489355731010437,0.6901129722595215,158.84499153223462,159.22058969475754,120.67349710289434,130.9597661850191,179.7138161540302,0.6898111979166667,138.6538068156944,0.7277656078338623,37.8834046648341,0.658858315149943,38.40477036905003,0.7510520935058593,113.62029943308352,0.6783265749613444
0.6414787292480468,0.7286311467488606,0.4706747531890869,0.6840906143188477,0.48967204093933103,0.728967793782552,0.4055692195892334,0.6271220525105794,0.3994895935058594,0.7686801274617513,0.36380538940429685,0.7320578893025717,0.3629784107208252,0.7378409067789714,0.6146384954452515,0.6884953180948894,0.480173397064209,0.7065292040506999,162.83300223549844,149.57360999459473,124.8551800467972,124.07572772906671,172.36131567781996,0.6975122610727946,142.39285510514102,0.7376046657562256,46.7862386105528,0.6668256282806396,40.18615414771622,0.7532605171203614,111.7022572874204,0.6795899709065756
0.6414746761322021,0.7286327362060547,0.47097368240356446,0.6841780980428059,0.4898374557495117,0.729075558980306,0.40574917793273924,0.6273931503295899,0.39949326515197753,0.7686557769775391,0.36371939182281493,0.7321769078572591,0.362800669670105,0.7379638671875,0.6146128177642822,0.688522179921468,0.4804055690765381,0.706626828511556,162.95625124981143,149.60970345116903,125.16846838531993,124.20699348008831,172.31714128284975,0.697574504216512,142.5255231854657,0.7376413027445475,46.7036962229011,0.667009989420573,39.91115308714649,0.7533098220825195,111.856201969128,0.6797850290934244
0.6417282104492188,0.7284719467163085,0.47171859741210936,0.6840110143025716,0.4904905319213867,0.7288354237874349,0.40579652786254883,0.6274660110473633,0.39929494857788084,0.7687092463175456,0.3639271974563599,0.7322264353434245,0.3629220724105835,0.7380437850952148,0.6151319980621338,0.6884980201721191,0.481104564666748,0.7064232190450033,163.1025529942529,149.89901892967922,124.88719418711464,124.20368406032914,172.38230919663596,0.6974606196085612,142.71604577101246,0.7375662326812744,46.35508891170707,0.6669446150461833,40.133767701497135,0.7533765157063802,111.78498140814118,0.6798462231953939
0.6418553352355957,0.7285255432128906,0.4712203502655029,0.6839234670003255,0.4898959159851074,0.7287880579630533,0.405791711807251,0.627450688680013,0.40259904861450196,0.7663716634114583,0.3640088319778442,0.7322685241699218,0.36287338733673097,0.7380801518758138,0.6150956630706788,0.6885193506876628,0.48055813312530515,0.7063557624816894,162.53084168063032,149.72296659807557,129.45592674941813,124.26825955330514,172.4480098914446,0.6974375565846761,142.4095401079288,0.7363637129465739,46.54270649645818,0.6669032255808511,35.45741273397411,0.7522259076436361,111.73340080252757,0.6798596064249673
0.6449721813201904,0.7179211298624675,0.46950459480285645,0.6848501841227214,0.4876347541809082,0.7284025192260742,0.4059617519378662,0.6285113652547201,0.4005906105041504,0.7666891098022461,0.3643717527389526,0.7337583541870117,0.3636721849441528,0.7375375111897786,0.6092456340789795,0.6913187662760416,0.4785696744918823,0.7066263516743978,162.25574909692787,150.07674261452115,126.64670873163197,124.92719744018096,173.3187325728671,0.6989725589752197,142.39502160347436,0.736657730738322,47.0925234249994,0.6675688584645589,38.29539554119705,0.7521133104960124,111.56223160057355,0.681134859720866
0.6409749984741211,0.7289099375406901,0.4699007511138916,0.6834128697713217,0.48889479637145994,0.7287280400594075,0.4060678958892822,0.6275909423828125,0.3993000745773315,0.7686599731445313,0.36409745216369627,0.7321441014607747,0.36262359619140627,0.7382402420043945,0.6138437509536743,0.6884686787923178,0.4793977737426758,0.7060704549153646,162.48994929612618,149.38760882512452,124.92524916409126,124.61421440261431,172.5412123147335,0.6972695668538411,141.99540864665255,0.7373652140299479,46.94282606586725,0.6668306986490886,39.67255280654976,0.7534501075744628,111.87185032483167,0.6798675219217936
0.6408329963684082,0.7289705276489258,0.4656984329223633,0.6790647506713867,0.4828817844390869,0.7274808883666992,0.4058852672576904,0.627604866027832,0.3990559339523315,0.7688721338907878,0.3642426013946533,0.7316047668457031,0.3623868465423584,0.738544209798177,0.613249921798706,0.6884796778361002,0.4742901086807251,0.703272819519043,159.4860773500469,148.47434649504697,122.91223943034858,126.25907304412956,173.9233920305323,0.6958762486775716,138.9136856263294,0.7360724767049154,47.885997087211706,0.6654388427734375,39.5931503136878,0.7537081718444825,111.82168885291988,0.6796048164367676
0.645023775100708,0.7239227294921875,0.466572904586792,0.6840797424316406,0.48020124435424805,0.7280618031819661,0.4066751956939697,0.6273466746012369,0.4000378608703613,0.7675378799438477,0.36408493518829343,0.7327479044596354,0.36288206577301024,0.7379833221435547,0.6066329717636109,0.6891455968221029,0.47338707447052003,0.7060707728068034,160.8159719102923,147.4526777165532,125.39237191348313,125.71842584398519,172.76093584608344,0.6976081848144531,140.0367785173143,0.7368043263753256,49.72160202568517,0.6667087237040201,38.49953141831756,0.7527606010437011,112.00252317318915,0.6800472895304361
0.6445936679840087,0.719231923421224,0.46237897872924805,0.6799794514973958,0.48005247116088867,0.7280346552530924,0.4067233562469482,0.6273745854695638,0.40003194808959963,0.7675515492757161,0.36409425735473633,0.7327032725016276,0.36288378238677976,0.7379752477010091,0.603844666481018,0.6927889188130696,0.47121572494506836,0.704007053375244,158.3893350735633,148.4416288461531,124.06504454007067,127.03094563138444,175.16526710593618,0.6983979860941568,138.24527567301283,0.7357793013254801,49.91669832145129,0.6656908194224039,38.52579531676167,0.7527633984883626,112.03438486066871,0.6800389289855957
0.6444962024688721,0.7240402221679687,0.4618816375732422,0.679762331644694,0.47976179122924806,0.727867317199707,0.40675082206726076,0.6274402618408204,0.399772572517395,0.7675858815511067,0.36409242153167726,0.732701301574707,0.36290128231048585,0.7380458196004231,0.6036720037460327,0.6928588231404622,0.4708217144012451,0.7038148244222004,158.21740455875633,148.3702465515138,123.70107476887519,127.20526799419899,175.2855554532623,0.6983368237813313,138.09003522792653,0.7357003529866536,50.00659309619783,0.6656275431315104,38.70055682560056,0.7528158505757649,112.06088972835698,0.6800707817077637
0.6447206497192383,0.7237873713175456,0.4619243621826172,0.6798124313354492,0.4798804759979248,0.7278872807820638,0.4067539215087891,0.6274486541748047,0.3998111724853516,0.7675583521525066,0.36410386562347413,0.7327369054158529,0.3629382371902466,0.7380186716715494,0.6038092851638794,0.692773977915446,0.470902419090271,0.7038498560587565,158.26746565248888,148.35846468975868,123.73936361945962,127.1871278258428,175.23622731594097,0.6983119169871013,138.1348595886704,0.7357041041056316,49.982279435669255,0.6656492551167805,38.69894841371388,0.752788511912028,112.05183420303361,0.6800927797953288
0.6448227882385253,0.723781967163086,0.46199789047241213,0.6798497517903646,0.47987189292907717,0.7278344472249348,0.4068006038665771,0.6274726231892903,0.3998255252838135,0.7675122578938802,0.3641048908233643,0.7328298568725586,0.36296401023864744,0.7379978179931641,0.603920292854309,0.6928030967712402,0.47093489170074465,0.7038420995076498,158.26447638091636,148.35969698081072,123.76194177774363,127.24147187369189,175.25480605802989,0.698322598139445,138.1592570678184,0.735677178700765,49.97681119273534,0.66565736134847,38.68371063171739,0.7527550379435222,112.06010903063488,0.6801512400309244
0.6389858245849609,0.7277900695800781,0.47563810348510743,0.6770167668660482,0.49574942588806153,0.7218574523925781,0.4057114601135254,0.6263568878173829,0.40052266120910646,0.7658007303873698,0.3648267984390259,0.7316230773925781,0.3617937326431274,0.7376630783081055,0.6060710430145264,0.6870103200276693,0.4856937646865845,0.6994371096293132,163.04772259145042,154.42416769757355,126.85436341691542,126.13722739004162,174.10611851261444,0.6932237148284912,142.07499132692172,0.7326189200083415,42.418097654816904,0.662896998723348,35.99945621997057,0.7517319043477377,111.22582645477937,0.6789899826049806
0.6390506267547608,0.7279118220011394,0.4756178379058838,0.6770697275797526,0.4959439754486084,0.721921157836914,0.40560030937194824,0.6263367335001627,0.40051660537719724,0.7657803853352865,0.36503326892852783,0.7314732233683269,0.3618855714797974,0.7377202987670899,0.6062473297119141,0.6870141983032226,0.4857809066772461,0.6994954427083333,163.0881803532141,154.44771091789508,126.86047569419745,125.9323747037916,174.08482359054824,0.693254820505778,142.13830649643361,0.7326379140218099,42.378078144323354,0.662916088104248,35.99320186782714,0.7517503420511882,111.09916770413486,0.6789049784342448
0.6390402793884278,0.7278874715169271,0.475504207611084,0.6769547780354818,0.4959712028503418,0.7218188603719076,0.40558600425720215,0.6263233184814453,0.4005899906158447,0.765667470296224,0.3651194334030151,0.7313743591308594,0.36189703941345214,0.7376715342203776,0.6062242031097411,0.6870086669921875,0.4857377052307129,0.6993868192036947,163.03486617267967,154.47733772428415,126.9339910108745,125.919861811681,174.1343100571184,0.6931977430979411,142.10211014984546,0.7325271447499593,42.35121197075867,0.6628550688425701,35.88727971908284,0.7516695022583008,111.06711699906636,0.6788488388061523
0.6390179634094239,0.7279406865437825,0.47568769454956056,0.6769936243693034,0.49600534439086913,0.7218844731648763,0.40582809448242185,0.6263508478800456,0.4005864143371582,0.7656367619832357,0.3651017904281616,0.7314512252807617,0.3618687868118286,0.7377288818359375,0.6062944412231446,0.6869807561238607,0.48584651947021484,0.6994390487670898,163.09870970986717,154.4193125750451,127.05271569507626,126.03010507455488,174.09472356723305,0.6932099024454752,142.17349432503113,0.7325379053751628,42.40833067043434,0.6628949483235678,35.784271881546175,0.7516828219095866,111.18130580458936,0.6789010365804036
0.638997745513916,0.7279349009195963,0.4755703926086426,0.6769634246826172,0.49600610733032224,0.7219069798787435,0.4059265613555908,0.6263641357421875,0.40057859420776365,0.7656359354654948,0.36530489921569825,0.730990219116211,0.3619468927383423,0.7375759760538737,0.6062729835510254,0.686973762512207,0.48578824996948244,0.6994352022806803,163.0837805830797,154.37424791313668,126.88955910152342,125.89530827699893,174.09503430808527,0.6932044823964436,142.1557993079186,0.7325355688730876,42.45758462368795,0.6628996690114339,35.99260762671284,0.7516059557596843,111.21898031641311,0.6786771774291993
0.6430165767669678,0.7286291758219401,0.47555084228515626,0.6772815068562825,0.4953796863555908,0.722113291422526,0.4062260627746582,0.6264595031738281,0.40336108207702637,0.7635738372802734,0.36568758487701414,0.7306030909220378,0.3619987487792969,0.7374537785847982,0.6089860200881958,0.6897176424662272,0.4854652643203735,0.6996973991394042,161.87458281100345,154.58108362303136,130.72407417532267,125.7369520742697,175.38086850199522,0.6947075208028157,142.11735157280833,0.7316356182098388,42.746074012335015,0.6630784511566161,32.272158365166234,0.7505138079325357,111.2687555978647,0.6785312970479329
0.6431507110595703,0.7286734898885091,0.4753777027130127,0.6772912343343099,0.4955004692077637,0.7221311569213867,0.4059591293334961,0.6264053344726562,0.4034885406494141,0.7634443918863932,0.3656863451004028,0.730767567952474,0.36202731132507326,0.7374614715576172,0.6091291427612304,0.6898374557495117,0.4854390859603882,0.6997111956278483,161.82198612359622,154.65306269672593,130.91717027946308,125.63996770289955,175.43595852141053,0.69477432568868,142.1276810572293,0.7315777937571208,42.68592889584059,0.6630582650502523,32.07454655997287,0.7504529317220052,111.10131401943607,0.6785864512125651
0.6428643703460694,0.7289536794026693,0.47552943229675293,0.6772228876749674,0.49555082321166993,0.7218959172566731,0.40567588806152344,0.6263119379679362,0.40342278480529786,0.7634564081827799,0.3656144380569458,0.7313135782877604,0.36228671073913576,0.7378090540568034,0.6092389345169067,0.6898556391398112,0.4855401277542114,0.6995594024658203,161.79013819162282,154.81065438763483,130.81658961147025,125.71399717536043,175.51452109727944,0.6947075208028157,142.11286250737857,0.7315079053243001,42.52548276842512,0.6629356702168783,31.942548380473255,0.7506327311197917,110.8834363472107,0.6788127581278482
0.6430102825164795,0.7288697560628256,0.47573046684265136,0.6772885004679362,0.4958946704864502,0.7219373067220052,0.40573735237121583,0.62637939453125,0.40352640151977537,0.7633638381958008,0.3654652118682861,0.7313955307006836,0.36226911544799806,0.7377731959025066,0.6106719732284546,0.68959592183431,0.4858125686645508,0.6996129035949707,161.8350284151761,154.69875574068124,131.02497547713446,125.7746224858707,175.41320737790173,0.6946044127146404,142.23338470747348,0.7314883708953858,42.444757131107025,0.6629961490631104,31.810071307832402,0.7505685170491536,110.98108265959176,0.6788874626159669
0.6434354305267334,0.7285310745239257,0.47585206031799315,0.6771895090738932,0.49602522850036623,0.7218941370646159,0.40570979118347167,0.6263909022013346,0.4036370277404785,0.7631582260131836,0.36545865535736083,0.7316570917765299,0.3622920274734497,0.7377888997395833,0.6106321573257447,0.6895860989888509,0.48593864440917967,0.6995418230692545,161.86387561865374,154.78115463598192,131.27850500067106,125.85135905153739,175.43509930167463,0.6945639610290527,142.29717379938378,0.731350024541219,42.357877468739616,0.6629663626352946,31.533312666099192,0.7504735628763834,110.92559329244706,0.6790239969889322
0.643436050415039,0.7285409927368164,0.47582182884216306,0.6771710713704427,0.4960226535797119,0.7218846638997396,0.40572681427001955,0.6263968785603841,0.40370950698852537,0.7631481170654297,0.3656583070755005,0.7314872741699219,0.3623530626296997,0.7377112070719402,0.6106396913528442,0.689585526784261,0.4859222412109375,0.6995278676350911,161.83556847121983,154.77611594068026,131.23442850603297,125.75272284644981,175.44208118843278,0.694556697209676,142.2655365514495,0.7313379923502604,42.361991291614146,0.6629623730977376,31.594226400553026,0.750429662068685,110.87067770679634,0.678942076365153
0.6431604385375976,0.7284763971964519,0.47579293251037597,0.6773094177246094,0.49595465660095217,0.7218777338663737,0.40555710792541505,0.6263132095336914,0.4036348819732666,0.7631059010823568,0.3651750564575195,0.7320776621500651,0.3622956514358521,0.7378799438476562,0.6106138944625854,0.6896020253499349,0.48587379455566404,0.6995935757954915,161.87276846170363,154.77524175251762,131.3939241634715,125.96071297181835,175.42044568522746,0.6945978005727131,142.32143440080063,0.7313497384389241,42.37709941529479,0.6629533926645914,31.39230815906936,0.7504929224650065,110.89741584590905,0.6791954358418782
0.6538522720336915,0.7173644383748372,0.47065391540527346,0.6787964502970377,0.48199005126953126,0.720945930480957,0.4065502166748047,0.6275939305623373,0.39929234981536865,0.7658016840616862,0.36465039253234866,0.7327943166097005,0.36363916397094725,0.7375138600667318,0.6137454986572266,0.6881712277730305,0.4763219833374024,0.6998711903889974,159.33930676573138,150.28674640173588,123.0985954346154,128.14331419768897,175.13368733316517,0.694021209081014,139.43942483887642,0.7328364372253418,46.01049126007342,0.6637325604756673,38.42906244235073,0.751657772064209,111.71669212421618,0.6801941235860189
0.6536731719970703,0.7176336288452149,0.47089314460754395,0.6744191487630208,0.4814909934997559,0.7206619262695313,0.40647387504577637,0.6275066375732422,0.3993079423904419,0.7658276240030925,0.364724326133728,0.7325717290242513,0.36366136074066163,0.7374584833780925,0.6136470079421997,0.6881216684977214,0.4761920690536499,0.697540537516276,158.31657948635552,151.17906736023994,121.9545701486599,129.1177837832159,176.08003053045445,0.6928311030069987,138.38909826339017,0.7316840807596843,45.12943338715175,0.662523587544759,38.514339860526064,0.7516430536905925,111.67131002562817,0.6800391832987467
0.6536752700805664,0.7176293690999349,0.47097291946411135,0.6744389851888021,0.48149662017822265,0.7206779479980469,0.40647110939025877,0.6275049845377604,0.3993107557296753,0.7658156712849935,0.3647505760192871,0.7325833638509115,0.3636904239654541,0.7374487559000651,0.6136601209640503,0.6881226857503255,0.47623476982116697,0.6975584665934245,158.33983748368317,151.18923144980016,121.95088831148114,129.09626932874596,176.07217128934377,0.692840576171875,138.41630267373293,0.731687068939209,45.11876606710402,0.6625317255655925,38.53271672005616,0.7516322135925293,111.65515803241232,0.6800441741943359
0.6537211894989013,0.7176923751831055,0.47099909782409666,0.6744275410970052,0.4815064907073975,0.7206427256266276,0.4064603805541992,0.6275061925252279,0.39930362701416017,0.7658111572265625,0.364784836769104,0.732528813680013,0.36374645233154296,0.7374298731486003,0.6136996030807496,0.688141409556071,0.47625279426574707,0.6975351333618164,158.33181534331646,151.21179346159462,121.87907585996432,129.0732807350741,176.09023250029443,0.6928382714589436,138.4177607864104,0.7316731452941894,45.096923628883616,0.6625206629435221,38.596421768174565,0.7516205151875814,111.64438822856556,0.6800175031026204
0.6539785861968994,0.7168087005615235,0.4713598728179932,0.6744630177815755,0.4820549964904785,0.7206396738688151,0.4064791679382324,0.6275064468383789,0.3995275259017944,0.7657340367635092,0.3647902965545654,0.7326101303100586,0.36388120651245115,0.7374857584635417,0.6136194229125976,0.6879132270812989,0.4767074346542358,0.6975513458251953,158.517632517408,151.33277600845094,122.11336422597104,129.02902504679437,175.97322319674353,0.692732286453247,138.54180389580836,0.7316426912943522,44.92510191850113,0.662528896331787,38.39541292630864,0.7516098976135255,111.6355146129562,0.6800582885742188
0.6536751747131347,0.716930643717448,0.47127232551574705,0.6744073867797852,0.4819036483764648,0.7207404454549153,0.4064184188842773,0.6274799346923828,0.39960403442382814,0.7662254333496094,0.3647226572036743,0.7325252532958985,0.36408414840698244,0.7376197814941406,0.6138389587402344,0.6878846804300944,0.47658798694610593,0.6975739161173502,158.3608657845272,151.26742511647473,121.56080807339553,129.00062603864552,175.96190232711763,0.6927292982737223,138.2745694611408,0.7318996747334798,44.9691238751881,0.6625269254048665,38.8459489533212,0.751922607421875,111.649671032672,0.6800025939941406
0.6581678867340088,0.7150833129882812,0.47056078910827637,0.6791722615559895,0.4851352691650391,0.7213871637980144,0.4060758113861084,0.6271093368530274,0.4001301765441895,0.7655871073404948,0.36424808502197265,0.7349981943766276,0.3650994300842285,0.7385836919148763,0.6168152093887329,0.6877172787984213,0.4778480291366577,0.700279712677002,159.72604770039501,150.4923828203916,123.60908514769032,128.18518127877095,174.83458356057062,0.6939984957377117,139.95919636433263,0.7329334100087483,45.55267447710594,0.6636945247650147,37.62679623828578,0.7520853996276855,111.19095014878074,0.6810537656148274
0.6583415985107421,0.716896120707194,0.47152018547058105,0.6785360972086588,0.48653173446655273,0.7212560653686524,0.4060392379760742,0.6272588094075521,0.3992464065551758,0.7658756891886394,0.36410338878631593,0.7334507624308269,0.36358664035797117,0.7379703521728516,0.613908314704895,0.6880066871643067,0.4790259599685669,0.6998960812886557,160.3467671549199,151.42802069869762,123.70163305942391,127.82592504382528,174.96260282571876,0.6939513842264812,140.4084340758613,0.7328858852386475,44.862509071694205,0.6635774453481038,38.044744576295756,0.7519230206807455,111.54936544139181,0.6803547859191894
0.6582891941070557,0.7168670018513997,0.4715419769287109,0.6786705652872721,0.48607463836669923,0.7247311909993489,0.40602455139160154,0.6272579828898112,0.3994174003601074,0.7658889134724934,0.3640428066253662,0.7335581461588542,0.36337254047393797,0.7379190444946289,0.6153485774993896,0.687482484181722,0.4788083076477051,0.7017008781433105,161.00063425537707,150.40537221528632,124.77013493204598,127.06473653838634,174.05502609192052,0.6945916811625162,141.0442483099132,0.7337948958079019,45.64565509935602,0.6644794305165609,37.81052796642737,0.7519039789835611,111.55084013472465,0.6804080645243327
0.6532002449035644,0.7171586990356446,0.47179131507873534,0.6786476135253906,0.4868329524993896,0.7212965647379558,0.405989933013916,0.6272648493448894,0.39911565780639646,0.7659460067749023,0.3639686107635498,0.7335912068684896,0.36326415538787843,0.7379092534383138,0.6140039682388305,0.6879781723022461,0.47931213378906246,0.6999720891316732,160.49972413381022,151.51229180387594,123.87067106913089,127.81425823719728,174.91139867657378,0.6939751307169597,140.55745513241075,0.7329590479532877,44.758716730150496,0.6636184692382813,38.02627862847052,0.751927630106608,111.56446579915243,0.6804280281066895
0.653537654876709,0.7173376719156901,0.4718660831451416,0.6787144978841145,0.48685274124145506,0.7212859471638997,0.40599498748779295,0.6272754033406576,0.3991303682327271,0.7659540812174479,0.36397247314453124,0.7336084365844726,0.3645606279373169,0.7381626764933268,0.6154019117355347,0.6875226974487305,0.47935941219329836,0.7000002225240072,160.51071086048555,151.30160986110963,122.81509556886303,127.80280174632341,174.75961599951452,0.6937614599863688,140.57741532545947,0.7329771518707275,44.74915016433789,0.6636378129323324,38.796597279853614,0.7520583788553874,111.56379179570138,0.6804419199625651
0.6535380363464356,0.7173375447591146,0.4718630790710449,0.6787097295125325,0.48685469627380373,0.7212856928507487,0.4059906005859375,0.6272777557373047,0.39913525581359866,0.7659558614095052,0.3639704704284668,0.7336076100667318,0.3645596504211426,0.7381621678670247,0.6154020309448243,0.687522538503011,0.4793588876724243,0.6999977111816407,160.50784482554747,151.3040717142756,122.8167054751389,127.80285018307816,174.76062312766254,0.6937601248423259,140.57369038370788,0.732976786295573,44.745726128899406,0.6636377334594727,38.794154977094905,0.752059014638265,111.56326613061427,0.6804426829020183
0.6459836959838867,0.7190114339192708,0.4779093265533447,0.6843575159708659,0.48904242515563967,0.7267569859822591,0.4062036514282227,0.6273139317830404,0.4006758213043213,0.7657826741536459,0.36358826160430907,0.731626319885254,0.3638695240020752,0.7358084996541341,0.6149975061416626,0.6887927691141764,0.4834758758544922,0.7055572509765625,163.7289711257864,151.04916474770033,126.64766484572083,124.48955385327848,172.73593171757497,0.6971750100453695,143.96936733342162,0.7356699625651042,45.35777072327082,0.6664355913798015,39.15855323850661,0.75079558690389,112.22179379846561,0.6794701258341471
0.6460201263427734,0.7189535776774089,0.4779665946960449,0.6843894322713217,0.4889479160308838,0.7267711639404297,0.4062310218811035,0.627372678120931,0.4007279872894287,0.76593443552653,0.36372909545898435,0.7314670562744141,0.36399087905883787,0.7355714162190755,0.6150280475616455,0.6887961069742838,0.48345725536346434,0.7055802981058756,163.68441340019436,151.03095481073314,126.3340163081564,124.41056481959387,172.73017137392398,0.6971882025400797,143.8878313269352,0.7357573668162027,45.3617523225723,0.6664764881134033,39.573545627607615,0.7507529258728027,112.21028423887255,0.6794198671976726
0.6460201263427734,0.7189535776774089,0.4779665946960449,0.6843894322713217,0.4889479160308838,0.7267711639404297,0.4062310218811035,0.627372678120931,0.4007279872894287,0.76593443552653,0.36372909545898435,0.7314670562744141,0.36399087905883787,0.7355714162190755,0.6150280475616455,0.6887961069742838,0.48345725536346434,0.7055802981058756,163.68441340019436,151.03095481073314,126.3340163081564,124.41056481959387,172.73017137392398,0.6971882025400797,143.8878313269352,0.7357573668162027,45.3617523225723,0.6664764881134033,39.573545627607615,0.7507529258728027,112.21028423887255,0.6794198671976726
0.645977783203125,0.7190376281738281,0.47795701026916504,0.6843877156575521,0.48894052505493163,0.7267622629801432,0.40620741844177244,0.6273624420166015,0.40064101219177245,0.7659777323404948,0.36370437145233153,0.7314030329386393,0.3639281988143921,0.7355142593383789,0.6150336742401123,0.6887729326883951,0.48344876766204836,0.7055749893188477,163.6961614463535,151.0293178277068,126.25195224034911,124.39301200256836,172.7232883559178,0.6971739610036214,143.89173941110462,0.7357763608296712,45.357950675139676,0.6664687156677246,39.68513004049095,0.7507459958394369,112.22117846380488,0.6793827374776205
