0,1,2,3,4,5,6,7,8,9,10,11,12,13,14,15,16,17,18,19,20,21,22,23,24,25,26,27,28,29,30,31
0.395860481262207,0.7745633443196615,0.4816713333129883,0.700929832458496,0.4476891040802002,0.701352055867513,0.7022217750549317,0.752713394165039,0.48824176788330076,0.7625888824462891,0.5836423397064209,0.7881295522054036,0.54591383934021,0.7901035944620768,0.40221731662750243,0.7333472569783528,0.46468021869659426,0.7011409441630045,129.75282279432005,171.44414299145376,157.9051416541335,52.8046955989345,152.72404897075626,0.7172441005706787,69.02121745755014,0.7318649133046469,12.249337157063957,0.7269271691640218,25.505296936853696,0.7763462384541829,163.3706758011281,0.7704214731852213
0.6594586372375488,0.7328506469726562,0.4809275150299072,0.6961284637451172,0.4046738624572754,0.701388168334961,0.5932761192321777,0.7404456456502279,0.49304838180541993,0.760668690999349,0.6317792415618897,0.7409141540527344,0.5423033714294434,0.7599077860514323,0.50073401927948,0.7242419878641764,0.4428006887435913,0.698758316040039,129.022481883931,174.44680169332136,147.54210431297304,168.12194330279007,23.74369945652242,0.7115001519521077,50.93652805208546,0.729713503519694,15.484724361642582,0.7196019808451335,179.1149490670628,0.7602882385253906,0.6971442259502643,0.7406798998514812
0.3948338985443115,0.7711464564005533,0.5017311573028564,0.6999217351277669,0.44647893905639646,0.7036930720011393,0.5956784248352051,0.7408459981282552,0.5408055305480957,0.7537518183390299,0.6665858745574951,0.7472295125325521,0.5888845443725585,0.764004898071289,0.440692138671875,0.734221076965332,0.47410504817962645,0.701807403564453,153.12853552435084,164.64521465188471,163.5855909320589,171.86635535815708,135.86967319685922,0.7180142402648926,37.91043147721044,0.7277796109517415,17.80241540088426,0.7213267008463542,12.038270464978071,0.7588783582051595,5.144242544178429,0.7440377553304036
0.4304955959320068,0.784117317199707,0.4892867565155029,0.7002191543579102,0.4343596935272217,0.7021024068196614,0.5910387992858886,0.740487543741862,0.5408427715301514,0.7572421391805013,0.6672591209411621,0.7517234802246093,0.5810963153839112,0.7734099706013997,0.4423971176147461,0.7355686823527018,0.4618232250213623,0.7011607805887858,157.0520801225122,164.9677161394639,170.67764084987434,174.55876267877682,119.44832279180059,0.7183647314707438,35.363894409949594,0.7292014598846436,16.927628329334325,0.720824162165324,21.88285591903939,0.7653260548909505,8.385800011783392,0.7461055119832356
0.6591339111328125,0.7302242279052734,0.4647480010986328,0.7005987167358398,0.40914254188537597,0.7026238759358724,0.7002142906188965,0.7534024556477864,0.5437679767608643,0.7690648396809896,0.5765070438385009,0.7810960133870443,0.5688385009765625,0.7850081761678059,0.4824675559997559,0.7257955551147461,0.43694527149200435,0.7016112963358561,177.05390090335672,176.09636190887764,179.8515210032997,42.28124051137949,27.980009488597773,0.7137034257253011,32.270495302407156,0.7353380680084228,11.129300881537679,0.7275068759918213,32.45389197435447,0.7770365079243977,167.3816014995038,0.7672492345174153
0.6568803310394287,0.7295986811319987,0.46219816207885744,0.7077849706013998,0.40238246917724607,0.7061246236165365,0.699472713470459,0.7559947967529297,0.4722750663757324,0.788714853922526,0.5895559310913085,0.7817299524943034,0.48727030754089357,0.7942375183105469,0.5222985744476318,0.7294095993041991,0.43229031562805176,0.7069547971089681,113.79169403021932,178.13304430107675,142.42558388652247,38.6071787535586,14.007924218558259,0.7181821982065837,63.93905773345456,0.7478348255157471,10.400591948611165,0.731474796930949,20.218473266895682,0.7914761861165365,166.82252876487868,0.7688623746236165
0.4235846519470215,0.7878835042317708,0.4767857551574707,0.7012700398763021,0.41324634552001954,0.6966780344645183,0.6872375011444092,0.7488841374715169,0.47420239448547363,0.7870731989542643,0.7250642776489258,0.8000521977742513,0.5583375453948974,0.7910541534423828,0.4311880350112915,0.7425089518229167,0.44501605033874514,0.6989740371704102,154.3433649571589,169.78333781332847,143.61318890501863,146.32033296945994,107.62143377769824,0.7207414944966635,71.670498543279,0.7430236180623373,11.642932605479405,0.7239290873209636,2.7089973384319435,0.7890636761983236,53.525765092843514,0.7744681676228842
0.41286263465881345,0.7890090942382812,0.4849540233612061,0.6972991943359375,0.4475442886352539,0.6998073577880859,0.6286247253417969,0.6864460627237956,0.5612259864807129,0.7522396723429362,0.6948278427124024,0.748542849222819,0.6163965225219726,0.7638961791992187,0.39535634517669677,0.7565065066019694,0.46624915599823,0.6985532760620117,149.04880251314657,167.5470016312248,168.41179706956,149.16938012749827,140.734797078903,0.7275298913319905,29.47764458074841,0.7253964742024739,175.73574436451216,0.6924996693929036,11.930077534462967,0.7580679257710774,43.166833065256945,0.7174944559733073
0.41715121269226074,0.7876798629760742,0.47757515907287595,0.6982952117919922,0.44000701904296874,0.7003758112589519,0.6331159114837647,0.7367825190226237,0.5666865825653076,0.7588801066080729,0.6912994384765625,0.7564855575561523,0.6129185676574707,0.7762100219726562,0.40029191970825195,0.7506051381429036,0.4587910890579223,0.699335511525472,153.95391516088912,164.4788060815853,174.0396053426959,175.10146378479135,138.7681465549142,0.7249703248341879,28.893114179670615,0.7291078090667724,12.123566409808403,0.7180590152740478,20.54835331767469,0.7675450642903645,18.707952330326503,0.746634038289388
0.38505020141601565,0.780940055847168,0.47443137168884275,0.7009352366129558,0.45740489959716796,0.7035867691040039,0.6323744773864746,0.7372158686319987,0.5855788230895996,0.7525812149047851,0.6853597164154053,0.7668659845987956,0.649653959274292,0.7771249771118164,0.374253249168396,0.7532198270161947,0.4659181356430053,0.7022610028584798,157.0189257964401,164.59264448112933,178.79051140079756,167.17373303670152,150.9292126170397,0.7277404149373372,22.807930619132332,0.7274211088816325,11.859460661233348,0.7197384357452392,20.959167577493158,0.7648530960083008,29.23102742616368,0.7520409266153971
0.37589321136474607,0.7733700434366862,0.4683844089508057,0.6976893107096355,0.4322462558746338,0.6998493194580078,0.6316781997680664,0.738865343729655,0.586862850189209,0.7555856068929037,0.6819850921630859,0.7707508087158204,0.7224623680114746,0.8025176366170247,0.3970453143119812,0.7454800605773926,0.4503153324127197,0.6987693150838217,160.45565754433696,165.9186321165927,178.2232022325581,164.89310271579876,138.753530474699,0.7221246878306071,22.591790380281317,0.7271774609883627,12.46652604360323,0.7188173294067384,19.09112806232773,0.7790516217549641,32.367300169769386,0.7548080762227376
0.37490994930267335,0.7733927408854167,0.46827383041381837,0.700259780883789,0.4415276527404785,0.7000276565551757,0.7013555049896241,0.7561896006266277,0.5940684318542481,0.7583603541056315,0.7227977752685547,0.8021487553914388,0.7232291221618652,0.8026683807373047,0.39349344968795774,0.7376367251078287,0.45490074157714844,0.7001437187194823,163.1983959578463,170.637021884628,178.02313022331066,135.85636811973256,148.59331472119192,0.7188902219136555,22.700535916026077,0.729252036412557,12.811657187468096,0.7281666596730549,18.934313865057458,0.7805143674214681,64.98856861283353,0.7791691780090333
0.39758665561676027,0.7849646886189778,0.45273189544677733,0.7022912343343098,0.42131681442260743,0.7045406341552735,0.7065112113952636,0.759065055847168,0.4769543170928955,0.7936222076416015,0.6502305030822754,0.7609781265258789,0.5471895694732666,0.7772473653157552,0.4177420973777771,0.7393682797749838,0.4370243549346924,0.7034159342447917,156.37451577325442,172.2344714710667,133.04680371458022,17.055531530099156,118.20591509079642,0.7213921070098877,66.12334079685164,0.7485190709431966,11.667596870697524,0.7312404950459799,166.87633204782088,0.7854347864786784,178.0531750132743,0.7600215911865235
0.3879145383834839,0.7811681747436523,0.460297966003418,0.7014279047648112,0.4314576148986816,0.7007917404174805,0.5731060028076171,0.7539193471272786,0.5453936100006104,0.7663864135742188,0.6609133720397949,0.7566242218017578,0.5898658275604248,0.7732879002888997,0.3959473133087158,0.7462783813476562,0.4458777904510498,0.7011098225911458,154.400591661973,159.9274512380962,162.19755237595768,167.28879166661872,137.86659201300972,0.723694101969401,33.262545413688045,0.7337481180826824,22.542221148845837,0.7275145848592122,8.821166300958604,0.7698371569315592,1.7644180818736228,0.7552717844645183
0.3815032720565796,0.7806897481282552,0.45707197189331056,0.7104500452677409,0.4391979694366455,0.7141666412353516,0.4862655162811279,0.7881301244099935,0.4550006866455078,0.7798914591471354,0.5594728469848633,0.7987395604451497,0.5001432418823242,0.8012710571289062,0.3931359887123108,0.7532041867574055,0.44813497066497804,0.7123083432515462,119.13519578833699,137.2550062765282,145.65319924915795,150.42400508630132,143.3664465336575,0.7327562650044759,84.19926710278152,0.7460999011993408,63.30231445861328,0.7502192338307698,25.342322005496513,0.7905812581380208,8.246073956125679,0.7934348424275717
0.3887594699859619,0.7807803471883138,0.45444355010986326,0.7019229888916015,0.42208547592163087,0.7041790008544921,0.564130163192749,0.7587741216023763,0.5401815414428711,0.7682151158650716,0.6613714694976807,0.7522417704264323,0.5737410068511963,0.7668573379516601,0.3941444277763367,0.7494118690490723,0.4382645130157471,0.7030509948730468,154.74264610785988,159.2725902316128,152.46377377700836,163.72314616975106,133.5813422877347,0.7262314319610595,32.5941990890202,0.7356330553690592,23.879886913267576,0.7309125582377116,177.68314135456947,0.7675362269083659,176.15683204602843,0.7555079460144043
0.4013240337371826,0.7842035929361979,0.4544574737548828,0.7052331288655599,0.414595890045166,0.7075331370035808,0.5585556983947754,0.7556452433268229,0.4740123271942139,0.7917439778645833,0.6305367946624756,0.752372932434082,0.5559674739837647,0.7704085032145183,0.4182260751724243,0.7442602475484212,0.4345266819000244,0.7063831329345703,155.22751867691122,162.97617748298077,137.60915800072112,164.1926411866125,113.28486996839962,0.7253216902414958,65.176000383911,0.7490635553995768,21.66209215372089,0.7310141881306966,165.40801507186347,0.7810762405395508,177.3970859987375,0.7540090878804524
0.3801152229309082,0.7807608922322591,0.4607664108276367,0.6979312260945638,0.43160090446472166,0.7005266825358073,0.5626120567321777,0.7592014312744141,0.5351446151733399,0.7688346862792969,0.6607523918151855,0.7566217422485352,0.5824202537536621,0.7733852386474609,0.3920236825942993,0.7411980946858724,0.4461836576461792,0.6992289543151855,152.88857778027415,158.77143053300912,156.93777980162662,163.51938521340034,142.22751492182223,0.720213524500529,38.0406964079194,0.7340318202972411,27.253076872314676,0.7292151927947998,5.498110058192651,0.7711099624633788,178.49428610423848,0.7579115867614746
0.38584959506988525,0.7811805089314778,0.4673807621002197,0.6982445398966471,0.4400778293609619,0.7006175359090169,0.5626112937927246,0.7593697865804037,0.5350405693054199,0.7691359202067057,0.6600306510925293,0.7599877039591472,0.5826648235321045,0.7736543655395508,0.3855526328086853,0.7443076451619466,0.45372929573059084,0.699431037902832,148.82495044295152,156.02990398626326,155.492413266461,164.00460466785677,146.64548808463138,0.7218693415323894,40.60515541526024,0.7342834790547689,28.83246410144034,0.7294004122416178,5.4198268359974655,0.7713951428731283,0.36341425453798243,0.7596787452697754
0.3794985055923462,0.7807963689168295,0.46671032905578613,0.6980766932169596,0.4398215293884277,0.7006447474161784,0.5623669147491455,0.7586858749389649,0.5444968700408935,0.76732177734375,0.6623705863952637,0.7560782114664714,0.5985452175140381,0.7683688481648763,0.38600913286209104,0.7458595593770345,0.45326592922210696,0.699360720316569,151.02832215311307,155.62399560623834,155.70197599218412,163.33055271900733,145.34146477883024,0.7226101398468018,36.683689857484474,0.7333412488301595,28.53574204364443,0.729023297627767,1.1098440221339543,0.7678453127543131,178.5063122201808,0.7573820432027181
0.38263373374938964,0.7775794982910156,0.4655299186706543,0.7141148885091145,0.4495108604431152,0.7147299448649088,0.48624358177185056,0.7880322138468424,0.4674783706665039,0.7830092112223307,0.5484197616577149,0.8039436340332031,0.5090909957885742,0.8051982243855794,0.3922074794769287,0.7486863136291504,0.4575203895568848,0.7144224166870117,122.77352760745386,134.02122186606968,147.66910602042898,149.79207172959724,152.31798445621695,0.731554365158081,81.7390619593764,0.7487158139546712,68.68383207874568,0.7512273152669271,28.067784107559184,0.7941037178039551,14.354422592693387,0.7959879239400227
0.38780698776245115,0.7808992385864257,0.4615002632141113,0.6983239491780598,0.43184399604797363,0.7004937489827474,0.5633355140686035,0.7586768468221029,0.5452031135559082,0.7645313898722331,0.6773978710174561,0.7535048802693685,0.6072834968566895,0.7645538965861003,0.3855757474899292,0.7439522425333659,0.44667212963104247,0.6994088490804036,153.88395076625224,157.80350466349,157.9429676120398,164.20855257896025,143.9054215360039,0.7216805458068847,33.46209744153821,0.7319701194763184,26.931740048387685,0.7290428479512532,0.02077209563207479,0.7645426432291667,177.4037971373914,0.7560908635457357
0.38927295207977297,0.7778796513875326,0.4534936428070068,0.6986132303873698,0.4216022491455078,0.7009194691975912,0.5619714736938477,0.7615516026814778,0.5368344783782959,0.7688002268473307,0.6642862796783447,0.7561915715535482,0.5900863647460938,0.7731452941894531,0.3927466869354248,0.7411120414733887,0.43754794597625735,0.6997663497924804,156.0666019058035,160.4793103773353,158.97470952291883,163.02660818827377,137.29704403067404,0.7204391956329346,34.810870168088606,0.7342832883199055,26.407712636276237,0.7306589762369791,4.664693559694163,0.7709727605183919,177.00115078941232,0.758871587117513
0.3890718936920166,0.7777830123901367,0.4529771327972412,0.701498285929362,0.42147183418273926,0.7011368433634441,0.7024458885192871,0.7579984664916992,0.5366719722747803,0.7686588287353515,0.664357852935791,0.7564689636230468,0.5910824298858642,0.7734713872273763,0.39648119211196897,0.7385725657145181,0.4372244834899902,0.701317564646403,158.0084390080621,171.56956522452936,159.92972711984865,11.34854784551495,137.5607127454863,0.7199450651804606,34.104049997379065,0.7349881966908773,12.063305473181057,0.7296580155690511,5.054608976831683,0.771065107981364,2.2995934925657764,0.757233715057373
0.6483397483825684,0.7405939102172852,0.44010105133056643,0.7091779708862305,0.3960944652557373,0.7086479187011718,0.5357551097869873,0.7911731719970703,0.4678126335144043,0.7936326344807942,0.4882568359375,0.7980473836263021,0.41162519454956054,0.8057243982950847,0.5775408267974853,0.7239118258158366,0.4180977582931519,0.7089129447937011,92.02660086135243,93.10897611998368,105.97000930452711,60.02815935016399,5.374024903108449,0.7164123853047688,59.59490442826815,0.7512727896372478,34.95935104009896,0.7500430583953857,167.85494623727337,0.7996785163879394,171.76501696423696,0.7946102778116861
0.6584197998046875,0.7448069254557291,0.4393302917480469,0.7091403325398763,0.3960931062698364,0.7087395985921224,0.4781154155731201,0.7926532745361328,0.4717216491699219,0.7943873087565104,0.49109396934509275,0.7946967442830404,0.41683030128479004,0.8000362396240235,0.577302622795105,0.7241145451863606,0.4177116990089417,0.7089399655659994,91.35065892617641,88.83211457801944,96.4300346818429,139.50142709913172,5.4315951470531445,0.71652725537618,57.703649705557226,0.7516636371612548,54.18749718858059,0.7507966200510661,174.1243106459239,0.7972117741902669,8.947747921118347,0.7936750094095866
0.6644208431243896,0.7441317240397135,0.4391371726989746,0.7094454447428385,0.39596405029296877,0.7089674631754558,0.4779054641723633,0.7932507832845052,0.4618229389190674,0.7961275736490886,0.4617325305938721,0.8034172058105469,0.40554118156433105,0.8097452163696289,0.5815546035766601,0.7237316449483235,0.4175506114959717,0.7092064539591472,94.16779370710088,88.16708461906353,110.41333743297591,97.0286444090761,5.061256849784002,0.7164690494537354,63.008475727664575,0.7526670138041178,54.31669421477343,0.7512286186218262,166.3984106298906,0.8029363950093588,147.84623569201966,0.7983339945475261
0.6480721473693848,0.7440127054850261,0.4407211780548096,0.7095621744791667,0.39584739208221437,0.7091951370239258,0.534913969039917,0.7912448883056641,0.4606621265411377,0.7965035756429036,0.48827109336853025,0.797888437906901,0.40336012840270996,0.8048910776774089,0.5774729251861572,0.7235050837198893,0.418284285068512,0.7093786557515462,96.06403311768824,92.926330310111,107.20831391992155,59.77209558323481,5.071153933642336,0.7164418697357178,64.06156248913028,0.752941115697225,35.06628624484181,0.7503117720286052,171.67254476141562,0.8006973266601562,171.8936364960935,0.7945666631062825
0.6432130336761475,0.7503845850626628,0.4442734241485596,0.7070579528808594,0.39649028778076173,0.7091123580932617,0.4789440631866455,0.7948901494344075,0.46203150749206545,0.7972539901733399,0.5139196395874024,0.7977671941121419,0.41105427742004397,0.8041062037150065,0.5712402582168579,0.7235958735148111,0.42038185596466066,0.7080851554870605,98.9618237649161,93.67910668837237,103.2040072758806,140.90806311019597,5.870318390688681,0.7158405145009359,64.96330791384422,0.7526695728302002,55.99478350692429,0.751487652460734,172.34435236399167,0.8006800969441732,4.702487704097643,0.7963286717732747
0.6373008251190185,0.7507429122924805,0.44348940849304197,0.7069982528686524,0.3966892957687378,0.7066967010498046,0.4780851364135742,0.7946212768554688,0.4628156661987305,0.7969461441040039,0.5240875720977783,0.7929251352945964,0.4152829170227051,0.8043593724568685,0.5621396780014039,0.7234195391337077,0.4200893521308899,0.7068474769592286,101.14034259130406,96.81320093636823,101.68633159968572,138.27440941422353,6.6542356924049955,0.7151335080464681,64.62889974008674,0.7518968105316162,56.54560873141263,0.7507343769073487,171.13553688501523,0.8006527582804361,177.8884215695286,0.7937732060750327
0.6376825332641601,0.7507284800211589,0.4435132503509521,0.7070058186848959,0.3967636823654175,0.7066939036051433,0.47798666954040525,0.7946783701578776,0.4629376411437988,0.7969892501831055,0.5240593910217285,0.7927947362263997,0.4151316165924072,0.8043093999226888,0.5575245141983032,0.7229150136311848,0.4201384663581848,0.7068498611450196,102.66683569311542,98.68761223052783,101.64652755956199,138.0673355820211,6.669557514700415,0.7148824373881022,64.60111725708745,0.7519195556640625,56.62912183331352,0.7507641156514486,171.2943788690237,0.8006493250528972,177.65882718598291,0.7937365531921386
0.651850414276123,0.7450202306111654,0.44290685653686523,0.7097607294718424,0.3965034246444702,0.7091883977254232,0.47835693359375,0.79486509958903,0.4629340171813965,0.7971354802449544,0.504527997970581,0.7976651509602865,0.41275582313537595,0.808259646097819,0.5749823808670044,0.723755137125651,0.4197051405906677,0.7094745635986328,96.97111243402247,91.86679909503079,106.5239268984657,139.99173542029473,5.2546101389413025,0.7166148503621419,63.75036986287712,0.7533050219217936,55.51617965445786,0.7521698315938314,167.50007830521682,0.8026975631713866,6.1068646545356815,0.7962651252746582
0.6517017841339111,0.745005480448405,0.43673977851867674,0.7069084803263347,0.39647321701049804,0.7092334111531575,0.4784660339355469,0.794743537902832,0.46286559104919434,0.7970674514770508,0.5045929908752441,0.7978123982747396,0.41274752616882326,0.8083916346232096,0.5749615430831909,0.7237601598103842,0.41660649776458736,0.708070945739746,95.71869031308462,90.82267091670089,104.93506201489775,141.1334953815681,5.65818183327309,0.7159155527750651,62.53524327174443,0.7525691986083984,54.483977348069565,0.751407241821289,167.26781191370983,0.8027295430501302,6.699239277320877,0.7962779680887858
0.6516804218292236,0.744969367980957,0.4365377426147461,0.7069319407145183,0.3964991569519043,0.7091843287150065,0.47810840606689453,0.7944596608479818,0.4624301910400391,0.7968205134073894,0.5046673774719238,0.7979373296101888,0.4126396656036377,0.8085777918497722,0.575181245803833,0.7236215591430664,0.4165184497833252,0.7080581347147623,95.64201943341061,90.63722139797433,105.49594923355482,141.90310330882227,5.602289580516043,0.7158398469289143,62.65003964811988,0.7524393240610758,54.5174320127989,0.7512588977813721,166.71384500158712,0.8026991526285807,7.45994728165449,0.7961984952290853
0.6514069080352783,0.7450217564900716,0.4365228176116943,0.7067185084025065,0.39666745662689207,0.7068035125732421,0.47760510444641113,0.79459654490153,0.46247057914733886,0.7966263453165691,0.4968449115753174,0.8025880813598633,0.40831904411315917,0.8132590611775716,0.5754659652709961,0.7216193834940592,0.4165951371192932,0.7067610104878743,96.5325255299126,91.92918380517152,111.51800354337215,152.5005499616136,5.3430379647604695,0.7141901969909668,62.95609877468411,0.7516936779022216,55.216417901723474,0.7506787776947021,162.9255905023313,0.8049427032470704,22.55627281797084,0.7985923131306967
0.6513769626617432,0.7450122833251953,0.4365224361419678,0.7067639668782552,0.39667348861694335,0.7068019231160482,0.4775733947753906,0.794579823811849,0.46252288818359377,0.7966466267903646,0.4969183921813965,0.8025079091389974,0.41298880577087405,0.8088348388671875,0.5754290342330932,0.7236801783243816,0.41659796237945557,0.7067829449971517,95.80352001286977,91.14437267261239,105.84889612091254,152.28427376932552,6.072567264971383,0.7152315616607666,62.93064988832377,0.7517147858937581,55.21980106622643,0.7506813844045004,166.17657625738937,0.8027407328287761,22.285100005193275,0.7985438664754232
0.4267544746398926,0.7876802444458008,0.4434628963470459,0.7023752212524415,0.40727081298828127,0.7048425038655599,0.703997802734375,0.7599242528279623,0.4774001598358154,0.7926482518513998,0.6223765850067139,0.7688643773396809,0.5491896152496338,0.7854411443074544,0.4256146550178528,0.7336028416951497,0.42536685466766355,0.7036088625590007,169.04915256651768,173.97493275113771,140.8071403081448,24.577210657118254,89.52665196073545,0.7186058521270752,59.69861513588707,0.7481285572052002,11.426384216128364,0.7317665576934815,174.2671539303439,0.789044698079427,173.74920413331427,0.7643943150838216
0.4271100521087646,0.7875100453694661,0.44354023933410647,0.7019967397054037,0.4138218402862549,0.7044923146565755,0.7037340641021729,0.7599096934000651,0.47742671966552735,0.7927814483642578,0.6223169803619385,0.7689261754353841,0.5493551254272461,0.7853258132934571,0.42535215616226196,0.7328680674235026,0.4286810398101807,0.7032445271809895,167.56875164393435,173.90727574360798,139.85908296609506,25.05645905119218,96.41159634795541,0.7180562973022461,61.43524886792257,0.7480129877726236,11.640948337735649,0.7315771102905273,174.08222195234578,0.7890536308288574,173.68056667367898,0.7644179344177247
0.42734742164611816,0.7875258127848307,0.44356908798217776,0.7019908905029297,0.41394333839416503,0.7045174280802409,0.7038069725036621,0.7599058787027995,0.47746100425720217,0.7928234100341797,0.6224465370178223,0.7688845952351888,0.5581780910491944,0.7888799667358398,0.42551375627517696,0.732763131459554,0.42875621318817136,0.7032541592915853,167.67874725667394,173.93225042601665,143.71431990027466,25.01606768848689,96.27052630777546,0.7180086453755696,61.46411742287566,0.7480387846628824,11.638354500264747,0.7315800189971924,177.20303145230264,0.7908516883850097,173.702476273865,0.7643952369689941
0.42841687202453616,0.7875698725382487,0.4434356689453125,0.7020343780517578,0.4075282096862793,0.7044759114583333,0.7041556358337402,0.7598899205525717,0.4774354934692383,0.7931028366088867,0.620745849609375,0.7688889821370443,0.5488277435302734,0.7853986104329427,0.43138231039047237,0.7277507464090983,0.4254819393157959,0.7032551447550456,174.8661321851372,175.23206844675434,140.17875818281516,24.736791642872728,76.45688818511918,0.715502945582072,59.961769505062676,0.7481789906819661,11.487753201808964,0.7315725326538086,173.840815925065,0.7892507235209147,173.8421912517657,0.764389451344808
0.42980203628540037,0.7873910903930664,0.4434697151184082,0.7020664850870768,0.40734314918518066,0.704587745666504,0.7040761947631836,0.7598630269368489,0.47736544609069825,0.7930460611979167,0.6204544067382812,0.7650714874267578,0.5485863208770752,0.7854127883911133,0.43159846067428587,0.7278030395507813,0.4254064321517944,0.7033271153767904,175.02738333724145,175.24223246169936,140.2035000225889,21.12981650248403,75.80293143575692,0.7155650774637858,59.92354197743545,0.7481865882873535,11.46838904053425,0.7315950711568197,173.8825360673791,0.789229424794515,176.43588360603943,0.7624672571818034
0.39236085414886473,0.7783023198445638,0.442676305770874,0.702060317993164,0.4069831848144531,0.7047000249226888,0.7037833213806153,0.7601642608642578,0.47394938468933107,0.7935028076171875,0.6052552223205566,0.7735409418741862,0.5258790016174316,0.7927810668945312,0.4642965078353882,0.7259164174397786,0.4248297452926636,0.7033801714579264,159.53641565485196,176.63242731191616,137.70370844978146,28.980708932314943,29.727160187200866,0.7146482944488526,61.408242182687424,0.748441489537557,11.50598444991261,0.7317722161610921,179.20372925102595,0.7931419372558594,172.26850207048972,0.7668526013692221
0.39071595668792725,0.7783878962198894,0.44291138648986816,0.7018996556599935,0.40727624893188474,0.7046029408772786,0.7038273811340332,0.7601915995279948,0.47703208923339846,0.7936938603719076,0.6055276393890381,0.7735909144083659,0.5271179676055908,0.7897867838541667,0.4400401592254639,0.7192807833353678,0.42509381771087645,0.7032512982686361,176.56533163518225,177.27012886962015,135.2353767593496,29.059824893112303,47.00266742675629,0.711266040802002,60.132626457491995,0.7484725793202718,11.545651553165126,0.7317214488983155,175.53952972848032,0.7917403221130371,172.23780692890162,0.7668912569681803
0.3927257776260376,0.7783889134724935,0.4424878120422363,0.7019768397013346,0.4069847106933594,0.7046180725097656,0.7038448333740235,0.7601327260335287,0.47713427543640136,0.7939834594726562,0.6052629947662354,0.7736744562784831,0.5274662017822266,0.7900643666585286,0.4648205041885376,0.7256008783976237,0.42473626136779785,0.7032974561055501,160.18880369407788,176.71079058670205,135.3628229597886,29.119457924653496,29.09216269858942,0.7144491672515869,59.980847899692776,0.7486404577891032,11.509853614069039,0.7317150910695394,175.54765074473627,0.7920239130655924,172.1784945065025,0.7669035911560058
0.39186534881591795,0.7782368977864583,0.4424584865570068,0.7019486745198568,0.4070444107055664,0.7046141306559245,0.7044707775115967,0.7606023152669271,0.47744097709655764,0.7939317067464192,0.6049594402313232,0.7738548914591471,0.5390882015228271,0.7897546132405598,0.46419055461883546,0.7255414962768555,0.4247514486312866,0.7032814025878906,160.7982090180803,176.72091366097,139.02335684877653,28.972241424438774,29.441112421512685,0.714411449432373,59.83315832347457,0.748606554667155,11.580890081376083,0.7319418589274089,176.1236767732179,0.7918431599934895,172.41418314935743,0.7672286033630371
0.6992139339447021,0.7419552485148112,0.4349792003631592,0.7046667098999023,0.4067439079284668,0.7047118504842123,0.5564396858215332,0.7662724812825521,0.47390317916870117,0.7935091654459635,0.5893651962280273,0.7793937683105469,0.5142372131347657,0.7938754399617513,0.4854809045791626,0.7256827354431152,0.420861554145813,0.7046892801920572,139.46829763209416,174.65845339711797,136.8349052780302,177.81834034049797,17.99787912372622,0.7151860078175862,59.155116863730775,0.7490992228190103,24.42881475811098,0.7354808807373047,0.5202903105042898,0.7936923027038574,21.72798930578258,0.7728331247965494
0.6991776943206787,0.7419960021972656,0.4347346782684326,0.7046780904134115,0.4019508361816406,0.7048039118448893,0.5562579154968261,0.766303825378418,0.47696704864501954,0.7940533955891927,0.5905873775482178,0.7749931971232097,0.5145174026489258,0.7938979466756185,0.4811032295227051,0.7256784121195475,0.4183427572250366,0.7047410011291504,143.25751601991016,175.66135556504133,136.93131693019154,172.01548086155964,18.44912378082188,0.715209706624349,56.71926850575973,0.7493971983591716,24.0551175845919,0.7355224132537842,179.76281140256228,0.7939756711324056,14.204207433300294,0.7706485112508139
0.6991039276123047,0.7419954299926758,0.43463430404663084,0.7046974817911784,0.40201435089111326,0.704800033569336,0.5558048725128174,0.7663430531819662,0.47715463638305666,0.7941757202148437,0.5813431739807129,0.7803201675415039,0.5140995502471923,0.794122314453125,0.48130295276641843,0.725625197092692,0.41832432746887205,0.7047487576802571,143.197716599234,175.47530617755487,136.8974342596631,176.17935378457776,18.33955975204762,0.7151869773864745,56.660732109316456,0.7494622389475505,24.133424793809393,0.7355459054311116,179.91717607928217,0.7941490173339844,28.691891219591156,0.773331610361735
0.3784395456314087,0.7805533091227214,0.45714569091796875,0.7015134811401367,0.4293648719787598,0.7041185379028321,0.7054720878601074,0.760064442952474,0.5506777763366699,0.7693628311157227,0.6619827747344971,0.7612339655558268,0.5869897842407227,0.7821613947550455,0.39987142086029054,0.7360753059387207,0.44325528144836424,0.7028160095214844,160.66965148533916,172.1725820652794,170.51566109989244,16.494015345707,142.52520400765,0.7194456577301025,31.777669813319154,0.7360894203186035,12.315835918266332,0.7314402262369792,19.415562369140794,0.7757621129353841,178.45956263561757,0.7606492042541504
0.3865430593490601,0.7781775792439779,0.47324423789978026,0.7113633473714193,0.4594508171081543,0.7116114298502604,0.49322919845581054,0.786411730448405,0.48782596588134763,0.7851934432983398,0.5659429550170898,0.8056869506835938,0.5281712055206299,0.8051780064900717,0.39609953165054324,0.7480532646179199,0.46634752750396724,0.7114873886108398,128.28957981732117,131.2872489393136,149.77064387735658,151.44158321611368,152.5018712924685,0.7297703266143798,73.75352332501993,0.7483404159545899,70.26281494409592,0.7489495595296224,26.35100009358554,0.7951857248942058,14.84669955565331,0.7960493405659994
0.3715641498565674,0.7738810857137044,0.45781712532043456,0.7014191945393881,0.43025875091552734,0.7040603637695313,0.705205249786377,0.7601063410441081,0.5504065990447998,0.7696766535441081,0.662015724182129,0.7611814498901367,0.5869038105010986,0.7821812311808268,0.4028867483139038,0.7358644485473633,0.444037938117981,0.7027397791544596,160.72761430491332,172.19601190864594,169.83583089941115,16.434468094901327,141.1676572170528,0.7193021138509115,32.181850694090755,0.7362082163492838,12.388532548514695,0.7314230600992839,18.91234922976378,0.7759289423624675,178.57404127733955,0.7606438954671224
0.38377845287323,0.7750281016031901,0.4702385425567627,0.7079147338867188,0.45353264808654786,0.711655871073405,0.4828427791595459,0.7887356440226237,0.48299689292907716,0.7862677892049154,0.5735615253448486,0.7945589701334635,0.5271152019500732,0.7992319107055664,0.39778953790664673,0.7439555168151856,0.4618855953216553,0.7097853024800619,131.83906638451666,132.63278243231244,142.4770533396656,146.47054767991932,151.9375005631053,0.7268704096476237,74.56901136470037,0.7480265458424886,75.13380930027833,0.7492604732513428,16.375373079772388,0.7927498499552409,3.672833712743622,0.7916473070780436
0.41495800018310547,0.7846225102742513,0.46914138793945315,0.7016822179158528,0.44334707260131834,0.7081592559814454,0.703720235824585,0.7594234466552734,0.5523181915283203,0.7638867696126302,0.6646098136901856,0.7529610315958659,0.5994173049926758,0.768831443786621,0.39347352981567385,0.7450562477111816,0.45624423027038574,0.7049207369486491,155.22087919759537,170.23118946389218,161.93781204315053,3.6006119260536855,147.40520033672794,0.7249884923299154,31.53979830768228,0.7344037532806397,12.420223625847873,0.7321720918019612,5.993211294527136,0.7663591066996256,9.38249861117842,0.7561922391255697
0.38768534660339354,0.7811978022257487,0.47459635734558103,0.7083730061848958,0.4591869831085205,0.7122053782145182,0.7038780212402344,0.7594233830769856,0.50613431930542,0.7788979212443033,0.5812432765960693,0.7934280395507812,0.5417043685913085,0.7973021825154623,0.3964257717132569,0.7481224060058593,0.4668916702270508,0.710289192199707,135.4384910567705,170.39192628129922,158.04598690390836,51.51671050530938,151.76860286477475,0.7292057991027832,60.231415025378766,0.7445935567220052,11.713138564856148,0.7348562876383463,27.357449119604585,0.7881000518798829,164.50215541628657,0.7764257113138835
0.38765435218811034,0.781182607014974,0.47465081214904786,0.7083887100219727,0.4592142105102539,0.712231699625651,0.7039411544799805,0.7594394048055013,0.5061034679412841,0.7788736343383789,0.5813135147094727,0.7934247334798177,0.5417274475097656,0.7972731908162435,0.3965190649032593,0.7481582323710123,0.46693251132965086,0.7103102048238119,135.39739748078267,170.3906745720027,158.01415713855937,51.494203155545506,151.74146527743835,0.7292342185974121,60.26025059798074,0.7445919195810954,11.710910491898918,0.7348748048146566,27.316062813618924,0.7880734125773112,164.50968677179586,0.7764320691426595
0.3875697135925293,0.7812076568603515,0.47450933456420896,0.7082660675048829,0.46692867279052735,0.7087364832560221,0.7039149761199951,0.7594329198201497,0.5059255599975586,0.778627586364746,0.5814537048339844,0.7933383305867513,0.5512327194213867,0.7963739395141601,0.39636634588241576,0.7478085835774739,0.4707190036773682,0.7085012753804525,132.36999607321576,169.84422975014442,153.88738201666115,52.93239089350756,152.13636354006925,0.7281549294789632,63.341294504143114,0.7435644308725993,12.320333680063825,0.7339670976003011,21.389773003450387,0.787500762939453,164.524378177089,0.7763856252034504
0.3875321388244629,0.7811894734700521,0.47466506958007815,0.7082742055257162,0.45976972579956055,0.712156867980957,0.7043708324432373,0.7595615386962891,0.5056747436523438,0.7786247889200847,0.5816349983215332,0.7931847890218099,0.5512470722198486,0.79626038869222,0.3956600069999695,0.7461782773335774,0.46721739768981935,0.7102155367533366,135.7755131575038,170.7281656163387,155.4766088527309,51.26772960484125,153.31717859406453,0.7281969070434571,60.656791845839194,0.7444201628367106,11.75417219477914,0.7348885377248129,21.15546276462881,0.7874425888061524,164.67979504917432,0.7763731638590494
0.3843765497207642,0.7748006184895834,0.47135162353515625,0.70802001953125,0.4539637088775635,0.7119345982869466,0.4779496192932129,0.7910305023193359,0.48206315040588377,0.7862144470214844,0.567952299118042,0.7952246348063151,0.5270570755004883,0.7995656967163086,0.39781271219253544,0.7438494046529134,0.46265766620635984,0.7099773089090984,130.97623975399213,131.1718714388435,142.23740109392514,143.67416684460954,152.41945211242668,0.7269133567810059,75.71913914143634,0.7480958779652913,79.31584000381402,0.7505039056142171,16.527439340363106,0.7928900718688965,2.668057995453315,0.7931275685628255
0.39180240631103513,0.7784177780151367,0.471738338470459,0.7079943339029948,0.4467489242553711,0.7116800944010416,0.4776886463165283,0.7910962422688802,0.4821322917938232,0.7863013585408528,0.5745383262634277,0.7911821365356445,0.5270668983459472,0.7998198827107748,0.3969857573509216,0.7417455355326334,0.459243631362915,0.7098372141520182,134.28680976132455,134.2351264049729,143.75053824708345,144.8463478320109,152.86401421645795,0.7257913748423258,73.33553507343942,0.7480692863464355,77.21111943882312,0.7504667282104491,16.743852921036467,0.7930606206258137,0.0508145993083743,0.7911391894022624
0.37959609031677244,0.7772704442342122,0.45771069526672364,0.7045815785725912,0.42902417182922364,0.7075136820475261,0.7066912174224853,0.7598684310913086,0.5423654079437256,0.7702758153279622,0.6470881938934326,0.7649499257405599,0.5783875465393067,0.782717514038086,0.40761207342147826,0.7354964256286621,0.44336743354797364,0.7060476303100587,161.49720801094713,173.10715540536998,169.46475443100437,20.999306161799662,140.52448033180832,0.7207720279693604,32.974814437828435,0.7381617228190105,11.551592317753338,0.7329580307006837,19.0544179685288,0.776496664683024,175.12699466914648,0.7624091784159343
0.6171881198883057,0.7462711334228516,0.45062899589538574,0.7138100941975911,0.3961537599563599,0.7126791636149089,0.5324467182159424,0.7827633539835612,0.4610729217529297,0.7914307276407878,0.49590258598327636,0.7947101593017578,0.4194288730621338,0.8054375330607096,0.5524953603744507,0.7217449506123861,0.4233913779258728,0.71324462890625,101.5844790568433,104.32717220847869,111.05124659476121,66.43153214940173,3.766968361861956,0.717494789759318,64.26840459938525,0.7523376782735189,32.51599602785912,0.7480039914449056,161.40984473374354,0.7984341303507487,161.89668291816668,0.7887367566426595
0.6171554088592529,0.7463081995646159,0.45690093040466306,0.714045524597168,0.3961508274078369,0.7127093633015951,0.5328817367553711,0.7825373967488607,0.46065669059753417,0.7913626352945964,0.49572229385375977,0.7945671081542969,0.41931815147399903,0.805404535929362,0.5524773120880127,0.721748701731364,0.42652587890625,0.7133774439493815,103.5306800322222,105.16769831400777,113.23999498199576,67.49811435790842,3.8025239547985166,0.7175630728403728,66.36304357755155,0.752370039621989,33.03471449769105,0.747957420349121,161.238371275455,0.7983835856119792,162.0615584113725,0.7885522524515788
0.6116359233856201,0.7509713490804036,0.4492930889129639,0.7105956395467122,0.3961557626724243,0.7099957784016927,0.4825741291046143,0.7917295455932617,0.4679895877838135,0.7936716715494792,0.513455867767334,0.7932803471883138,0.44848217964172366,0.798489507039388,0.5439570426940918,0.7212865829467774,0.4227244257926941,0.7102957089742025,105.11898803108875,102.61762414716839,87.59208880379556,140.42822410226057,5.180238522448519,0.71579114596049,61.502278023435565,0.7519836902618409,53.686016959567276,0.7510126272837321,166.1270151041489,0.7960805892944336,2.8748319297767697,0.7925049463907877
0.6121387481689453,0.7507622400919597,0.4495981216430664,0.7108098983764648,0.396112060546875,0.7127370198567708,0.5325563907623291,0.7828960418701172,0.4674539089202881,0.7937204360961914,0.5024157047271729,0.7941951115926107,0.43495001792907717,0.799493408203125,0.548160719871521,0.7213628768920899,0.42285509109497066,0.7117734591166178,103.32096490200708,108.7267404670007,92.2206960536874,66.56179044705094,4.376214598994039,0.7165681680043539,61.443202141592124,0.7527469476064046,32.95652919782814,0.7473347504933675,169.92879587208674,0.7966069221496581,159.45010061549044,0.7885455767313639
0.6195582866668701,0.7460847854614258,0.4497647762298584,0.7107158660888672,0.3958341121673584,0.7099897384643554,0.5324291706085205,0.7828749338785808,0.46703224182128905,0.7937760670979818,0.5022865772247315,0.7942347844441732,0.4262862682342529,0.800131352742513,0.5483563661575317,0.7214116414388021,0.4227994441986084,0.7103528022766112,103.73006976715426,108.95768659749156,96.64104625873038,67.19090202928383,5.033524848480738,0.7158822218577067,62.066509193247406,0.7520644346872964,33.48538759133985,0.746613868077596,171.1348151049562,0.7969537099202474,159.3500599258796,0.7885548591613769
0.6124608039855957,0.7508182525634766,0.4497212409973145,0.7106173197428386,0.3958903312683105,0.7099170684814453,0.5323747158050537,0.7827972412109375,0.46718683242797854,0.7938352584838867,0.5139822483062744,0.7937177658081055,0.4263953685760498,0.8001057942708333,0.5483858346939087,0.7214075088500977,0.4228057861328125,0.7102671941121419,103.76054297273733,108.88515892322455,96.4511123820628,73.16647424988865,5.069487646204806,0.7158373514811198,62.028272980183324,0.7520512262980144,33.502892356685265,0.7465322176615397,171.26080008406242,0.79697052637736,149.30028431327543,0.7882575035095215
0.6195489406585694,0.7461233774820963,0.45002284049987795,0.7107712427775065,0.39566354751586913,0.7100136439005534,0.5325433731079101,0.78282044728597,0.4611544132232666,0.7922231038411458,0.5024571895599366,0.7942420323689778,0.42632150650024414,0.8000735600789388,0.5486439943313599,0.7213483810424806,0.4228431940078735,0.71039244333903,103.92279532160256,108.75714181587277,100.47969370366069,67.2724995265705,4.977306580103601,0.7158704121907553,64.91209530187616,0.7513077735900879,33.43422780880326,0.7466064453125,167.2991833793884,0.7961483319600423,159.21179032128987,0.788531239827474
0.6195732116699219,0.7461791356404622,0.44976301193237306,0.7106556574503581,0.3958564281463623,0.7099418004353841,0.5323185443878173,0.7828128178914388,0.4616128444671631,0.7922224680582682,0.5025064468383789,0.7942022959391276,0.4261730194091797,0.8001668294270833,0.5533016920089722,0.7216265360514322,0.4228097200393677,0.710298728942871,102.2499695511884,104.58273165705646,100.4915427077544,67.38195155587103,4.9613209635307385,0.7159626324971516,64.6554561821774,0.7512605985005696,33.51156039999909,0.7465557734171548,167.36517212344754,0.7961946487426758,159.09103531096315,0.7885075569152832
0.6195732116699219,0.7461791356404622,0.44976301193237306,0.7106556574503581,0.3958564281463623,0.7099418004353841,0.5323185443878173,0.7828128178914388,0.4616128444671631,0.7922224680582682,0.5025064468383789,0.7942022959391276,0.4261730194091797,0.8001668294270833,0.5533016920089722,0.7216265360514322,0.4228097200393677,0.710298728942871,102.2499695511884,104.58273165705646,100.4915427077544,67.38195155587103,4.9613209635307385,0.7159626324971516,64.6554561821774,0.7512605985005696,33.51156039999909,0.7465557734171548,167.36517212344754,0.7961946487426758,159.09103531096315,0.7885075569152832
0.6152754306793213,0.7516007741292318,0.451172399520874,0.7075939178466797,0.3982940912246704,0.7097731272379557,0.5456168174743652,0.7689576466878255,0.46909470558166505,0.7942344029744466,0.5401938915252685,0.7845252354939779,0.47658500671386717,0.7896650314331055,0.545361590385437,0.7214186350504557,0.42473324537277224,0.7086835225423177,106.26539969095576,116.80904808074618,91.24628903779774,104.09375258710593,6.026571114662744,0.7150510787963866,62.5915038292196,0.7514589627583821,26.501441885115973,0.7388205846150716,148.61520423032377,0.791949717203776,109.20563881972403,0.7767414410909017
0.6200902938842774,0.7504334767659505,0.44295339584350585,0.7075106302897135,0.39614503383636473,0.709730847676595,0.5324228763580322,0.777853520711263,0.46707582473754883,0.7938100179036458,0.5024460792541504,0.7941741307576498,0.42452349662780764,0.8050067901611329,0.5537125587463378,0.7196986198425293,0.4195492148399353,0.7086207389831543,101.38767452320951,101.41654606250533,101.7877466092336,74.46920549535292,4.720210551488606,0.7141596794128418,60.84310286420121,0.7512153784434,31.523506087764442,0.7432371298472087,165.25795941121459,0.7994084040323893,151.4342967784314,0.7860138257344564
0.6201251983642578,0.7504123687744141,0.44249649047851564,0.7102389653523763,0.39616074562072756,0.7097341537475585,0.5315241336822509,0.7825458526611329,0.4671278953552246,0.7938378016153972,0.5025097846984863,0.7942120869954427,0.4244908332824707,0.8050497690836589,0.5579898595809937,0.7199185371398926,0.4193286180496216,0.7099865595499675,99.44427526499275,99.98316127270675,101.62483752275713,67.26175238704337,4.096964551790762,0.71495254834493,60.3147611531008,0.7519121805826823,32.89163224204192,0.7462662061055502,165.26688395459593,0.799443785349528,158.09568068943045,0.7883789698282877
0.4368427753448486,0.789364751180013,0.4577683925628662,0.7037305196126302,0.4370819091796875,0.7059445063273112,0.7021849632263184,0.7566139856974284,0.5607135772705079,0.7709573745727539,0.6348108768463134,0.7753971735636394,0.593598747253418,0.7896649678548177,0.419822883605957,0.7399330774943034,0.4474251508712769,0.7048375129699707,162.14879044056065,171.8927711901922,179.50707240742864,36.211660596523515,128.1846528665244,0.722385295232137,30.269622279638927,0.7378974437713623,11.488122265261152,0.7307257493336996,29.634521159663773,0.7803111712137858,164.4220880270349,0.7660055796305338
0.43624186515808105,0.7894217173258463,0.45766773223876955,0.7037830352783203,0.43758196830749513,0.7060285568237304,0.7022680282592774,0.7566347122192383,0.5607213973999023,0.7709800720214843,0.634716796875,0.7754849751790365,0.5937012195587158,0.7896945953369141,0.4157665729522705,0.7419833501180013,0.44762485027313237,0.7049057960510254,161.0174117506432,171.4445232958939,179.4402437885572,36.260478603565254,130.67027657196786,0.7234445730845134,30.2947087398327,0.7379429340362549,11.482968209283396,0.7307702541351319,29.57290547505323,0.7803373336791992,164.40816755303354,0.7660598436991374
0.44445319175720216,0.7898815155029297,0.4516446113586426,0.7010752995808919,0.4292665958404541,0.7032995859781901,0.5873378276824951,0.73914794921875,0.5608081340789794,0.7681989669799805,0.6998133659362793,0.7497577667236328,0.6047869205474854,0.7892676671346028,0.4099839091300964,0.7400910059611003,0.4404556035995484,0.7021874427795409,161.81257960252992,165.57103642764568,177.6780481168247,174.99533351730364,128.7967380328588,0.7211392243703206,28.74409539991094,0.7351932048797607,14.124303475892573,0.7206676959991455,25.597452978729606,0.7787333170572917,5.3887652769373515,0.7444528579711914
0.4334408760070801,0.7857676188151042,0.4586298942565918,0.7010548273722331,0.42956933975219724,0.7031837463378906,0.5875637531280518,0.7391604105631511,0.5610071182250976,0.7680243174235026,0.6998614311218262,0.749748166402181,0.6053466320037841,0.7853620529174805,0.40582275390625,0.7398921966552734,0.4440996170043945,0.7021192868550619,160.86355691176666,165.29221890652732,174.05184023232454,174.83710398643132,135.37967206617867,0.7210057417551676,29.411544877632043,0.7350718021392822,14.477079005485209,0.7206398487091065,21.356603087065793,0.7766931851704916,5.386093020757218,0.744454288482666
0.43352580070495605,0.7857947667439779,0.4583897590637207,0.7010400772094727,0.4294864654541016,0.7031903584798177,0.5876148700714111,0.7391589482625326,0.5610988140106201,0.7679665883382162,0.6998541355133057,0.7497706731160482,0.6054676055908204,0.7853560129801432,0.40583622455596924,0.7398392041524251,0.4439381122589111,0.7021152178446453,160.92973372746732,165.328059479881,174.13830892723288,174.85248149639455,135.28554864724424,0.7209772109985352,29.338609046504832,0.7350409030914307,14.457528043730852,0.7206370830535889,21.401662732897314,0.7766613006591797,5.401007116766854,0.7444648106892904
0.43303580284118653,0.7859127680460612,0.4582373142242432,0.7010644912719727,0.4294023036956787,0.7031807581583659,0.5875950813293457,0.7391964594523112,0.5610597133636475,0.7678706487019856,0.6998332977294922,0.7498632431030273,0.6057136535644532,0.7853628794352213,0.40194220542907716,0.7397528330485026,0.443819808959961,0.7021226247151693,160.73767261660367,165.36900772353644,174.1810339138135,174.86589368396602,138.05789719617815,0.7209377288818359,29.283665800363444,0.7349966367085774,14.45928600308944,0.7206595420837403,21.391705172571363,0.7766167640686035,5.428913614724145,0.7445298512776692
0.4164134979248047,0.7841682434082031,0.4589223384857178,0.7010518391927083,0.43796381950378416,0.7034316380818685,0.5874732494354248,0.7391743977864583,0.5612220287322998,0.7676145553588867,0.6998548030853271,0.7498285293579101,0.6150739669799805,0.7852302551269531,0.4018527865409851,0.7398248036702474,0.448443078994751,0.7022417386372883,159.79249055471655,164.9224905915896,171.63857324580766,174.6975839494995,141.10786762406272,0.7210332711537679,30.098914808155445,0.7349281469980875,14.876748355345619,0.7207080682118734,18.11362304122415,0.7764224052429198,5.415637671967591,0.7445014635721843
0.4463397979736328,0.787212053934733,0.4485668659210205,0.701266098022461,0.4264105796813965,0.7033127466837565,0.5788737773895264,0.7391318639119466,0.5510043144226074,0.7705677668253581,0.7008581161499023,0.748699696858724,0.5938933372497559,0.7943556467692058,0.4110511541366577,0.7424073855082194,0.43748872280120854,0.7022894223531088,160.3503053668039,164.27639461802693,178.53158689674498,174.49089683130475,123.38471381087847,0.722348403930664,31.026432725653866,0.7364285945892335,14.605462106614839,0.7207106431325276,29.01441352116377,0.7824617067972819,4.484808531895814,0.7439157803853353
0.4463397979736328,0.787212053934733,0.4485668659210205,0.701266098022461,0.4264105796813965,0.7033127466837565,0.5788737773895264,0.7391318639119466,0.5510043144226074,0.7705677668253581,0.7008581161499023,0.748699696858724,0.5938933372497559,0.7943556467692058,0.4110511541366577,0.7424073855082194,0.43748872280120854,0.7022894223531088,160.3503053668039,164.27639461802693,178.53158689674498,174.49089683130475,123.38471381087847,0.722348403930664,31.026432725653866,0.7364285945892335,14.605462106614839,0.7207106431325276,29.01441352116377,0.7824617067972819,4.484808531895814,0.7439157803853353
0.44557738304138184,0.7873256047566731,0.4485372543334961,0.7012685139973959,0.42656559944152833,0.7032695770263672,0.577372694015503,0.7391334533691406,0.5508592605590821,0.7704396565755208,0.7009415626525879,0.7486228307088216,0.605001974105835,0.795036506652832,0.4039083242416382,0.7424339612325033,0.43755142688751225,0.7022690455118815,159.75712636565498,164.1398318775107,175.44572068223871,174.41014499391355,129.9503538890437,0.7223515033721923,31.03283044872588,0.7363543510437012,14.770132424500456,0.7207012494405111,24.43213632199467,0.7827380816141765,4.391366886323176,0.7438781420389811
0.44447717666625974,0.7873806635538737,0.44873676300048826,0.701282246907552,0.42657198905944826,0.7032584508260091,0.5788239955902099,0.7393194198608398,0.5511798858642578,0.7704327901204427,0.7011569976806641,0.7484779357910156,0.6050428867340087,0.7951751708984375,0.40410330295562746,0.7446750005086262,0.43765437602996826,0.7022703488667805,158.9523284010802,163.53902206055207,175.64067248524736,174.33527880608094,128.35147107525975,0.7234726746877034,30.9812452297313,0.7363515694936116,14.705283662577367,0.7207948843638101,24.67204586965059,0.7828039805094401,4.281487542359152,0.7438986778259278
0.4458338260650635,0.7871188481648763,0.4491398334503174,0.7013203938802083,0.4261965751647949,0.7033742268880209,0.5724462032318115,0.7578951517740885,0.5505430221557617,0.7706578572591146,0.7006999969482421,0.7489146550496419,0.6043290138244629,0.7900823593139649,0.40431619882583614,0.7445907592773438,0.43766820430755615,0.7023473103841146,158.92580031375863,162.1258004473184,172.0932838926217,165.9549551890865,128.29176261026487,0.7234690348307291,31.18184579881301,0.7365025838216146,22.398676894711784,0.7301212310791015,19.856894445136994,0.7803701082865397,175.99461289697885,0.7534049034118653
0.632984209060669,0.7455251693725586,0.4749572277069092,0.7234821955362956,0.3971812009811401,0.7126036961873372,0.5839929580688477,0.7768086115519206,0.4561160564422607,0.7907169342041016,0.5368460655212403,0.7780799229939779,0.41642069816589355,0.7868195215861002,0.5613197088241577,0.7205795288085938,0.4360692143440247,0.7180429458618164,108.26936944877018,133.62720739970646,100.3364026223787,32.328623274847686,1.1602000702748114,0.7193112373352051,74.5786846545763,0.7543799400329589,21.66644003167697,0.7474257787068685,5.607503682679152,0.7887682278951009,178.45539908326344,0.7774442672729492
