0,1,2,3,4,5,6,7,8,9,10,11,12,13,14,15,16,17,18,19,20,21,22,23,24,25,26,27,28,29,30,31
0.2988605976104736,0.7540313720703125,0.4562556266784668,0.6789136250813802,0.4738454818725586,0.7090771993001302,0.5211866855621338,0.6043574015299479,0.5714774131774902,0.738168462117513,0.5349619865417481,0.6892402648925782,0.5673696994781494,0.740057373046875,0.32739586830139156,0.7411708513895671,0.4650505542755127,0.6939954121907552,156.7540924981376,157.27853226098873,48.93137990291483,95.32686161002444,161.08297363636296,0.7175831317901611,22.541161232084697,0.716081937154134,122.05700628585672,0.6491764068603516,155.30490784464118,0.739112917582194,80.78205960741869,0.6467988332112631
0.2981435775756836,0.7446216583251953,0.4693784713745117,0.6833378473917643,0.5011052131652832,0.7159348169962565,0.5235470771789551,0.6083410263061524,0.5635247707366944,0.7113276163736979,0.5452019214630127,0.7024641672770182,0.6585228919982911,0.7371472676595052,0.33149248361587524,0.7456971168518066,0.48524184226989747,0.6996363321940104,163.08025169802548,148.33378952554796,177.00942206939717,105.65671576197053,163.3226468960021,0.7226667245229086,8.494145243702317,0.7054819742838542,112.76170695190217,0.6539886792500814,15.205185715767046,0.7242374420166016,77.04346494236101,0.6554025967915853
0.29252440929412843,0.7318003336588542,0.46494364738464355,0.6807373046875,0.49465312957763674,0.7129580815633138,0.5317882061004638,0.6081469217936198,0.5742440700531006,0.7200609842936198,0.5775092124938965,0.7207106908162435,0.568959379196167,0.7321104685465495,0.33580502271652224,0.7401576360066732,0.47979838848114015,0.6968476931254068,161.37355589090618,154.33916351132027,87.89716962635299,125.83010860312551,163.2599031940498,0.71850266456604,13.808700017491436,0.7084543387095132,120.37567114418349,0.6524973074595133,113.68140715589699,0.7260857264200846,67.89405777819579,0.6644288063049317
0.2924459934234619,0.7321402867635091,0.45883951187133787,0.673207155863444,0.4828049182891846,0.7202451705932618,0.5266650676727295,0.6088466008504232,0.573037576675415,0.7221582412719727,0.6160524368286133,0.7376604715983073,0.6654898166656494,0.7476717631022135,0.33397659063339236,0.7447991371154785,0.47082221508026123,0.6967261632283529,160.61780284375445,157.63893364393408,179.23810679078014,140.49872690463235,160.64395796502993,0.7207626501719158,13.971987698612825,0.7094422022501627,122.43381775883017,0.652786382039388,15.427606740356238,0.7349150021870932,55.24219118011873,0.6732535362243652
0.29110031127929686,0.7349664052327474,0.4571328639984131,0.672905158996582,0.48177495002746584,0.7161766052246094,0.527781629562378,0.60847593943278,0.5610703468322754,0.7190556208292643,0.5811888217926026,0.7257017135620117,0.6510632991790771,0.7500697453816731,0.3340825080871582,0.7455567359924317,0.46945390701293943,0.6945408821105956,158.36052463452742,159.4132111602585,177.98612496345598,130.07647507333385,159.3506589889135,0.7200488090515136,14.980268862831208,0.70679825146993,124.12618265681377,0.6515084107716878,19.015404196646394,0.7345626831054688,65.50634249645167,0.6670888264973959
0.297725510597229,0.7357873280843099,0.45406742095947267,0.677871576944987,0.47492504119873047,0.7192605972290039,0.5280240058898926,0.6058174769083658,0.5637006759643555,0.7226531982421875,0.5471519947052002,0.7130690892537435,0.6534705638885498,0.7496754964192708,0.33016008138656616,0.7502967516581217,0.46449623107910154,0.6985660870869954,159.60199139950856,160.54576832158347,178.38126243657933,110.06416783347458,158.93911682805447,0.7244314193725585,13.647475711185402,0.7106096426645915,124.40903128126696,0.6521917819976806,16.752708763370215,0.7361643473307291,79.88779777397359,0.6594432830810546
0.29582512378692627,0.7434157053629558,0.45271592140197753,0.681250254313151,0.47234358787536623,0.7207855860392253,0.5277215957641601,0.6059771219889323,0.5675434112548828,0.7329793930053711,0.5406105995178223,0.7079484303792317,0.6556539535522461,0.7533803304036458,0.3263713836669922,0.7477073351542155,0.46252975463867185,0.7010179201761881,159.5774797078998,159.589278881129,177.86634743881802,102.27620940346883,161.07289119321683,0.7243626276652018,16.92790991069799,0.7169986565907795,124.44760274772997,0.6534975210825602,13.036429037060522,0.7431798617045084,82.79611109062391,0.6569627761840819
0.30342860221862794,0.7372669855753581,0.454423713684082,0.6933300018310546,0.472747278213501,0.724057388305664,0.5331737518310546,0.6863731384277344,0.5295874118804932,0.7202032089233399,0.6483115673065185,0.7498615900675456,0.5578356266021729,0.7284274419148763,0.3232998847961426,0.749082088470459,0.4635854959487915,0.7086936950683593,162.13890584531737,178.85206864969754,175.5930706193096,163.69067962613113,163.93882775779747,0.7288878917694092,9.891858115932449,0.7144484519958496,162.21626436070142,0.6975334167480469,16.232480073899122,0.7243153254191081,28.872899259029147,0.7181173642476399
0.3130258798599243,0.7623597462972005,0.44420571327209474,0.7086860656738281,0.4638038158416748,0.7264885584513346,0.5373900413513184,0.7084978739420573,0.5545132637023926,0.7237597147623698,0.5527842521667481,0.722942606608073,0.567750358581543,0.7333946228027344,0.3158770084381104,0.7557321548461915,0.45400476455688477,0.7175873120625813,168.85474573574254,174.18380868638147,151.8619474377923,139.9257746277308,164.56217665184377,0.7366597334543864,3.5142206046770763,0.7206735134124755,173.77901764794166,0.7130425930023193,36.04981685922029,0.7285771687825521,43.177457550611436,0.7157202402750651
0.3323286294937134,0.7647066752115885,0.4414973258972168,0.6945682525634765,0.4648873329162598,0.7296844482421875,0.5239249229431152,0.6160961151123047,0.573866891860962,0.730430793762207,0.5469333171844483,0.7171078364054362,0.6618053913116455,0.756741460164388,0.32013534307479863,0.7571621894836426,0.45319232940673826,0.712126350402832,165.36077427008382,161.065631147861,175.41486399791117,105.87376152288779,161.3005664079462,0.7346442699432373,8.625125115806851,0.7212785720825194,126.37409257051746,0.6641112327575683,16.65686451167147,0.7435861269632975,77.16812991425113,0.6666019757588704
0.31097164154052737,0.7696936925252279,0.4495850563049316,0.6895977020263672,0.47237610816955566,0.7151704788208008,0.5301909923553467,0.6080121358235677,0.5782681465148926,0.729441515604655,0.557535982131958,0.7204190572102864,0.6624794960021972,0.7553115844726562,0.31559053659439085,0.7558611234029133,0.46098058223724364,0.702384090423584,161.26614330517532,160.82043911613394,177.64018528186048,114.25263647206737,159.80558432639128,0.7291226069132486,12.990472232676822,0.7159128030141195,126.25553935431158,0.6551981131235758,17.077170603320386,0.7423765500386557,76.32736192112974,0.6642155965169271
0.3038793563842773,0.7656652450561523,0.44826807975769045,0.6937159220377604,0.4633503437042236,0.716010856628418,0.5226054668426514,0.6225802103678385,0.5527956008911132,0.7015555699666342,0.5465864658355712,0.7045732498168945,0.6544312953948974,0.7512036641438802,0.30866858959197996,0.7526959737141927,0.455809211730957,0.7048633893330892,170.12198057273474,160.377016747059,167.09760768279943,106.11980665166806,161.9916536565131,0.7287796815236409,178.04662637836466,0.7032094796498617,129.0691759310282,0.6637217998504639,26.035080120823228,0.7263796170552572,73.69706693295922,0.6635767300923665
0.3764254093170166,0.763904062906901,0.45418314933776854,0.6998739242553711,0.4530773639678955,0.7252327601114908,0.5313769817352295,0.6108060201009115,0.5246187686920166,0.7134176890055338,0.5345698833465576,0.6975668589274089,0.6393683910369873,0.7489774703979493,0.35762873888015745,0.7584380149841308,0.453630256652832,0.7125533421834309,164.21425619526485,167.73820752955268,173.8774788893566,81.61772354472627,154.45416930880668,0.7354956785837808,0.6975914331084452,0.7129855155944824,127.38401275779628,0.6616796811421712,17.217695580237894,0.7311975797017416,87.89239858127368,0.6541864395141601
0.38013358116149903,0.7568200429280599,0.45319499969482424,0.7005469640096028,0.4631651878356934,0.7249853769938152,0.5304117679595948,0.6110398610432942,0.5329115390777588,0.708279037475586,0.5468303680419921,0.7078660329182943,0.646509313583374,0.7462818145751953,0.3589858651161194,0.7578636169433594,0.4581800937652588,0.712766170501709,167.52375604798823,165.9565635118745,171.5938396383354,96.46017481571978,155.5516600952032,0.7353148937225342,176.56388966366137,0.7105226039886474,125.3769965112012,0.6619030157725017,18.497048623453654,0.7272804260253907,80.37602457871442,0.6594529469807943
0.32559731006622317,0.7579432169596354,0.44687304496765134,0.6952166239420573,0.4562077045440674,0.7248175938924154,0.5247123718261719,0.6162832895914714,0.5369687557220459,0.7053759256998698,0.535458755493164,0.69752991994222,0.6467420578002929,0.7476786931355794,0.32850214242935183,0.754877217610677,0.4515403747558594,0.7100171089172364,169.7519888619216,163.21251590053797,169.84537456793618,89.07109851353817,159.9679926834488,0.7324471632639566,176.89027180094416,0.7076965173085531,127.97688126442412,0.6631501992543538,21.074907057375924,0.7265273094177247,82.46530022066192,0.6569066047668457
0.30828099250793456,0.7598316192626953,0.44736881256103517,0.6911797841389974,0.45702533721923827,0.7278338114420573,0.5363381862640381,0.6035506566365559,0.5394983291625977,0.7151991526285807,0.5703689098358155,0.7296175003051758,0.6478367328643799,0.7494916915893555,0.324864661693573,0.7532925287882487,0.4521970748901367,0.7095067977905274,166.2052822943999,163.75538683903744,173.98681816265486,114.76464456549373,161.023470034144,0.731399663289388,3.730609361001582,0.7123529752095541,128.45353341341087,0.6565287272135416,17.564230195176712,0.732345422108968,74.89352750891773,0.6665840784708659
0.3093483209609985,0.7647703170776368,0.4354405879974365,0.6990378697713217,0.454578161239624,0.7245571136474609,0.5285455703735351,0.6095965703328451,0.5496082782745362,0.7076749165852865,0.580005407333374,0.7328566869099935,0.6539502620697022,0.7522055943806966,0.3235656261444092,0.762708059946696,0.4450093746185303,0.7117974917093912,168.57381721079307,166.01981151470332,167.8339488879898,121.52663588229454,157.2560275969003,0.7372527758280436,177.7429595003194,0.7097362041473388,129.26161041986873,0.6606970310211182,23.11163706069587,0.7299402554829915,67.33996313440741,0.6712266286214192
0.3134195804595947,0.7602329889933268,0.43491158485412595,0.7069037755330404,0.4549230098724365,0.725692876180013,0.5330697536468506,0.6975426355997721,0.5387027740478516,0.7112333297729492,0.5708999156951904,0.7329165776570638,0.5630176067352295,0.7275831222534179,0.3319743871688843,0.7605793635050455,0.44491729736328123,0.7162983258565268,169.66604729991437,174.6069063493697,151.5404955961668,144.43617682288112,158.5915592435409,0.7384388446807861,176.90867648231358,0.713765827814738,167.98861582192905,0.7069204807281495,33.91769601989104,0.7194082260131835,43.07827355522877,0.715229606628418
0.30273478031158446,0.7567189534505209,0.4469599723815918,0.7006371180216472,0.4570621013641357,0.7183565139770508,0.5370825290679931,0.7012526194254557,0.5455151557922363,0.7094184875488281,0.5558731079101562,0.7205999374389649,0.5580228328704834,0.7214185078938802,0.33625038862228396,0.7630277951558431,0.45201103687286376,0.709496815999349,165.67901773136848,168.43750311345914,142.6029779827885,140.26554393412826,155.18285137008812,0.7362623055775961,179.95200330602827,0.7094576517740885,174.4648055446625,0.7053747177124023,43.81333490075719,0.7154184977213541,45.83634761783317,0.7109262784322103
0.3028268814086914,0.7508826573689779,0.4558737754821777,0.6944229761759441,0.46578664779663087,0.717836062113444,0.538551664352417,0.6896081288655599,0.5457619190216064,0.7108936945597331,0.5548923492431641,0.718703015645345,0.5584540367126465,0.7228177388509115,0.32253756523132326,0.7562580108642578,0.4608302116394043,0.706129519144694,165.30202209083328,174.85353318019506,146.48777515142683,126.93377951142845,160.0753687296461,0.731193765004476,3.210595777640334,0.7085116068522135,167.99916382159233,0.697868824005127,43.21283711085756,0.7168557167053222,60.67994167439844,0.7041555722554524
0.3021192789077759,0.7500570297241211,0.45494351387023924,0.6944217681884766,0.4659443378448486,0.7186433792114257,0.5289833068847656,0.6052099863688151,0.5524617195129394,0.7137901306152343,0.5548842906951904,0.7214245478312175,0.5645993709564209,0.7270798365275065,0.3215844392776489,0.7564917882283528,0.4604439258575439,0.7065325736999511,165.01168153518455,160.18420127498317,143.5655622677296,111.52527350002605,160.2121560110226,0.731512180964152,4.509653258268677,0.7101613521575927,124.07627613195729,0.6558712800343831,47.59416449764866,0.7204349835713704,77.43571396148015,0.6633172671000163
0.3025719404220581,0.7515472412109375,0.45440306663513186,0.7054494222005209,0.45592303276062013,0.7241080602010092,0.5675872802734375,0.7284675598144531,0.5507501602172852,0.7174477259318034,0.5822149276733398,0.7341154098510743,0.5675285339355469,0.7281570434570312,0.31607105731964114,0.7548879623413086,0.455163049697876,0.714778741200765,169.3361364026093,167.06119975882748,154.24039055916916,167.54175819250582,163.91430581370898,0.7348333517710368,1.5993980487787673,0.7161132335662842,6.94218394785233,0.7216231505076091,32.549317517115924,0.7228023846944174,21.11196800582218,0.7312914848327636
0.3014857053756714,0.7559176127115885,0.45278358459472656,0.698823610941569,0.46204023361206054,0.7251601537068685,0.5270084857940673,0.6061863581339518,0.5520758628845215,0.7232349395751954,0.5816608905792237,0.7348058064778645,0.577932071685791,0.7352884928385417,0.31767934560775757,0.7544196128845215,0.4574119091033936,0.7119918823242187,165.64855360578838,158.63968975690705,165.94655285190058,123.42584105909967,163.10986127181027,0.7332057476043701,6.7731821921219435,0.717613410949707,123.3360505932604,0.6590891202290853,24.993820412137186,0.7292617162068685,66.97860604354295,0.6704960823059082
0.30300030708312986,0.7560532251993816,0.44211382865905763,0.6992551167805989,0.452465295791626,0.7291938781738281,0.5356971740722656,0.6959295272827148,0.5357388973236084,0.722241465250651,0.5765016555786133,0.7328699747721354,0.5689074516296386,0.7313496271769205,0.3214151382446289,0.7543821970621745,0.4472895622253418,0.7142244974772135,166.2921963277627,176.43355994792006,172.66011010074143,146.05651771784915,162.3057644200108,0.734303347269694,5.17908576448104,0.7182329813639323,168.30830639929863,0.7050770123799641,15.35506564441377,0.7267955462137858,42.1546592631693,0.7143997510274251
0.3777879238128662,0.7549298604329427,0.450307035446167,0.6895760854085287,0.4561933040618896,0.7319880803426106,0.5228775978088379,0.6110914866129558,0.5380634784698486,0.7286680221557618,0.5391961574554444,0.6980875651041667,0.5641565322875977,0.7310731887817383,0.3316437482833862,0.7446859359741211,0.4532501697540283,0.7107820828755697,163.65442065583994,159.8696505605567,174.89844261017583,92.22194382070319,164.42153734130665,0.7277340094248455,11.908390277159098,0.7197250525156658,124.93180636576776,0.6609367847442627,5.266443155368105,0.72987060546875,79.37602161810898,0.6545895258585612
0.3662864208221436,0.754423459370931,0.4500389099121094,0.694224484761556,0.4627791404724121,0.7359425862630208,0.5226453304290771,0.6124146143595378,0.536108922958374,0.7189682642618815,0.5371572017669678,0.6994641621907552,0.5615947723388672,0.7295758565266927,0.3299913167953491,0.7446275075276694,0.45640902519226073,0.7150835355122884,170.1133493654553,157.28855433428328,165.24691953175673,88.51693847333553,166.84598959965976,0.7298555215199789,2.7904997775134306,0.717025899887085,122.82786859107708,0.6637490749359132,22.59780998792881,0.7242720603942872,80.53536377829349,0.6559393882751465
0.33367931842803955,0.7577185948689779,0.45485663414001465,0.6897919972737631,0.4662905216217041,0.7366128921508789,0.5255825996398926,0.606996726989746,0.5472193241119385,0.7246220270792644,0.5366524219512939,0.6992708841959635,0.5741478443145752,0.7328346252441407,0.3265002369880676,0.7466795921325684,0.4605735778808594,0.713202444712321,166.78499885688785,156.5257852541219,172.8465650944509,86.4638565711404,165.98032381427004,0.7299410184224446,7.508094589457203,0.7189122358957927,121.4709974088588,0.6600995858510335,16.960536942977537,0.7287283261617026,83.15910980047195,0.6531338055928548
0.34462804794311525,0.7558303197224935,0.4514517307281494,0.6938070933024089,0.46535892486572267,0.7330350240071615,0.5265207290649414,0.6081849416097005,0.5365297317504882,0.7184569040934244,0.5586305618286133,0.7212521235148112,0.5724939346313477,0.7356635411580403,0.32785931825637815,0.7487332979838053,0.45840532779693605,0.7134210586547851,168.0563096958086,158.1919956178646,165.46367002931825,110.321671072887,164.863913471329,0.7310771783192952,3.6881441721436086,0.7159389813741048,122.9134714222019,0.6608030001322428,25.568218697641495,0.7270602226257323,74.14603826421882,0.6647185325622558
0.3301402568817139,0.764162254333496,0.4552759647369385,0.6943320592244466,0.4671669006347656,0.7378417332967122,0.5285587787628174,0.6075494130452473,0.5922248840332032,0.7416693369547526,0.5368654251098632,0.6992804209391276,0.6559208393096924,0.7517986933390299,0.3246737480163574,0.7547262827555339,0.46122143268585203,0.7160868962605794,166.1563862479171,157.63981717526448,178.64222264198764,82.64784732324273,164.1998887147471,0.7354065895080566,11.04969985929334,0.728878116607666,121.8157281268131,0.6618181546529134,9.035893630974916,0.7467340151468913,84.8257274731736,0.6534149169921875
0.3470913410186768,0.7525022506713868,0.45274920463562013,0.6867704391479492,0.4661421775817871,0.7282503763834636,0.5283638954162597,0.6066545486450196,0.5350508689880371,0.7159833272298177,0.5482329845428466,0.7086845397949219,0.5713422775268555,0.7319906870524089,0.33120677471160886,0.7450108210245768,0.4594456911087036,0.7075104077657064,165.50119976208617,159.40561503556293,168.5392605668385,101.77737287834621,163.69969961464005,0.7262606143951416,6.394341926008115,0.7117468674977621,124.3461105315912,0.657082478205363,23.801244307767625,0.7239870071411133,78.98026806541753,0.6576695442199707
0.3442143440246582,0.7552647908528646,0.4523958683013916,0.6948149998982748,0.4640846252441406,0.7319024403889974,0.5298684597015381,0.6059350967407227,0.5363197803497315,0.713489278157552,0.559692668914795,0.7236279805501302,0.5857996463775634,0.7378256479899089,0.3281963706016541,0.7486308415730794,0.4582402467727661,0.7133587201436361,170.32022104502994,158.97648873642973,164.6679371982621,109.99975474693593,164.82462819055647,0.7309947808583577,0.09580508315855935,0.7134239991505941,123.69466962489676,0.6596469084421794,26.189984383672257,0.7256574630737305,75.78017641484176,0.6647815386454264
0.33412866592407225,0.7562486012776692,0.4600654125213623,0.6951441446940104,0.4650658130645752,0.7317185084025065,0.5287614822387695,0.6074889500935873,0.5429579257965088,0.7143122990926106,0.5594959259033203,0.7236678441365559,0.5859170436859131,0.7382078806559245,0.3236431241035461,0.750414498647054,0.4625656127929687,0.7134313265482585,170.0243224843655,156.86694748830269,162.27282271373787,110.8463072954942,165.09277617859925,0.7319229125976563,0.6278459521229843,0.7138718128204345,121.99833733684812,0.6604601383209229,29.0845640277677,0.7262600898742675,75.18218160476985,0.6655783971150716
0.3332042694091797,0.7544837315877279,0.4526334285736084,0.6918545405069987,0.4639780521392822,0.7347048441569011,0.5268992424011231,0.6088463465372721,0.582843828201294,0.7389094034830729,0.5351549625396729,0.700859006245931,0.6559797763824463,0.7515699386596679,0.3244806885719299,0.7484560330708822,0.45830574035644533,0.7132796923319499,166.25485194761322,157.89189119446291,178.85846378286442,85.94607792437579,165.27276637472062,0.730867862701416,11.629006984903246,0.7260945479075114,123.29755316072402,0.661063019434611,9.821118761018981,0.7452396710713705,84.87293706757599,0.6548526763916016
0.33302533626556396,0.7543588002522786,0.45247673988342285,0.692188580830892,0.4643143653869629,0.7302439371744792,0.526774787902832,0.6088495890299479,0.5449334621429444,0.7185523351033528,0.535279655456543,0.70155029296875,0.6554790496826172,0.7522008895874024,0.3228293776512146,0.7501732190450032,0.4583955526351929,0.7112162590026856,167.05172292493168,158.4622243246265,174.8180221176645,88.07625029203118,163.96720675091575,0.7306947390238444,4.845548443447009,0.7148842970530191,123.74226535844495,0.6600329240163167,16.929526815863692,0.7353766123453775,84.75804777627837,0.655199940999349
0.33347287178039553,0.7542975107828777,0.45167860984802244,0.6887161254882812,0.4565542221069336,0.7299336115519206,0.5272992134094239,0.6088150024414063,0.5447559833526612,0.718484624226888,0.5363131523132324,0.7023473103841146,0.6561128616333007,0.7534516652425131,0.3247612476348877,0.7485182444254557,0.454116415977478,0.7093248685201009,166.45550992177925,160.65542974442525,174.8901165520924,90.65261484389713,163.14369455254428,0.7289215564727782,5.770544446192054,0.7139047463734944,126.05894549272293,0.6590699354807537,17.432748157945323,0.7359681447347005,84.49526461581769,0.6555811564127605
0.33413946628570557,0.7561031341552734,0.4536007881164551,0.6992833455403645,0.464459753036499,0.731213633219401,0.5301880836486816,0.6052392959594727,0.5362348556518555,0.7130121866861979,0.559450101852417,0.7238990147908528,0.5858528137207031,0.7379507064819336,0.32398157119750975,0.7506002108256022,0.45903027057647705,0.7152484893798827,171.61674413285834,158.07732108668526,163.46430147177531,108.77650259930631,165.3308234577598,0.7329243501027425,178.340838319336,0.7141303380330404,122.89620858178462,0.6602438926696776,26.68459475418068,0.7254814465840658,76.14700724890461,0.6645691553751627
0.3058440923690796,0.7610865275065104,0.44578280448913576,0.6945859273274739,0.4642956256866455,0.717897097269694,0.5212615489959717,0.6144678751627605,0.5915003299713135,0.7375558853149414,0.5335326194763184,0.7009641647338867,0.6574784755706787,0.7530157725016277,0.3234204649925232,0.7574358622233073,0.45503921508789064,0.7062415122985839,162.83470867942665,161.66699261782037,179.82253773975194,94.2281851813873,158.74598536316498,0.7318386872609456,12.9241757723289,0.7218986988067626,125.81359124146209,0.6603546937306721,13.187531389639783,0.7452858289082845,81.92543590092956,0.6577160199483236
0.3058434724807739,0.7610795338948567,0.4458202362060547,0.6945974349975585,0.4643077850341797,0.7179117838541667,0.5213248252868652,0.6144806543986002,0.591480827331543,0.7375258127848308,0.5335226058959961,0.7009190877278646,0.6575077056884766,0.753071657816569,0.32342026233673093,0.7574340502421062,0.4550640106201172,0.7062546094258626,162.84156631849348,161.67119218010765,179.77245790598232,94.14190167616995,158.75529798272456,0.7318443298339844,12.911006517047767,0.7218902111053467,125.82929218461364,0.6603676319122314,13.248831636928433,0.7452987353006999,81.96772879298179,0.6576998710632325
0.3055232286453247,0.7612522761027019,0.4460172653198242,0.6948322931925456,0.46413636207580566,0.7176123301188151,0.5213593006134033,0.6144781112670898,0.5905036926269531,0.7374198913574219,0.5333733081817627,0.7009449005126953,0.6573297500610351,0.7534523010253906,0.32278463840484617,0.7593183517456055,0.45507681369781494,0.7062223116556803,162.35120886040275,161.95399329481305,179.6531382053831,94.05416900946116,158.1317264541519,0.7327703317006429,12.972611812233689,0.7218211015065511,125.84700423509749,0.6603502114613851,13.490995414376998,0.7454360961914063,82.0897615452498,0.6577115058898926
0.3153632879257202,0.7599355061848958,0.4395266532897949,0.6937787373860677,0.45739994049072263,0.7183586756388346,0.5220210552215576,0.6145322163899739,0.5754389762878418,0.7326018651326497,0.5311598300933837,0.7027300516764323,0.6560713291168213,0.7533611297607422,0.3261405944824219,0.7550357818603516,0.44846329689025877,0.7060687065124511,163.05507012227184,164.43657826150638,178.39522078013826,93.60378203663618,158.18325033317416,0.7305522441864014,11.802835046858439,0.7193352858225504,128.78499172869496,0.6603004614512125,14.437588582971749,0.742981497446696,84.08430722935464,0.6586311340332032
0.30682997703552245,0.7597998936971029,0.4400624752044678,0.6935447692871094,0.4577263355255127,0.7182227452596028,0.5223647594451905,0.6139863332112631,0.5752053260803223,0.7323228200276692,0.5317186832427978,0.7029558181762695,0.655964708328247,0.7533088684082031,0.32607760429382326,0.7549338658650716,0.44889440536499026,0.7058837572733561,162.99168358272786,164.32263257239276,178.33326990540417,93.9771854765343,158.22940792257396,0.7304088115692138,11.822311113515855,0.7191032886505127,128.6417133300584,0.6599350452423096,14.566646161136283,0.7428158442179362,83.9981820548004,0.6584710756937663
0.3048494577407837,0.7537714640299479,0.4484862804412842,0.6840731938680013,0.4737131595611572,0.7184831619262695,0.5255821704864502,0.6080394109090169,0.5854968070983887,0.7381229400634766,0.5345098495483398,0.7077923456827799,0.6618807315826416,0.7536366144816081,0.3238938093185425,0.7563014348347983,0.4610997200012207,0.7012781778971353,159.52638294998394,160.98689258589215,176.86494828477814,100.18517928087637,158.14788836802416,0.7287898063659668,16.498588357880063,0.7197005589803059,124.667118620813,0.6546587944030762,11.480687286270204,0.7458797772725423,84.88577327782306,0.6579158782958985
0.3099955081939697,0.7568536758422851,0.44890894889831545,0.6841418584187825,0.4673016548156738,0.7244667053222656,0.521183443069458,0.6149170557657878,0.5776157379150391,0.734193483988444,0.5341911792755127,0.6983987808227539,0.6548708915710449,0.7534207026163737,0.32402976751327517,0.7566960334777832,0.4581053018569946,0.7043042818705241,160.88753179029408,160.93059871640125,179.96010676962084,94.41816282908398,158.65628335287346,0.7305001576741537,14.041474382874345,0.7192488829294841,125.20958163216662,0.659610668818156,13.975800338890393,0.7438070933024088,81.14365122341178,0.6566579182942709
0.3189028024673462,0.75653076171875,0.44904313087463377,0.683955192565918,0.4672863483428955,0.7244049072265625,0.5292757511138916,0.604649035135905,0.5763586044311524,0.7341161092122396,0.5502588272094726,0.7164966583251953,0.6545621395111084,0.7533549626668294,0.3238674759864807,0.7567501386006673,0.45816473960876464,0.7041800498962403,160.66458947777969,162.06359793614573,179.7638919267622,108.24292069460816,158.62235374519454,0.7304650942484539,14.212944244945113,0.71914807955424,125.54432100764737,0.6544145425160726,13.820881025288115,0.7437355359395346,79.37458122202179,0.6605728467305501
0.319118857383728,0.7565034866333008,0.44863414764404297,0.6841024398803711,0.4668989658355713,0.7245267232259115,0.5207837104797364,0.6151031494140625,0.5763603210449219,0.7339712142944336,0.5501611709594727,0.7165390014648437,0.6550249576568603,0.7542346318562826,0.32389874458312984,0.7567979176839192,0.45776655673980715,0.7043145815531413,160.79359362273044,160.97853629942884,179.75670487752745,113.68870712488406,158.59216661258003,0.7305562496185303,14.039968216517888,0.7191428979237875,125.23661159277763,0.6597088654836019,14.444933364800848,0.7441029230753581,73.8481301680759,0.6658210754394531
0.3158990144729614,0.7599302927652994,0.4408743858337402,0.6891258875528972,0.4572163105010986,0.7230110168457031,0.5278392314910889,0.6072377522786458,0.5754526615142822,0.7331626892089844,0.5514310836791992,0.7203209559122722,0.655807638168335,0.7536941528320312,0.32493627071380615,0.7549865086873373,0.4490453481674194,0.7060684521993001,162.92345697614212,164.6251480815585,178.63832376790666,109.7091151142922,158.48793540057315,0.7305274804433187,12.097771338910409,0.7196155707041423,128.56399670870366,0.656653102238973,14.3329608609195,0.7434284210205078,78.21575956416072,0.6637793540954591
0.31934895515441897,0.7569129308064778,0.4485330581665039,0.684027099609375,0.46608743667602537,0.7280639012654623,0.5209139823913574,0.6150522232055664,0.5762756824493408,0.7339223861694336,0.5500241279602051,0.7164358774820964,0.6550552368164062,0.7542270024617513,0.3251603722572327,0.7548807462056477,0.45731024742126464,0.7060455004374186,162.041051703353,160.49186223386823,179.24072194414094,112.41470080510038,159.71849055200298,0.7304631233215332,13.188036673511984,0.7199839433034261,124.95330924964435,0.6605488618214925,14.452842515254176,0.7440746943155925,73.9797142709822,0.6657440503438314
0.30734241008758545,0.7567207336425781,0.44101858139038086,0.6890859603881836,0.4572028636932373,0.7229624430338542,0.5279682159423829,0.6072818756103515,0.5753346443176269,0.7330900192260742,0.5511997222900391,0.7202126820882161,0.6557218551635742,0.7537291208902995,0.32503263950347905,0.7548821449279786,0.44911072254180906,0.7060242017110189,162.9216888569524,164.64088711873825,178.6018636432261,109.53677583037779,158.5070812274071,0.7304531733194988,12.102496812454847,0.7195571104685465,128.61152696948224,0.6566530386606853,14.399447671698693,0.7434095700581869,78.37559154316918,0.6637472788492838
0.3057342290878296,0.7559895833333333,0.4513050079345703,0.6871278762817383,0.47133669853210447,0.7326240539550781,0.5234559059143067,0.610058339436849,0.5968119144439697,0.7444320678710937,0.5588194370269776,0.717010498046875,0.5730211734771729,0.7339883804321289,0.3243332028388977,0.7511062304178874,0.4613208532333374,0.7098759651184082,164.28897587329453,157.21339648675743,11.519216548803936,112.48157432851465,163.24936254186088,0.7304910977681478,14.307887365174489,0.727154016494751,121.90167664254153,0.6599671522776286,23.700570017607475,0.7392102241516113,71.70362833906583,0.6635344187418619
0.30619843006134034,0.7563339869181315,0.4512052536010742,0.6870759963989258,0.4653323650360107,0.7291526794433594,0.5234732151031494,0.6100517908732096,0.5967650413513184,0.7444306055704752,0.5588420867919922,0.7170099894205729,0.5730245590209961,0.7339935302734375,0.3242297530174255,0.751187547047933,0.45826880931854247,0.7081143379211425,163.8865508620059,158.93315925955466,11.023336917756856,113.35261269721376,162.18528504624666,0.7296509424845378,14.69321128049135,0.7262724717458089,123.62099402676819,0.6590830643971761,23.73182630680475,0.7392120679219564,71.70201381890172,0.6635308901468913
0.3085991859436035,0.7513390858968099,0.4511697292327881,0.6869440714518229,0.47513275146484374,0.7269410451253255,0.5224298477172852,0.6119768778483073,0.5848316669464111,0.7390134175618489,0.549727201461792,0.7087867736816407,0.5647320747375488,0.7289925893147786,0.3268671274185181,0.7504537582397461,0.46315124034881594,0.7069425582885742,162.69523719684014,157.27495619987215,14.251823710343382,106.96710006215648,162.29336448038234,0.7286981582641602,14.765444755372975,0.7229779879252116,121.97285722258634,0.6594597180684407,26.498952618199127,0.7340030034383138,74.25321304947137,0.6603818257649741
0.30923411846160886,0.7510940551757812,0.4457089424133301,0.6863760630289714,0.475407075881958,0.723349126180013,0.5223725318908692,0.6121382395426432,0.5839123725891113,0.7387545903523763,0.5542922973632812,0.7156653086344401,0.572818660736084,0.7342919031778972,0.32704246044158936,0.7505881309509277,0.46055800914764405,0.7048625946044922,161.99925054570357,159.01833622837563,7.223904298221581,113.70996310272355,161.09502725806618,0.7277253627777099,15.363099551410237,0.7218085924784343,123.6893343072675,0.6585004170735678,21.913531167344416,0.7365232467651368,72.86427173966719,0.6639017740885417
0.3092595815658569,0.7511041005452473,0.44566144943237307,0.6864157994588216,0.47529010772705077,0.7233179728190104,0.5223776340484619,0.6121320088704427,0.5839874744415283,0.7387350718180339,0.5543188095092774,0.715770149230957,0.5727768898010254,0.7342976888020833,0.327031421661377,0.7506244341532389,0.4604757785797119,0.704866886138916,162.01663220023852,159.05874793630005,6.909414953653684,113.75651109693749,161.0733589037465,0.7277456601460774,15.33418027803499,0.721800978978475,123.72367633924064,0.6584994475046794,21.594691536181273,0.7365163803100586,72.87075215580602,0.6639510790506999
0.3097431421279907,0.7512425740559896,0.44530510902404785,0.6865868886311849,0.4676828861236572,0.7271488189697266,0.5224039077758789,0.6119602839152019,0.5829738140106201,0.7387473424275716,0.5584813594818115,0.7176041920979818,0.5726706981658936,0.7344943364461263,0.32697018384933474,0.7508479118347168,0.45649399757385256,0.7068678538004558,163.14696026545752,160.17861658584047,9.053932780439673,114.86452895791302,161.2449833664765,0.7288578828175862,14.146844051688221,0.7228075981140136,124.77859524829675,0.6594140688578288,22.430263886686504,0.736620839436849,71.14493624245456,0.6647822380065918
0.31103315353393557,0.7655625661214193,0.45372953414916994,0.6893147150675456,0.46668391227722167,0.7306662877400716,0.5215691566467285,0.6158532460530599,0.5967798233032227,0.7424468994140625,0.5523159027099609,0.7162998199462891,0.6534611225128174,0.754185167948405,0.3256663203239441,0.7553744951883952,0.4602067232131958,0.7099905014038086,163.9017394663321,158.5562431707116,178.81886602383213,110.93791579849662,161.3594049009095,0.7326824982961019,13.368274533404968,0.7262187004089355,123.09791929078999,0.6629218737284343,11.700131591076774,0.7483160336812338,72.98062445120529,0.6660765329996745
0.3089698076248169,0.7509405136108398,0.4455735206604004,0.6869956334431966,0.4675571918487549,0.7270724614461263,0.522465705871582,0.612107785542806,0.5738786220550537,0.7359858830769856,0.5522014141082764,0.7131115595499674,0.5730653285980225,0.7347251256306966,0.32690720558166503,0.7507822036743164,0.4565653562545776,0.7070340474446615,162.70839086313657,160.11062639001761,43.80400135541166,110.0406935466406,161.35501149251445,0.7289081255594889,13.863056120448617,0.7215099652608236,124.7694153601287,0.6595709164937338,57.17461728530239,0.7353555043538411,73.59546827440339,0.6626096725463867
0.3155907154083252,0.7558621088663737,0.451145076751709,0.6918705622355144,0.463486909866333,0.7289847056070964,0.523798656463623,0.6106414159138998,0.5824456691741944,0.7387818654378255,0.5572518825531005,0.716646957397461,0.5761185169219971,0.7353386561075846,0.3244657278060913,0.7515213966369629,0.457315993309021,0.7104276339213054,164.4053811385081,158.92460877772996,16.712391347139736,111.07575603386373,162.81191174760346,0.7309745152791342,12.767542801780671,0.7246047496795655,123.67357465888239,0.6605345249176026,28.55484425272175,0.737060260772705,72.48534722510401,0.6636441866556804
0.3189795255661011,0.7647851943969727,0.44765381813049315,0.689502461751302,0.46613445281982424,0.7312836329142253,0.522006607055664,0.6158594767252604,0.5969232082366943,0.742707633972168,0.5515694618225098,0.7159639994303385,0.6540375232696534,0.753694216410319,0.32383041381835936,0.7561920801798503,0.45689413547515867,0.7103930473327636,164.17852524652903,159.86123320886983,178.5005797098786,109.82047322702664,161.00711448587438,0.733292563756307,12.994688751578177,0.7265503406524658,124.5581449776223,0.663126262029012,10.888487577086273,0.7482009251912435,73.5470822053953,0.6659117380777995
0.3183209657669067,0.7602561950683594,0.4547277927398682,0.691659418741862,0.467083740234375,0.7332283020019531,0.5213139533996582,0.615603256225586,0.5985071182250976,0.7427993138631185,0.5535412311553956,0.7135067621866862,0.6561625957489013,0.7541723251342773,0.32438141107559204,0.7534120877583821,0.46090576648712156,0.7124438603719075,165.34246057015437,156.93893444174162,179.09554599270453,108.87757954841958,163.29655112016877,0.7329279740651449,12.440441180305433,0.727621587117513,121.95549655823245,0.6640235582987468,11.158797377605543,0.7484858194986979,71.7798049198315,0.6645550092061361
0.31901087760925295,0.7601389567057292,0.4548609733581543,0.6915207544962565,0.4670919418334961,0.7331820805867513,0.5213199138641358,0.6155338287353516,0.5985359668731689,0.7428605397542317,0.553468894958496,0.7134993235270183,0.6562771797180176,0.7541763305664062,0.3263154268264771,0.7537924130757649,0.4609764575958252,0.7123514175415039,165.19521665709004,157.27075082219227,179.00029789543024,108.87914705875743,162.89461550003185,0.7330719153086345,12.505126496249641,0.7276059786478678,121.93403122392726,0.6639426231384278,11.08797467732518,0.7485184351603189,71.8319034186141,0.6645165761311849
0.349535870552063,0.7539573033650716,0.43820819854736326,0.6963982899983724,0.4566326141357422,0.7320715586344401,0.5325376033782959,0.682049814860026,0.5338861465454101,0.7190604527791341,0.5357045650482177,0.7060267766316731,0.5859279155731201,0.740008290608724,0.32664880752563474,0.7514281908671061,0.4474204063415527,0.7142349243164062,167.92859392753627,177.90932180613922,168.615236760073,92.21251582728245,162.88306812683265,0.7328315575917561,3.194281408913208,0.7166476885477702,159.28704182103928,0.6981423695882161,21.92575711728423,0.7295343716939291,82.47572595788306,0.6940382957458495
0.35011465549468995,0.7538628260294596,0.4374434471130371,0.6964401880900065,0.45604987144470216,0.7322335561116536,0.5326189517974853,0.6821533838907877,0.5334652900695801,0.7189802169799805,0.5357048988342286,0.7062380472819011,0.5857717990875244,0.7399842580159505,0.3265559792518616,0.7512702306111654,0.44674665927886964,0.7143368721008301,168.06506360319977,177.9971324196518,168.57414947034638,92.09956521487189,162.91834587166676,0.7328035513559977,3.0649728153354574,0.7166585445404052,159.4548483934884,0.6982451279958088,21.87826934871975,0.7294822374979655,82.69852430649856,0.6941957155863444
0.35035507678985595,0.7538351058959961,0.4373919010162354,0.6964424769083659,0.45595650672912597,0.7322688420613607,0.5326069355010986,0.6821614583333333,0.5334436893463135,0.7189837137858073,0.5357563495635986,0.7062322616577148,0.5857106208801269,0.7399592081705729,0.3265520095825195,0.7512465476989746,0.44667420387268064,0.7143556594848632,168.0835288329441,177.99684924389626,168.56779526340662,92.243823054136,162.9276840453467,0.7328011035919189,3.053111924256704,0.7166696866353353,159.46182841783934,0.6982585589090983,21.866322973262186,0.72947146097819,82.54578740108082,0.694196859995524
0.35047872066497804,0.7539183934529622,0.44395923614501953,0.700705083211263,0.4559657096862793,0.7324403762817383,0.5323545932769775,0.6821178436279297,0.5334673404693604,0.7193450927734375,0.5349073886871338,0.7057421366373698,0.5859856128692627,0.7402639389038086,0.32679215669631956,0.7512486139933269,0.4499624729156494,0.7165727297465007,169.32324840697322,175.8940283435884,168.16195791404047,88.90125532471221,164.27660628339325,0.7339106718699138,1.9015224168265246,0.7179589112599691,157.30620539701394,0.6993452866872152,21.71816278007037,0.729804515838623,83.83265900614776,0.6939299901326498
0.35035362243652346,0.7539227803548177,0.43776764869689944,0.696302858988444,0.45603628158569337,0.7324370702107748,0.5323747158050537,0.6820688883463542,0.5334706783294678,0.7193470001220703,0.5349588871002198,0.7057662963867187,0.5859396934509278,0.740284283955892,0.3267387986183167,0.7512618700663249,0.44690196514129643,0.7143699645996093,167.93362318138608,177.8950886912045,168.80381520360953,90.64302367234036,162.93272363075147,0.7328159173329671,3.2904446833831664,0.7168584823608398,159.29787943141116,0.6982194264729817,21.754021851661797,0.7298156420389812,83.77656149212623,0.6939175923665364
0.3482381343841553,0.7539744695027669,0.44475865364074707,0.7009009679158529,0.45662732124328614,0.7322004318237305,0.5312724113464355,0.681407610575358,0.5337035179138183,0.7192909876505534,0.5352479457855225,0.7058750788370768,0.5858603954315186,0.740117899576823,0.3267980933189392,0.7514862378438314,0.4506929874420166,0.7165506998697917,169.2647688822406,175.35445987066726,168.12295784673609,92.0330119211742,164.25275708634848,0.7340184688568115,1.890723119253412,0.7179208437601725,156.4365487864275,0.6989791552225748,21.76746159626875,0.7297044436136881,80.7710928586772,0.6936413447062174
0.33816943168640134,0.7527875264485677,0.44541521072387696,0.6992490768432618,0.45655074119567873,0.7298404693603515,0.526528787612915,0.6111839930216472,0.5351300716400147,0.713172976175944,0.5340708732604981,0.7033662796020508,0.5729605197906494,0.7323767979939778,0.3258093476295471,0.7524476369222005,0.4509829759597779,0.7145447731018066,170.30717292674177,161.30022681675877,161.40355496686317,87.01489644476175,163.1535663654756,0.7334962050120035,179.06602584751488,0.7138588746388753,126.1628588992643,0.6628643830617269,26.913657675252693,0.7227748870849608,85.32264476945596,0.657275136311849
0.3390611410140991,0.7527242024739583,0.4464849948883057,0.6943808237711588,0.4570035457611084,0.7300463994344075,0.5265296459197998,0.6111266454060872,0.5357356071472168,0.7171419143676758,0.5342133998870849,0.7031323115030924,0.5775456905364991,0.7369850158691407,0.32702293395996096,0.7502652168273927,0.45174427032470704,0.7122136116027832,167.6241467454564,161.38690877166306,165.7504738239914,88.48996301103027,163.03341984005,0.731239414215088,3.358055338947919,0.7146777629852294,126.4944894368954,0.6616701285044352,25.389056105224824,0.7270634651184082,85.22608288675542,0.6571294784545898
0.33854730129241944,0.7525074640909831,0.44687299728393554,0.6939145406087239,0.4644457340240479,0.7305161158243815,0.5264476299285888,0.6111566543579101,0.5356787204742431,0.7174825668334961,0.5341715335845947,0.7027040481567383,0.5773929119110107,0.7370239893595377,0.32707189321517943,0.7502421696980794,0.4556593656539917,0.7122153282165526,167.30912846347996,159.9097945459583,166.41763914257697,87.91527272543414,163.5256069105234,0.731228748957316,3.766036347967121,0.7148489475250244,125.00997336874859,0.6616859912872314,25.101202272252685,0.7272532780965169,85.1773453001015,0.6569303512573241
0.3402616024017334,0.7531887690226237,0.4532916069030762,0.6947359085083008,0.46507248878479,0.7259290059407552,0.5264184474945068,0.6109613418579102,0.5358475685119629,0.7171521504720052,0.5335246086120605,0.7031239827473958,0.5788832187652588,0.7368424097696941,0.32679903507232666,0.750249481201172,0.4591820478439331,0.710332457224528,165.92009611094898,158.98915594466578,167.9019186870645,88.8707881051331,163.22053427442845,0.73029096921285,5.08330067468328,0.7137423038482666,124.08303455266791,0.6606468995412191,24.585690254056036,0.7269972801208496,85.59095697179161,0.6570426623026531
0.34030914306640625,0.7531732559204102,0.4532790660858154,0.69473876953125,0.46506319046020506,0.7259215672810873,0.5264184951782227,0.6109626770019532,0.5358523845672607,0.7171558380126953,0.5335179805755615,0.7031229654947917,0.5788692951202392,0.7368409474690755,0.3267925024032593,0.7502621332804362,0.4591711282730102,0.7103301684061687,165.9147869764355,158.99576150054918,167.89882816259907,88.86806294523798,163.21408195001473,0.7302961508433025,5.08669342971216,0.7137430032094321,124.08834191685307,0.6606464227040609,24.589461478980017,0.7269983927408854,85.59497064367052,0.6570428212483724
0.3406058311462402,0.7531703313191732,0.45345401763916016,0.6950386683146159,0.46483626365661623,0.7301031112670898,0.5265285968780518,0.6108929951985677,0.5420758724212646,0.7185767491658529,0.533001184463501,0.703058369954427,0.5918150424957276,0.7403528213500976,0.32700512409210203,0.7504260381062826,0.4591451406478882,0.7125708897908529,167.434291444535,158.4993343477644,168.18314492115272,86.67798729254545,164.01418090212957,0.7314984639485678,4.142139949506145,0.715573819478353,123.53302968997627,0.6617319424947103,23.644058142433362,0.7294647852579752,85.9828289825016,0.6569756825764974
0.36602346897125243,0.7527889887491862,0.4529353141784668,0.6878110885620117,0.4582709312438965,0.730671501159668,0.51640944480896,0.6205859502156575,0.5311642169952393,0.716023317972819,0.5517681121826172,0.7149526596069335,0.5719711780548096,0.7335333506266276,0.3320344805717468,0.7503948847452799,0.45560312271118164,0.7092412948608398,165.07786919260985,159.59258779482408,168.56737970892854,113.9395662448887,161.58005784268593,0.7298180898030598,5.128867480380047,0.7126323064168294,124.44518070340922,0.6649136225382486,23.22389328186955,0.7247783342997234,69.45931261699587,0.6677693049112956
0.366068172454834,0.7527254740397136,0.4528987884521484,0.6877487818400065,0.4584037303924561,0.7307130813598632,0.5163315296173095,0.6205879847208658,0.5310669898986816,0.7161128997802735,0.551732873916626,0.7149266560872396,0.5720008850097656,0.7336647033691406,0.33207541704177856,0.7503412246704102,0.4556512594223022,0.7092309315999349,165.0261086019902,159.54670127042544,168.6510600370615,113.96153304475197,161.59913098563715,0.7297860781351726,5.214013918699299,0.7126719156901042,124.3934768940172,0.6649094581604004,23.20888434635022,0.724888801574707,69.4309943632733,0.6677573204040528
0.367280101776123,0.7528210957845052,0.4525475025177002,0.6875866572062175,0.45804262161254883,0.7308765411376953,0.5163619995117188,0.6205851872762044,0.5309325218200683,0.7162280400594075,0.5516809940338134,0.7148549397786458,0.5719377040863037,0.7337076822916667,0.33178389072418213,0.7502137502034505,0.4552950620651245,0.7092315991719564,165.03068091412433,159.6424998809933,168.76337402587149,113.87786634329477,161.6436774714653,0.7297226746877035,5.284802961552608,0.7127298196156819,124.56226570807543,0.6649083932240805,23.0875264141148,0.7249678611755371,69.46109467427188,0.6677200635274251
0.32323317527770995,0.7549408594767253,0.4555502891540527,0.6893466313680013,0.4594536781311035,0.7269068400065104,0.5215731143951416,0.617359479268392,0.5524045467376709,0.7167839050292969,0.5536035060882568,0.7180656433105469,0.5736585140228272,0.7343176523844401,0.32459615468978886,0.7499393781026205,0.4575019836425781,0.7081267356872558,166.50706295308962,159.16108360367573,153.18514337902386,113.54826723810545,162.53624075360668,0.7290330568949381,5.212190501091135,0.7124553203582764,125.21764614677679,0.6627431074778238,39.52138707676703,0.7255507787068685,72.35632294919749,0.6677125612894694
0.32319557666778564,0.7549084345499675,0.45549979209899905,0.6893314361572266,0.45957241058349607,0.7267820358276367,0.5215693950653076,0.6174114227294922,0.5522726058959961,0.7166332880655925,0.5538655281066894,0.7182563145955404,0.5738265037536621,0.7344448725382487,0.32468547821044924,0.7499167124430339,0.45753610134124756,0.7080567359924317,166.5068547113014,159.17902984077662,153.2153739470615,113.80203842605303,162.5108527774987,0.7289867242177328,5.17291968100648,0.712345012029012,125.23799270831547,0.662734079360962,39.56944784366451,0.7255390803019206,72.2420491716183,0.6678338686625163
