0,1,2,3,4,5,6,7,8,9,10,11,12,13,14,15,16,17,18,19,20,21,22,23,24,25,26,27,28,29,30,31
0.430562162399292,0.7770133972167969,0.4170392990112305,0.7729968388875326,0.3459636211395264,0.7786673863728841,0.4653365135192871,0.8216289520263672,0.29965696334838865,0.8397423426310221,0.4709745407104492,0.8099576950073242,0.25049028396606443,0.7997904459635417,0.39503740072250365,0.7517107009887696,0.38150146007537844,0.7758321126302083,175.27979808905445,163.8022232164431,130.54004758233376,94.9066086867028,119.29934199074937,0.763771406809489,142.0146521016776,0.8077872276306153,28.64659543171875,0.7987305323282878,39.09664526377739,0.8197663942972819,115.78376695263022,0.8157933235168457
0.40234198570251467,0.7836732228597005,0.39947712421417236,0.7894079844156902,0.32869486808776854,0.7967875798543295,0.4461999416351318,0.8287967046101888,0.29963738918304444,0.8425320943196615,0.4495065212249756,0.8016201655069987,0.24882063865661622,0.8056037902832032,0.3800630688667297,0.7548547108968099,0.3640859961509705,0.7930977821350098,170.01933565318345,155.3077336252864,137.80203438508178,91.23957089401745,112.67404648164135,0.7739762465159099,142.51054533113387,0.8178149382273356,23.496926673045337,0.8109472433725993,36.00573619735235,0.8240679423014323,96.93710129442981,0.8152084350585938
0.37447223663330076,0.7917078653971354,0.41512236595153806,0.784513282775879,0.32923054695129395,0.792985471089681,0.472795295715332,0.8183770497639974,0.3570821523666382,0.8254082997639974,0.4937611103057861,0.7940858205159506,0.42588129043579104,0.8003145853678385,0.35572402477264403,0.7742808977762858,0.372176456451416,0.78874937693278,156.09897121942444,175.76788182247438,147.80820947240971,128.28440799253562,41.32881116431195,0.7815151373545329,112.37940473601066,0.8070788383483887,16.407303801804474,0.8035632133483888,159.96112570738168,0.812861442565918,130.7975506960268,0.806231435139974
0.38913784027099607,0.7536511739095052,0.4216642379760742,0.7846102396647135,0.33218836784362793,0.7871236165364583,0.4669248104095459,0.8382984161376953,0.3447636604309082,0.8453951517740885,0.4913326263427734,0.8014534632364909,0.3844585657119751,0.8046635309855144,0.37327976226806636,0.7413977940877279,0.3769263029098511,0.7858669281005859,166.9516296851415,164.24546353455665,66.0986807016603,115.7642274800716,85.3121424488056,0.7636323610941569,118.3820124166272,0.8156310399373372,30.2242970995145,0.8120826721191405,134.26148577496437,0.8250293413798014,123.52234919361317,0.8198759396870932
0.3928164005279541,0.7818135579427083,0.4157045841217041,0.7749268213907877,0.3227863073348999,0.7813809076944987,0.4765949249267578,0.8242938995361329,0.321387791633606,0.8446120580037435,0.4992682456970215,0.7908007303873698,0.4160784721374512,0.7976413091023763,0.3653852820396423,0.7435768127441407,0.369245445728302,0.7781538645426432,167.77323410982743,167.2860611473984,131.02413639956703,118.54069087757797,83.62990651514592,0.7608653386433919,125.7582901119267,0.8113829612731933,23.25858671748075,0.801223882039388,153.61656286949318,0.82112668355306,124.09617645924027,0.8075473149617514
0.5158984184265136,0.6984651565551758,0.42193236351013186,0.7700611114501953,0.3242449998855591,0.77024351755778,0.460330867767334,0.8310461044311523,0.3105459690093994,0.8412727355957031,0.467089319229126,0.8011877695719402,0.37148685455322267,0.8062854131062825,0.3920050382614136,0.7437080065409343,0.3730886816978455,0.7701523145039877,178.53116205616533,162.9510610845353,57.60071198784453,84.48274701985027,125.5772054600457,0.756930160522461,131.32813127372071,0.8057125250498454,34.91448620214548,0.80059920946757,150.13904627460548,0.8237790743509928,102.75401605241902,0.8161169370015462
0.42976932525634765,0.7878878911336263,0.41565189361572263,0.7826307932535808,0.31612186431884765,0.7840674082438152,0.45264468193054197,0.82779541015625,0.30378968715667726,0.8382472356160482,0.4743082523345947,0.8055692672729492,0.375303840637207,0.8095513661702474,0.39398874044418336,0.7579907417297364,0.3658868789672851,0.7833491007486979,179.81710887571276,157.16610588098737,87.90449392772187,122.68365627860555,137.93776073985617,0.7706699212392172,138.52113358757,0.810798168182373,27.126213557595932,0.805572255452474,158.13631333637443,0.8238993008931478,134.26563057217317,0.8166823387145996
0.4219776153564453,0.7773127237955729,0.4062678337097168,0.7746945699055989,0.3171414852142334,0.7804194132486979,0.451104736328125,0.8370595296223958,0.30541210174560546,0.8406108220418295,0.46275644302368163,0.7928627014160157,0.3747422218322754,0.8058133443196615,0.3812313675880432,0.7466882387797038,0.3617046594619751,0.7775569915771484,177.15478338845378,161.35729539278705,88.11620555294506,96.15619049136292,122.3162987493508,0.7621226151784262,131.75751609606417,0.8090839068094889,33.64677968682954,0.8073082605997721,153.34746965708578,0.8232120831807455,104.76897504119792,0.8149611155192058
0.39242660999298096,0.7840463638305664,0.4066786766052246,0.7738035202026368,0.3101147174835205,0.780424690246582,0.45285859107971194,0.823184076944987,0.29665687084198,0.8334199905395507,0.48599724769592284,0.8005284627278646,0.39405505657196044,0.8056489944458007,0.3701570153236389,0.7470479647318522,0.35839669704437255,0.7771141052246093,172.76123267971317,163.3658759185837,125.41779734135115,135.24315113792008,111.36286579236129,0.7620810349782308,137.63560822152394,0.80526704788208,25.998935548812895,0.8001490910847981,164.08564025049017,0.8195344924926757,145.6410982178973,0.8118562698364258
0.5189159393310547,0.7054328282674154,0.4047272205352783,0.7686054865519206,0.31685030460357666,0.7687047322591146,0.4489265441894531,0.8417500178019206,0.3052064895629883,0.8391627629597982,0.44703092575073244,0.8054208755493164,0.2444908618927002,0.8058694839477539,0.3881374001502991,0.7398412704467774,0.3607887625694275,0.7686551094055176,178.3882391102554,160.48609807211892,133.51769163432695,63.92410910552598,133.50557129665273,0.7542481899261475,128.24925867299197,0.8039089361826579,39.66978266813073,0.8052025636037191,28.738062939858224,0.8225161234537761,87.01307214290216,0.8235854466756185
0.5200566291809082,0.7045153935750326,0.41504511833190916,0.7654310862223307,0.3256814956665039,0.7644346237182618,0.457988977432251,0.835047721862793,0.29865446090698244,0.830333391825358,0.45165514945983887,0.8181858062744141,0.2477384090423584,0.8063240687052409,0.4323954939842224,0.7358217239379883,0.3703633069992065,0.7649328549702963,172.88223931467112,143.12865523692238,136.10214229960627,36.184205257509944,154.85976944533652,0.7503772894541423,137.63428200323477,0.7976331233978271,38.66552140272793,0.7999902884165446,25.24609133552562,0.8183287302652995,69.41235507253793,0.8266167640686035
0.5181478023529053,0.7048121134440104,0.41670823097229004,0.7645547231038411,0.3252820253372192,0.7636193593343099,0.4646024703979492,0.8335260391235352,0.2971926212310791,0.82874755859375,0.46729469299316406,0.8130573272705078,0.24740688800811766,0.807566769917806,0.4094312310218811,0.7360422770182291,0.37099512815475466,0.7640870412190754,178.33300843357603,156.07627376306095,137.57076672135665,70.53876473342427,143.88377461187238,0.7500646591186523,138.77745813283286,0.7964172999064127,36.56844702847047,0.7988065401713054,23.046789547604817,0.818157164255778,97.49302637363762,0.8232916831970215
0.5211376190185547,0.7024696985880534,0.41643271446228025,0.7709139506022136,0.33979485034942625,0.7709775924682617,0.4637167453765869,0.8346893310546875,0.3141780853271484,0.87440185546875,0.45267558097839355,0.7878280639648437,0.24873201847076415,0.8011194229125976,0.41213599443435667,0.7438265482584636,0.37811378240585325,0.7709457715352377,174.83868112601223,156.25551624363413,118.63942212921775,63.984315209398154,141.44152929048835,0.7573861598968507,121.71599998917779,0.8226738135019939,36.67291684025787,0.8028175512949626,48.23303467292999,0.8377606391906738,76.74212204463112,0.8112586975097655
0.5215602874755859,0.7022913614908854,0.4167487621307373,0.7703549067179362,0.33955774307250974,0.7707557042439779,0.4637468338012695,0.8349512736002604,0.3141511917114258,0.8743855794270833,0.4526996612548828,0.7882235209147136,0.24921965599060059,0.801153818766276,0.4167162537574768,0.7411556879679362,0.3781532526016235,0.7705553054809571,174.05976882338226,153.58572403728758,118.21160889477407,63.36498800397991,142.67886817089936,0.7558554967244466,121.65011224395508,0.8224704424540201,36.95581830665927,0.8027532895406088,48.43793893340401,0.8377696990966796,76.6986066195872,0.811587397257487
0.5212318420410156,0.7022292455037434,0.4151473522186279,0.7686913808186849,0.3412241220474243,0.7735664367675781,0.47055253982543943,0.8316405614217123,0.31451303958892823,0.8759726842244466,0.46859078407287597,0.7852842330932617,0.3842377901077271,0.7989232381184895,0.4140061378479004,0.7450417836507162,0.3781857371330261,0.7711289087931315,174.03989485717227,156.3730763314743,54.42712914385925,78.67781208063586,143.93506096985695,0.7580853462219238,121.27073811220899,0.823550796508789,33.22974563979136,0.8013847351074219,132.14305185341922,0.837447961171468,87.57674298641746,0.8084623972574869
0.5159916400909423,0.7013806025187175,0.41597137451171873,0.7727821985880534,0.3400312662124634,0.7784720738728841,0.4646747589111328,0.8314027150472005,0.3533691644668579,0.8471178690592448,0.46159000396728517,0.796345074971517,0.3836036682128906,0.8081892013549805,0.39770529270172117,0.74238862991333,0.37800132036209105,0.7756271362304688,176.06649938411707,159.71770977658423,47.59744875926642,71.0508836513604,120.65969919238766,0.7590078830718994,109.01140759682494,0.8113725026448568,32.76185182711947,0.8035149256388346,127.83520891328358,0.8276535352071126,84.97144114110343,0.8138738950093587
0.44347405433654785,0.7760071436564128,0.40777015686035156,0.7726736704508463,0.3315537691116333,0.7784129460652669,0.4564015865325928,0.8363126118977865,0.35211849212646484,0.8466540018717448,0.4460501194000244,0.8014691670735677,0.2487255096435547,0.801563008626302,0.4053489327430725,0.7459247271219889,0.3696619629859924,0.7755433082580566,166.00426624534344,154.473393515322,144.29517721636338,54.70707865327198,140.30885145881865,0.7607340176900228,103.8585032631334,0.8110986550649006,35.014874645539635,0.8059279600779216,23.56262750265728,0.8241085052490233,73.45410170182582,0.8188908894856771
0.4340322971343994,0.7751555760701497,0.4061574935913086,0.7750392913818359,0.3236995220184326,0.7810433705647787,0.45992279052734375,0.8292964935302735,0.31485373973846437,0.8479607899983724,0.4449450492858887,0.7929068883260091,0.36259937286376953,0.8048826217651367,0.3962872862815857,0.7466744740804037,0.3649285078048706,0.7780413309733073,176.81034180466614,155.9530214649879,42.982480997025554,57.103748625314246,134.99262089339604,0.7623579025268554,125.60939961337176,0.8130010604858399,28.349546294814196,0.8036689122517904,137.94186090739916,0.8264217058817546,67.62823085037135,0.8111016909281412
0.3893731117248535,0.782681401570638,0.4150367259979248,0.7694879531860351,0.3398364782333374,0.7864152908325195,0.4877290725708008,0.8249826431274414,0.31291196346282957,0.8770912170410157,0.5049041748046875,0.7698980331420898,0.4418736457824707,0.7811087290445964,0.36189539432525636,0.7442973772684733,0.3774366021156311,0.7779516220092773,167.18947445742805,170.42619372326394,140.53576926761363,110.93244017410001,65.21295957824775,0.7611244996388753,123.05794185679083,0.8275214195251465,23.09441596028066,0.8014671325683593,143.34074546233558,0.829099973042806,107.31721391694525,0.7974403381347657
0.3993117570877075,0.7880202611287435,0.4160295963287354,0.7744427363077799,0.3400040864944458,0.7868964513142903,0.48891053199768064,0.8250248591105144,0.3117599248886108,0.877541987101237,0.5034745693206787,0.774748166402181,0.44019250869750975,0.7857715606689453,0.3667948842048645,0.7474257787068685,0.3780168414115906,0.7806695938110351,168.55619798057526,169.36627565725527,139.7615880980252,108.8573986793829,71.3471043642755,0.7640476862589518,124.37059652705828,0.8291057904561361,21.8004247119342,0.8028472264607747,144.45261457001504,0.8316567738850911,106.15512431444088,0.7998865127563477
0.402725887298584,0.7924437840779622,0.408290433883667,0.7750506083170573,0.324035120010376,0.7817890803019206,0.45757260322570803,0.841076405843099,0.3146615743637085,0.8753198623657227,0.46305575370788576,0.792508061726888,0.2511275053024292,0.8004814147949219,0.3795035004615783,0.7563601811726888,0.3661627769470215,0.778419844309489,179.39642209488602,167.09026112712547,119.47315947518668,88.16834656127133,121.16372167474007,0.7673900127410889,117.99011094222107,0.8268698533376058,34.42855888754904,0.8097481250762939,49.67042163295963,0.8379006385803223,96.4411664961686,0.8167922337849935
0.38596084117889407,0.7844378153483073,0.40843791961669923,0.775768534342448,0.3317159652709961,0.7821193059285482,0.45773887634277344,0.840858268737793,0.316076922416687,0.8739787419637044,0.4631787300109863,0.7925009409586589,0.3833421468734741,0.8002953211466471,0.37121387720108034,0.7496131896972656,0.3700769424438477,0.7789439201354981,174.3041058834295,168.71206783094564,74.24466622867418,88.13348429962791,92.21982083973212,0.7642785549163819,119.60580076487831,0.8264613310496012,35.23300506841471,0.8099010944366456,132.39279712900625,0.8371370315551758,96.41838224122185,0.8166796048482259
0.3859201431274414,0.7847318649291992,0.4078063011169434,0.7756401062011719,0.33147573471069336,0.7820062637329102,0.45421266555786133,0.8450738906860351,0.3160968780517578,0.8741055806477864,0.4722310543060303,0.7927396138509114,0.38324756622314454,0.8040327707926432,0.3677508354187012,0.7515063921610514,0.36964101791381837,0.7788231849670411,173.5129507868698,170.81374295680698,72.13747467050179,101.27321933882335,86.04173405178203,0.7651647885640462,119.33389981127436,0.8264643828074137,38.074005756887324,0.8119485378265381,133.78009275325817,0.8390691757202149,108.99828921856256,0.8189067522684732
0.3955044984817505,0.7854583104451497,0.4080617427825928,0.7753960291544596,0.3320129156112671,0.7817123413085938,0.4550456523895264,0.8448427200317383,0.3162934064865112,0.8744263331095378,0.47232747077941895,0.7927382151285808,0.3834453344345093,0.7999156951904297,0.3747698783874511,0.7514335632324218,0.37003732919692994,0.7785541852315268,176.15450467654964,168.6224490198166,74.14173364285953,100.45488927552898,99.89844786644909,0.7649938742319743,119.2740790742844,0.8264902591705323,37.946705079772734,0.8116984526316325,132.0264239543817,0.8371710141499837,108.3494485670677,0.8187904675801596
0.39663684368133545,0.8176255544026693,0.4078086853027344,0.7697003682454427,0.3200333595275879,0.7802423477172852,0.46865339279174806,0.8333962758382162,0.311078143119812,0.8532756169637045,0.4786048889160156,0.778094482421875,0.39698057174682616,0.7926066716512045,0.3681224584579468,0.7809560775756836,0.3639210224151611,0.774971357981364,175.7473447967683,178.393058721488,116.69090995477328,98.64121719398725,54.93010033453922,0.7779637177785238,124.0130683340496,0.8141234874725343,29.154948454018562,0.8041838169097901,144.7681921447515,0.8229411443074545,100.20113699450499,0.8057453791300455
0.3951528549194336,0.8053641637166341,0.4060251712799072,0.7653088887532552,0.32016355991363527,0.775250244140625,0.46550559997558594,0.8341976165771484,0.3167073965072632,0.8482864379882813,0.4691932678222656,0.7786602020263672,0.3748776912689209,0.7931525548299153,0.36931608915328984,0.7680671374003092,0.3630943655967712,0.7702795664469402,177.48063256565027,177.46097478592822,73.79095344003545,89.28249307398752,160.42474309522447,0.7691733519236247,120.73793222875742,0.8092830022176107,31.969574820884418,0.8022385915120442,136.53508849471808,0.8207194964090982,93.79884636990029,0.8064289093017578
0.39557101726531985,0.8050857543945312,0.40606040954589845,0.7692867279052734,0.3201801061630249,0.775301742553711,0.46552371978759766,0.8342201232910156,0.31665327548980715,0.8482649485270183,0.4692217350006104,0.7786619186401367,0.3651662111282349,0.7932855606079101,0.36921058893203734,0.7659048080444335,0.36312025785446167,0.7722942352294921,178.90818119526568,175.81414296819673,46.99151001018792,90.37356455893936,133.6270836114487,0.7690995216369628,121.45176391753898,0.8102795918782553,31.16238372729287,0.8032571792602539,131.42466816510805,0.8207752545674643,93.8080530284015,0.8064410209655761
0.40224337577819824,0.8009152094523112,0.40605649948120115,0.7651641845703125,0.32001070976257323,0.7751988093058269,0.46566004753112794,0.8340496063232422,0.31668307781219485,0.8480665206909179,0.46929707527160647,0.7788530985514323,0.25640311241149905,0.8006285349527995,0.36963974237442015,0.7629354159037272,0.36303360462188716,0.7701814969380697,178.87340572396505,175.3712364247177,125.86258438333958,89.10463496923995,132.35493654026985,0.7665584564208985,120.75750117162244,0.8091240088144938,31.89548279480338,0.802115551630656,38.20136795469105,0.8243475278218587,93.76990393763118,0.8064513524373372
0.40204925537109376,0.805807622273763,0.40604357719421386,0.7650510152180989,0.31998329162597655,0.7751140594482422,0.4656073570251465,0.8339848836263021,0.31662075519561766,0.8477257410685222,0.46922874450683594,0.7787040074666342,0.25600447654724123,0.8006443659464518,0.3695225834846496,0.7635097821553548,0.3630134344100952,0.7700825373331706,178.72303577924515,175.65855426301837,126.22371670142302,89.10751564837565,134.7214218602932,0.7667961597442627,120.8587876067317,0.8089041392008464,31.91740717947673,0.8020337104797364,37.83690669799856,0.824185053507487,93.74802619538272,0.8063444455464681
0.4020419120788574,0.8057678858439128,0.4062051296234131,0.7692080815633138,0.31993446350097654,0.7752440770467123,0.46584367752075195,0.834158198038737,0.31656219959259035,0.8478215535481771,0.4694279670715332,0.7786949157714844,0.25595028400421144,0.8006355921427409,0.3701488018035889,0.7661588033040364,0.36306979656219485,0.7722260793050131,178.32787983969348,175.67635275394335,127.24584402308567,90.21705894659002,139.400771336279,0.7691924413045248,121.60052283947763,0.8100238164265952,31.073403366372695,0.803192138671875,37.90051354009191,0.824228572845459,93.69757214736305,0.8064265569051108
0.4041274070739746,0.7998496373494466,0.40546140670776365,0.7650629679361979,0.31982946395874023,0.7751162211100261,0.465610933303833,0.834287452697754,0.3166298151016235,0.8479422251383464,0.46253371238708496,0.7833051681518555,0.2560845375061035,0.8007574717203776,0.3766384482383728,0.7629227002461751,0.36264543533325194,0.770089594523112,175.37038250991597,173.21001745961874,126.01399778030186,79.00923180573379,152.87953565107597,0.7665061473846435,120.58565935839219,0.8090159098307292,31.943086647125146,0.8021885236104329,37.93035712731424,0.824349848429362,86.54589572404099,0.8087963104248047
0.4106894016265869,0.7922064463297526,0.41295957565307617,0.7669302622477213,0.3287131547927856,0.7723763147989909,0.4641678810119629,0.8361831665039062,0.3241156816482544,0.8523218790690105,0.46232028007507325,0.784686787923177,0.2541039943695068,0.802993901570638,0.38078889846801756,0.7570332209269206,0.3708363652229309,0.7696532885233561,178.73104752839393,171.97307527614666,128.89252957016885,78.61322955443883,128.26028599966457,0.7633432547251384,119.47324077829235,0.8109875837961833,35.48256334029192,0.8029182275136312,35.16728999189701,0.8276578903198242,87.94520796959186,0.8104349772135416
0.4029210567474365,0.8036836624145508,0.413592004776001,0.771527099609375,0.32161755561828614,0.7775605519612631,0.4649224758148193,0.8363534927368164,0.3177755832672119,0.8518061955769857,0.471173620223999,0.7852579116821289,0.3739304065704346,0.7996617635091146,0.37741473913192747,0.7643977483113606,0.3676047801971436,0.774543825785319,178.51349629907608,172.99124067459073,61.25599286451144,91.06884983972427,134.0350612445604,0.7694707870483398,122.81938094988847,0.8131750106811524,32.42097213050277,0.8054486592610677,137.12073063824653,0.8257339795430501,96.97502815350717,0.8108057022094726
0.40292892456054685,0.8086530685424804,0.41376233100891113,0.7717254002888997,0.3215919494628906,0.7779149373372396,0.4615832805633545,0.8399717330932617,0.3182328939437866,0.8564725875854492,0.46257619857788085,0.7844777425130208,0.37379751205444334,0.7995813369750977,0.3776700019836426,0.764498488108317,0.36767714023590087,0.7748201688130696,178.3247501775303,172.78386705024266,58.20798654651736,85.21424334600053,134.07266957082427,0.7696593284606933,121.19680847153938,0.8156463781992593,34.75270067500409,0.8073959509531656,134.32411782238037,0.8280269622802734,91.02504688082546,0.8122247378031413
0.40502071380615234,0.8084794362386067,0.4144190788269043,0.771613883972168,0.32218592166900634,0.7776437123616536,0.46180014610290526,0.8402255376180013,0.3433018684387207,0.8517522811889648,0.46214981079101564,0.7847403208414714,0.2537673473358154,0.8029352823893229,0.3829052567481994,0.7646467526753744,0.3683025002479553,0.7746287981669109,173.51142337574333,171.28278949440292,137.51737252642752,84.21149357061289,145.64455500758123,0.7696377754211426,107.96081094500799,0.8131905396779379,35.05300318935983,0.807427167892456,28.600588588380987,0.8273437817891438,90.36106997189933,0.8124829292297364
0.4057960033416748,0.808331553141276,0.414370059967041,0.7719577153523763,0.3289008855819702,0.7775763829549154,0.4618239879608154,0.8402685801188151,0.3181356191635132,0.8612605412801106,0.46216568946838377,0.7847344716389973,0.2528564691543579,0.8031248728434245,0.3831924676895142,0.7643020311991373,0.3716354727745056,0.7747670491536458,177.8778603760278,171.97748147559022,124.88499891995924,84.06954858667152,137.83872638874973,0.7695345401763916,121.73852966314905,0.8180137952168782,35.98991099479758,0.8075178146362305,41.68730884704277,0.8321927070617676,90.35253662491519,0.8125015258789062
0.4065971851348877,0.7847361246744792,0.4168834686279297,0.771594746907552,0.3406115293502808,0.7782857894897461,0.4760122299194336,0.8319094975789388,0.309657621383667,0.8492848714192708,0.4933176040649414,0.7929389317830403,0.40655975341796874,0.8088464736938477,0.37517601251602173,0.7497817675272623,0.3787474989891052,0.774940268198649,170.4612293828797,171.19640081600585,106.70966239861687,105.01617386008871,81.92031029372983,0.7623610178629556,132.90190605439903,0.81211256980896,30.358065887077593,0.803424882888794,157.34864953935076,0.8290656725565593,113.94422120971527,0.8124242146809896
0.4056142807006836,0.784986941019694,0.4170821189880371,0.7714782079060872,0.34080507755279543,0.7783717473347982,0.47605509757995607,0.8319318771362305,0.36954522132873535,0.8455120086669922,0.4934068202972412,0.7929225921630859,0.4159278392791748,0.808718744913737,0.37483741044998165,0.7498590469360351,0.37894359827041624,0.7749249776204428,175.58267953236464,171.37698117779024,99.15758490892182,105.04424262492054,80.69669592103317,0.7623920122782389,97.58409407791018,0.8102184931437175,30.414008830183555,0.8034284273783366,141.57659938070145,0.8271153767903645,113.97997985307815,0.8124272346496582
0.40520567893981935,0.7906610488891601,0.41750297546386717,0.7717522939046224,0.34095885753631594,0.7786187489827474,0.4760552406311035,0.8320751190185547,0.36949639320373534,0.8457189559936523,0.49404611587524416,0.7984711329142252,0.4155892372131348,0.808499526977539,0.37462496757507324,0.7499955813090007,0.37923091650009155,0.7751855214436849,175.20888988512144,171.45604852285373,98.58146707172914,106.699041395927,79.63800652962283,0.7625905513763428,97.85791578739267,0.8104522387186686,30.436570373533204,0.8036303202311198,141.07953350855223,0.8271092414855956,118.16367033725669,0.8152731259663899
0.40432963371276853,0.7851434071858724,0.41739482879638673,0.7718344370524088,0.3406305551528931,0.7786572774251302,0.4760097026824951,0.8320809682210286,0.3693274736404419,0.8457893371582031,0.49361381530761717,0.792669677734375,0.4162466049194336,0.8033367156982422,0.37456861734390257,0.7523342768351237,0.37901269197463994,0.7752458572387695,175.39238800237663,172.1958100275628,100.82861067532728,105.42423456050537,79.02285874465413,0.7637900670369466,97.81750964632798,0.8105175971984864,30.368043739729888,0.803663412729899,137.86107646788568,0.8245630264282227,114.06921157827968,0.8123753229777018
0.40428600311279295,0.785226567586263,0.417445707321167,0.7718620300292969,0.3406683921813965,0.7786741892496745,0.47600226402282714,0.8320822397867839,0.31002724170684814,0.84965025583903,0.4936185836791992,0.7926957448323567,0.4162285327911377,0.8033568064371744,0.37458873987197877,0.7522842089335124,0.37905704975128174,0.7752681096394857,170.68493817517367,172.1744487113873,119.37089153071365,105.4476570928716,78.99833738043304,0.7637761592864991,132.8626320011425,0.8124591827392578,30.37216560116473,0.8036751747131348,156.44747386411336,0.8265035311381022,114.09744113043345,0.8123889923095703
0.4049656867980957,0.7908372243245443,0.41757683753967284,0.7719910939534506,0.3406864404678345,0.7787588755289714,0.47610926628112793,0.8320613225301107,0.31433393955230715,0.8734069188435872,0.49350862503051757,0.7926263809204102,0.4163801193237305,0.8033596038818359,0.3747334957122803,0.7523021380106608,0.3791316390037537,0.775374984741211,173.04304573593575,172.1130429311098,108.61584425703603,105.2306501942952,79.2077577378355,0.763838561375936,123.46413041776843,0.8243909517923991,30.307569383052137,0.8037181536356608,145.533220882302,0.8383832613627116,113.8078777272185,0.8123438517252604
0.40523381233215333,0.7908429463704427,0.41748509407043455,0.7719717661539713,0.34061880111694337,0.7786642074584961,0.47605018615722655,0.8320336023966471,0.3143086194992065,0.8734170913696289,0.48782849311828613,0.7922172546386719,0.406919527053833,0.8036863327026367,0.36824290752410893,0.7462753931681315,0.379051947593689,0.7753179868062336,169.56298998751524,171.81371322541563,97.5121367731517,97.64830980620766,69.58579614322908,0.7607966899871825,123.42396457296672,0.8243675390879313,30.315154462040038,0.8036757946014403,143.02232745298488,0.8385517120361328,106.47905244065836,0.8121254285176596
0.40401263236999513,0.79130064646403,0.41717305183410647,0.771992556254069,0.34035072326660154,0.7785612106323242,0.46908178329467776,0.8332909901936849,0.3144357204437256,0.8732776641845703,0.48802933692932127,0.7919874827067057,0.4067734718322754,0.8038713455200195,0.3742236852645874,0.7527051607767741,0.378761887550354,0.7752768834431967,173.09504699053858,172.3641082631291,97.47942986298764,105.94775189205149,78.63184839762252,0.7639910221099854,123.2802633890198,0.8242772738138835,32.71336866468357,0.8042839368184408,143.06938905462744,0.8385745048522949,114.64279721846178,0.8126392364501953
0.4041022300720215,0.7914374669392904,0.4176816463470459,0.7722107569376627,0.34015932083129885,0.7784023920694987,0.4673604965209961,0.8370608647664388,0.3145915985107422,0.8731532414754232,0.4803110122680664,0.7910803476969401,0.39746272563934326,0.8041227340698243,0.3747761607170105,0.7551694869995118,0.3789204835891724,0.7753065745035808,173.70377903412142,173.43218463499153,82.96610385134872,96.88712283676544,78.37059169496031,0.7652380307515463,123.32275355003098,0.8242299079895019,34.925128981360494,0.8061837196350098,140.20616797556843,0.8386379877726238,105.72999298714751,0.8140706062316895
0.40398421287536623,0.7912860870361328,0.41733622550964355,0.7720888773600261,0.3402658700942993,0.7783721288045248,0.4671482086181641,0.8371931076049804,0.31010751724243163,0.8498057047526042,0.48061113357543944,0.7909782409667969,0.3974621772766113,0.8041095733642578,0.3745749473571777,0.7552877426147461,0.37880104780197144,0.7752305030822755,171.64741214613437,173.54283822102389,95.25527466277437,97.44875969353397,78.03536585622157,0.7652591228485108,132.64913254097257,0.8125181039174398,35.044040096887116,0.806211805343628,152.3854660521027,0.826957639058431,106.24145201151002,0.8140856742858886
0.39138236045837405,0.8060697555541992,0.4264196872711182,0.7701376597086589,0.3432612895965576,0.7819713592529297,0.4881723880767822,0.8203946431477864,0.3123655080795288,0.8715888341267903,0.5560966014862061,0.7296518325805664,0.44750218391418456,0.7832908630371094,0.3679367661476135,0.771202023824056,0.3848404884338379,0.7760545094807942,171.7826958030929,179.02682936470472,140.25199685654562,141.97671223969002,16.016978104487475,0.7736282666524251,127.18495963502858,0.8238216718037923,23.224365722681036,0.7982245763142903,146.83949807259455,0.8274398485819499,126.81615702057056,0.7750232378641764
0.39155542850494385,0.8055188496907552,0.42741708755493163,0.7702133178710937,0.34356122016906737,0.7820645014444987,0.4881581783294678,0.8203787485758464,0.312417197227478,0.87141539255778,0.5561535835266114,0.7296326319376628,0.44717020988464357,0.7830128987630208,0.36857687234878544,0.7712961832682292,0.3854891538619995,0.7761389096577962,171.80301749397663,179.00477453572728,140.37474574951872,142.08702032871363,15.978734941973686,0.7737175464630127,127.48627292455386,0.823777151107788,23.311095332468188,0.7982588291168213,146.73378237997335,0.8272141456604004,126.84395363347362,0.7750056902567546
0.5212218284606933,0.7017494837443033,0.42017302513122556,0.7638711293538412,0.3547330617904663,0.769439697265625,0.48615498542785646,0.8217917760213216,0.3934833765029907,0.8342585245768229,0.4981071472167969,0.7889904657999675,0.4262240886688232,0.7995450337727864,0.3928417682647705,0.73898712793986,0.38745304346084597,0.7666554133097331,175.2884474705821,167.60303635608403,93.01672960328102,98.60918163593422,101.02105999555162,0.7528212706247965,84.902593061965,0.800456968943278,29.18837061052222,0.7942235946655274,133.32479408925096,0.8169017791748047,110.0207601415237,0.8053911209106446
0.5210554122924804,0.7017918268839518,0.41986937522888185,0.7639600753784179,0.35476276874542234,0.7695083618164062,0.48603310585021975,0.8216623942057292,0.39412384033203124,0.8286704381306966,0.4982626914978027,0.7889245351155599,0.4259294033050537,0.7996224721272787,0.3930323362350464,0.7413146018981933,0.3873160719871521,0.7667342185974121,174.44333776047,168.26716054030442,97.17246476305874,99.17329928655582,102.67362639193296,0.7540244102478026,83.72746888999514,0.7977023283640543,29.092457190096116,0.7941983064015706,137.59460140993673,0.8141464551289876,110.48372465709491,0.8052934646606446
0.5185317039489746,0.7001105626424153,0.4237808704376221,0.7709200541178386,0.34107012748718263,0.7763564427693684,0.48342137336730956,0.8342140833536784,0.3126032590866089,0.8772057851155599,0.49232897758483884,0.784963862101237,0.40633368492126465,0.7964795430501302,0.3899149656295776,0.7499292055765787,0.38242549896240235,0.7736382484436035,177.2890714244824,168.9238171175751,95.57035015788315,94.36833687348648,107.53084327265003,0.7617837270100911,123.98671049473909,0.8254220167795817,30.954708056050347,0.803926165898641,139.26300380897337,0.836842664082845,100.25193020728614,0.8095889727274577
0.5184500694274903,0.7014701207478841,0.4162445068359375,0.7684209823608399,0.3431981086730957,0.7685857137044271,0.4762160301208496,0.8279979705810547,0.38141674995422364,0.8355900446573893,0.487406587600708,0.7889687856038411,0.41640539169311525,0.7937348683675131,0.3893216967582702,0.7498358726501465,0.3797213077545166,0.7685033480326335,173.28558024129316,169.68463667859254,95.37336841081583,95.23814954546539,117.21604624558783,0.7591696103413901,88.5523059865176,0.8020466963450115,31.656252787317296,0.7982506593068441,129.893781593436,0.8146624565124512,105.99880462410637,0.8084833780924479
0.5185378074645997,0.7014254887898763,0.4164912700653076,0.7685360590616862,0.343263578414917,0.7685428619384765,0.48287348747253417,0.8323617935180664,0.3808460712432861,0.840644645690918,0.4874712467193604,0.7888654708862305,0.4061450004577637,0.7990686416625976,0.3944653391838074,0.7500511805216472,0.3798774242401123,0.7685394605000814,170.68087180024693,168.8303106378897,72.02943578322888,85.33610174156335,128.2747044060108,0.7592953205108643,89.23034596291897,0.8045920530954997,31.784755781029705,0.8004506270090739,121.32044305838622,0.8198566436767578,96.03401760902798,0.8106136322021484
0.5197729110717774,0.7021799087524414,0.41909265518188477,0.7682356516520182,0.3535672426223755,0.769923210144043,0.48184976577758787,0.8181247075398763,0.39363865852355956,0.8285997390747071,0.4947196483612061,0.7885485331217448,0.4161475658416748,0.7997746785481771,0.39223457574844356,0.7470807393391927,0.3863299489021301,0.7690794308980307,173.9862575123824,168.7723078516144,82.1546438608135,103.33300051766216,105.02452894031163,0.7580800851186117,82.9994929129462,0.7988395849863689,27.178528789684275,0.7936020692189535,127.98555825904228,0.8141872088114421,113.51595768287622,0.8033366203308105
0.5181215286254883,0.7014382044474284,0.41715078353881835,0.7687122980753581,0.3434610843658447,0.7684815724690756,0.47619194984436036,0.8283203760782878,0.381669807434082,0.8356053670247395,0.48606696128845217,0.78239320119222,0.40663576126098633,0.7942280451456706,0.3852234721183777,0.7501182874043782,0.38030593395233153,0.7685969352722168,176.4535837117505,171.23269740037097,76.87605046668068,94.70255098053273,104.90217210104124,0.7593576113382976,88.83397650330326,0.8021011511484781,31.917074293869106,0.7984586556752523,121.10564197194319,0.8149167060852051,102.13467770806452,0.805356788635254
0.5182025909423829,0.7013176600138347,0.4169186592102051,0.768679682413737,0.3436110496520996,0.7684054056803385,0.4760387897491455,0.8283340454101562,0.38179066181182864,0.8355838775634765,0.48644099235534666,0.7822324117024739,0.4065709114074707,0.7942752202351888,0.385480010509491,0.7523470878601075,0.3802648544311523,0.7685425440470377,176.15832839552058,171.9767884492276,76.58999243653795,95.36815681245439,107.8492611302768,0.7604448159535726,88.69621875059208,0.8020632108052571,31.97646145888992,0.798438294728597,120.95871323643716,0.8149295488993327,102.71508000021026,0.8052832285563151
0.5182029247283936,0.7013161977132162,0.416925048828125,0.7686777750651042,0.3436212778091431,0.7683931986490885,0.4760483741760254,0.8283276875813802,0.38183572292327883,0.8355690002441406,0.48644518852233887,0.7822350819905599,0.4164101600646973,0.7939729690551758,0.3849853157997131,0.7501005490620931,0.38027316331863403,0.7685354868570964,176.5542215854796,171.3124033732484,94.59080543113706,95.3587478248306,104.33835783791943,0.7593180179595947,88.6646700140998,0.8020522435506185,31.97641972319619,0.7984315872192382,129.7332091650773,0.8147709846496582,102.71111602605473,0.8052813847859701
0.5180036067962647,0.7014015833536784,0.41735153198242186,0.7686152776082357,0.3437556266784668,0.7685702006022136,0.475620174407959,0.8327918370564779,0.3716545581817627,0.8412095387776692,0.4875796794891357,0.7887109756469727,0.4059473514556885,0.7992604573567709,0.3860884547233582,0.7499383290608723,0.3805535793304443,0.7685927391052246,178.00012894565802,171.24994781744687,78.89127875176894,94.5334737184546,106.52593876311833,0.7592655340830485,96.98662955569691,0.8049011389414469,34.031416077691844,0.8006922880808512,129.26552304404964,0.8202349980672201,105.17942070015187,0.8107514063517253
0.5181483268737793,0.7014403025309245,0.41747593879699707,0.7686688105265299,0.3435481786727905,0.7687376658121745,0.47568364143371583,0.832828140258789,0.3714578628540039,0.8411725362141927,0.4877793788909912,0.7885981241861979,0.3964885950088501,0.7992043177286784,0.38589909076690676,0.7500336011250814,0.3805120587348938,0.7687032381693522,178.1177134181522,171.29077825511447,58.45839473443506,94.78764485198646,106.0952354655541,0.7593684196472168,97.12153943733254,0.8049378871917725,33.97138157723591,0.8007656892140707,120.81274319746865,0.8201884269714356,105.29490701389672,0.8107131322224934
0.4167329788208008,0.788737424214681,0.4185896873474121,0.7710468928019206,0.3403706312179565,0.7763320287068685,0.47635889053344727,0.8343868891398112,0.31195478439331054,0.8767685572306315,0.4818683624267578,0.7897002538045247,0.3871640205383301,0.8011238098144531,0.3895809054374695,0.7527131080627442,0.3794801592826843,0.7736894607543945,178.80761989060636,168.80394715412194,60.481180376662955,88.14103748731733,115.71221722480037,0.7632012844085694,123.22813083262838,0.825229008992513,32.0683767790097,0.8040381749471028,134.83458913145887,0.8389461835225422,97.0285991826524,0.8120435714721679
0.40485105514526365,0.7935736974080404,0.40850210189819336,0.7802810668945312,0.338304328918457,0.7921346028645834,0.47033963203430174,0.8277374903361002,0.3096558332443237,0.8474705378214519,0.47250213623046877,0.7877469380696615,0.4051517009735107,0.8004457473754882,0.37487181425094607,0.7617232958475748,0.3734032154083252,0.7862078348795574,171.1165403236756,168.5282112676115,129.62879110072618,92.20548825019918,93.43252630953391,0.7739655653635661,136.1386512584414,0.8168391863505047,23.19133803321696,0.8069726626078289,153.783097387669,0.8239581425984701,93.09527622152862,0.8077422142028808
0.4041724681854248,0.793710454305013,0.4085878849029541,0.7847731908162435,0.33830852508544923,0.7923605600992839,0.4650733470916748,0.8279700597127279,0.3097236156463623,0.8475884119669597,0.47256760597229003,0.7876533508300781,0.4052143096923828,0.8004029591878256,0.3752344846725464,0.7646509488423665,0.37344820499420167,0.7885668754577637,171.11036709139316,168.09354139152157,133.26888821845816,101.05826809489207,94.27148848216834,0.7766089121500651,137.19423080685482,0.8180776437123617,23.270012691133807,0.8082684675852458,153.70433427263674,0.8239956855773927,100.53022188781013,0.807811705271403
0.40339508056640627,0.793669319152832,0.4083986282348633,0.7848049163818359,0.3304222583770752,0.7923407236735026,0.4650097370147705,0.8280291239420573,0.30955941677093507,0.8475175857543945,0.47252659797668456,0.7877429962158203,0.40505166053771974,0.8003868103027344,0.3706875205039978,0.761532974243164,0.3694104433059692,0.7885728200276693,169.97266303219627,167.24378169776125,135.39227365472416,101.03017912519601,92.70403911104378,0.7750528971354167,135.43708544890984,0.8180452028910319,22.42720729611194,0.8083009719848633,153.7310780092683,0.8239521980285645,100.56910320575237,0.8078860600789388
0.4043694496154785,0.7939931233723958,0.4155769348144531,0.780327033996582,0.3305177927017212,0.7921132405598958,0.47044148445129397,0.8283138275146484,0.3094979763031006,0.8474380493164062,0.471319580078125,0.7825042724609375,0.3961528778076172,0.8003997802734375,0.37574803829193115,0.7644196510314941,0.37304736375808717,0.7862201372782389,172.5199109232189,169.36456221242543,119.96881418664789,93.26356756656811,97.06190206520367,0.7753198941548665,136.0705381665212,0.8168290932973226,23.37397655837681,0.8072669823964437,151.5058746988568,0.8239189147949219,91.09813362790834,0.805409049987793
0.4040203094482422,0.793893305460612,0.4155674934387207,0.7803556442260742,0.33048985004425047,0.7921304702758789,0.4704602718353271,0.8283117930094401,0.3092957973480225,0.8475131988525391,0.4713569164276123,0.7825080871582031,0.39615046977996826,0.8004281361897786,0.3750214815139771,0.7616930961608886,0.3730286717414856,0.7862430572509765,171.3181886574395,168.43756375987914,120.0084390229773,93.29678588790196,94.64073214636805,0.7739680767059326,136.1286603118523,0.8168781280517579,23.353581945936735,0.8072774251302084,151.53729521534484,0.8239706675211589,91.1214679912569,0.8054099400838216
0.4039143562316895,0.7939062118530273,0.4096211910247803,0.7805782953898112,0.3304563045501709,0.7921260833740235,0.47039456367492677,0.8283806482950846,0.309322190284729,0.8475234985351563,0.47141551971435547,0.7825371424357096,0.3961430311203003,0.800443967183431,0.37500534057617185,0.7616871515909831,0.3700387477874756,0.7863521893819173,172.63747634042903,167.7634875712292,123.16942357579617,93.43095084924705,101.38492912762649,0.7740196704864502,134.7862360699053,0.8169378439585369,22.723665052098163,0.807366418838501,151.53076242045935,0.8239837328592936,91.27579256884668,0.8054588953653972
0.4036067008972168,0.7941205978393555,0.4093793869018555,0.7806173324584961,0.33038690090179446,0.7920989990234375,0.4703389644622803,0.8281738917032878,0.30939176082611086,0.8475908279418946,0.46430506706237795,0.781594975789388,0.4053366661071777,0.8004501342773438,0.37159132957458496,0.7614924430847168,0.369883143901825,0.7863581657409668,171.19418031224157,168.56997244158038,132.15699354686603,85.50681296898811,93.92983975281656,0.7739253044128418,134.65108257625533,0.8169744968414308,22.600001826677605,0.8072660287221274,153.8336888053463,0.8240204811096192,82.61892924668788,0.8048844337463379
0.4032630920410156,0.7938781102498372,0.4092667579650879,0.7805201848347981,0.3302708625793457,0.7920716603597006,0.46471080780029295,0.8282467524210612,0.3095866203308105,0.8474911371866862,0.4638617515563965,0.7864339192708333,0.39585580825805666,0.800396474202474,0.3719843029975891,0.7642046292622884,0.36976881027221675,0.7862959225972493,172.31848383840637,169.20746267417334,122.97759206952446,88.75267521344865,95.72693330062573,0.7752502759297688,134.52181635882857,0.8168935298919677,23.838596102054037,0.8072713375091553,151.36971337984374,0.82394380569458,88.836705122669,0.8073403358459472
