0,1,2,3,4,5,6,7,8,9,10,11,12,13,14,15,16,17,18,19,20,21,22,23,24,25,26,27,28,29,30,31
0.49547924995422366,0.7944355646769206,0.40812172889709475,0.8038417816162109,0.3752155303955078,0.801142692565918,0.44014296531677244,0.8410910924275716,0.3724361896514893,0.8539152145385742,0.43450345993041994,0.8360011418660481,0.3734321594238281,0.841982650756836,0.47481274604797363,0.7319590250651042,0.3916686296463013,0.8024922370910644,160.49414004339323,110.90505171178523,20.016029378078084,4.032492253911125,139.69123350276516,0.7672256310780843,110.50603767557772,0.8282037258148194,38.52939980773633,0.821791664759318,94.77122096117469,0.8479489326477051,42.06791463904281,0.8385461171468098
0.31965022087097167,0.8574755350748698,0.44199323654174805,0.7726371765136719,0.39307441711425783,0.7808587392171223,0.47704424858093264,0.7997002919514974,0.42212424278259275,0.8197097142537435,0.5099376201629638,0.7832894007364909,0.46589035987854005,0.7929301579793294,0.4118928432464599,0.7718027114868165,0.41753382682800294,0.7767479578653971,174.0434201297291,177.9105043652723,130.03593958878471,149.43552651909943,41.239873741225686,0.7742753346761068,83.90114890801168,0.7982288360595703,21.09092668422865,0.7882241249084472,148.53842284306802,0.8063199361165365,153.48484995771062,0.7914948463439941
0.5072920322418213,0.7952123006184896,0.43445348739624023,0.8060290018717448,0.38770060539245604,0.8015715281168619,0.45076847076416016,0.836148452758789,0.38140039443969725,0.8410060246785481,0.45125398635864256,0.8289709726969401,0.39147446155548093,0.828642463684082,0.4861842632293701,0.7622277895609537,0.41107704639434817,0.8038002649943033,165.51356903901498,103.58041895669017,0.8973988221522556,61.80284240192399,151.03510362387155,0.7830140272776285,128.57712189559237,0.8224031448364257,39.17975383472311,0.8199743588765462,129.17380963065403,0.8348242441813151,93.86983745213408,0.8325597127278646
0.5497832298278809,0.720159912109375,0.4357774257659912,0.7940427780151367,0.37414891719818116,0.7907852172851563,0.477495813369751,0.8441055297851563,0.38810508251190184,0.8378369649251302,0.47482547760009763,0.812869135538737,0.392396354675293,0.814595095316569,0.49717888832092283,0.7609884897867838,0.40496317148208616,0.7924139976501465,145.52848698433803,112.15329854797221,19.07293019043709,68.794161633435,161.18178520107634,0.7767012437184652,110.36169252027287,0.8151254812876383,35.47617201842602,0.8182597637176514,100.46101873534357,0.8262160301208497,85.11378045640429,0.8284873326619466
0.39402594566345217,0.8714672088623047,0.4512640476226807,0.7746599833170573,0.39930989742279055,0.7796759923299154,0.5397297382354737,0.7684716542561849,0.5160484313964844,0.7327199935913086,0.5805780410766601,0.7271921157836914,0.5442392826080322,0.7424605051676433,0.38505715131759644,0.7984171549479167,0.4252869725227356,0.7771679878234863,179.45654049108444,173.38823892057152,144.67292792215537,152.5384021833522,152.15723574001703,0.7877925713857015,153.90793515712153,0.7549439907073974,175.65453102981294,0.7728198210398356,19.06107060894416,0.7375902493794759,134.69915494933713,0.7478318850199381
0.31348185539245604,0.9030932744344076,0.45099682807922364,0.769725227355957,0.40789337158203126,0.770979372660319,0.5359184741973877,0.7478974660237631,0.5125678062438965,0.7347937901814778,0.5661887645721435,0.7559359868367513,0.5436454772949219,0.7520820617675781,0.33719903230667114,0.8454048156738281,0.42944509983062745,0.770352300008138,170.9194141955883,165.77275975549813,141.82376035530365,159.10967489896638,140.86778128208778,0.8078785578409831,156.83956734591433,0.7525730450948079,168.09104807509652,0.7591248830159505,29.08685410446934,0.743437925974528,14.872101505799032,0.7519167264302572
0.3135883092880249,0.9031185785929362,0.44727578163146975,0.7705612818400065,0.40744948387145996,0.771272341410319,0.5355238914489746,0.7429761250813802,0.5108158111572265,0.7340829213460286,0.5952157020568848,0.7351335525512696,0.5490709781646729,0.7474028269449869,0.33704409599304197,0.8455852826436361,0.42736263275146485,0.7709168116251628,171.12865059413065,167.14640253624054,149.86781844014595,175.45061659951114,140.41865559824868,0.8082510471343994,156.18468284007665,0.7524998664855957,165.5157490983845,0.7569464683532715,19.19739121718192,0.7407428741455078,172.51509986018556,0.7390548388163249
0.2946577787399292,0.8824886957804362,0.44674458503723147,0.7691811879475912,0.41769981384277344,0.7500954945882161,0.556535291671753,0.7668383916219076,0.5031360149383545,0.7372629801432292,0.56629638671875,0.7395332336425782,0.5361211776733399,0.7293923060099284,0.33648937940597534,0.8439751625061035,0.43222219944000245,0.7596383412679036,164.8785240982106,157.36716726931613,177.1897366288985,118.19929109241845,138.62122675146406,0.8018067518870036,162.48800643120188,0.7484506607055664,3.3147927237284938,0.7632383664449056,166.57945528589934,0.7333276430765788,109.67104169399094,0.7531858126322428
0.304264760017395,0.8904275894165039,0.43529410362243653,0.7792938868204753,0.378852391242981,0.7720893859863281,0.5622129917144776,0.7833779652913412,0.4781998634338379,0.7728697458902994,0.6160733699798584,0.7496557235717773,0.5544071197509766,0.7459596633911133,0.3623276472091675,0.8281440416971843,0.4070732474327088,0.7756916364034017,156.76952113524646,164.54003806359503,171.96006734219014,155.05008386835624,130.4665168420999,0.801917839050293,177.72802820969414,0.7742806911468505,2.836374375461734,0.7795348008473715,160.55100441443614,0.7594147046407064,147.9491197466188,0.7665168444315593
0.5417009353637695,0.7507689158121745,0.4358501434326172,0.7646219253540039,0.365580153465271,0.775829569498698,0.5459309577941894,0.7739181518554688,0.4420206546783447,0.7104344050089518,0.5945343017578125,0.7505096435546875,0.5216728687286377,0.7325856526692708,0.4102696299552917,0.8068180402119954,0.40071514844894407,0.770225747426351,163.59530764369455,164.91155451619161,147.17347243633577,160.09183427439157,75.3664222114984,0.7885218938191731,124.63778478136774,0.7403300762176515,1.4565467447390874,0.7720719496409099,15.541226976216869,0.7215100288391113,154.28344503051846,0.7622138977050781
0.5348782539367676,0.7880293528238932,0.4412038803100586,0.7601920445760091,0.36424338817596436,0.7732099533081055,0.5489030838012695,0.7900460561116537,0.4103859901428223,0.7996915817260742,0.5940686225891113,0.7558049519856771,0.5236831665039062,0.7297024408976237,0.4624696016311645,0.7897129058837891,0.4027236342430115,0.7667009989420572,87.77021725649102,171.1472478922862,165.3019588250143,146.09250091902823,21.06481445652841,0.7782069524129231,76.92437441723837,0.7831962903340657,9.07359253892937,0.7783735275268555,148.29437064592764,0.764697011311849,142.8333404845112,0.7729255040486653
0.5346806526184082,0.7344881057739258,0.45966572761535646,0.7685987472534179,0.4018584728240967,0.7734833399454752,0.5345382213592529,0.7745721817016602,0.45949435234069824,0.7701238632202149,0.5639986991882324,0.779071553548177,0.5031832218170166,0.7908830642700195,0.48140182495117184,0.75523681640625,0.4307621002197266,0.7710410435994466,32.36939858761118,161.9532993977987,169.90676945582413,174.7657519186957,162.6673013164724,0.7631389300028483,178.17164606673325,0.7705824534098307,1.9488229100000827,0.7728066126505534,25.415195037058524,0.7805034637451171,8.68343829965006,0.7768218676249186
0.5299980163574218,0.7162483215332032,0.4421182632446289,0.7821640650431315,0.4102123737335205,0.7744730631510417,0.5597867965698242,0.7488640467325847,0.47420201301574705,0.7858402887980144,0.6181825160980224,0.7676809946695964,0.5652143001556397,0.7568686167399089,0.4862841606140137,0.7356719334920248,0.4261653184890747,0.7783185640970867,85.35847609551284,157.3939401235062,171.11174579550354,158.96852730610647,144.64917304672846,0.7569952487945557,8.899277126344526,0.7820794264475506,167.56894683010674,0.7635913054148357,162.34232038180414,0.7713544527689616,17.860582436979115,0.7582725207010905
0.5379416465759277,0.7179758071899414,0.4393218994140625,0.7807144165039063,0.41300005912780763,0.7824559529622396,0.5627771854400635,0.7541931788126628,0.4482870578765869,0.8188408533732097,0.6264173984527588,0.77962646484375,0.565928602218628,0.7557210922241211,0.493829083442688,0.7378500620524089,0.4261609792709351,0.7815851847330729,119.94446164657346,155.32734152760148,162.26854891929915,157.65589222265817,147.1246811516783,0.759717623392741,59.29399524546612,0.8002130190531414,168.66234004154776,0.7678891817728679,151.7845236021967,0.7872809727986654,21.783712236943867,0.7669098218282064
0.5287721157073975,0.7162677764892578,0.44181218147277834,0.7820157368977865,0.39618074893951416,0.7669153849283854,0.4750619411468506,0.8015427907307943,0.3923808574676514,0.7968225479125977,0.4880675315856934,0.8271271387736002,0.40119261741638185,0.8509887059529623,0.5112900972366333,0.7405545870463053,0.41899646520614625,0.7744655609130859,165.29345200480412,85.06743846199429,157.66264608964238,154.26896823535475,159.8254134874134,0.7575100739796956,139.9698966043446,0.7856440544128418,25.77855795326316,0.78800417582194,80.76005648586626,0.82390562693278,63.053871592339554,0.8143349647521972
0.5217573642730713,0.7200370152791341,0.43744406700134275,0.786831283569336,0.39809446334838866,0.7772939046223958,0.4621030330657959,0.7950368881225586,0.3927722215652466,0.7929030100504557,0.4929360389709473,0.8346697489420573,0.40201635360717775,0.8456847508748372,0.4955054521560669,0.7417601267496745,0.4177692651748657,0.7820625940958659,176.97968921010033,74.22605178036684,156.15923184452475,162.86880695691335,152.595436592988,0.7619113604227702,156.55516934968207,0.7874828020731608,16.31213476313361,0.7885497411092122,80.0660369732093,0.8192938804626464,52.11830856202526,0.8148533185323079
0.5272258758544922,0.7230101267496745,0.4424002647399902,0.7763177235921224,0.40054521560668943,0.7825441360473633,0.5103264331817627,0.7489772796630859,0.486500883102417,0.7378472010294597,0.6032566547393798,0.7722170511881511,0.47098240852355955,0.8030454635620117,0.488421106338501,0.7473963737487793,0.4214727401733398,0.7794309298197428,111.22795356966552,156.95352320167086,102.11124936061906,163.68704673975824,154.42905036422138,0.7634136517842611,147.40219097467767,0.7586390654246012,161.08139887141542,0.7642041047414143,103.38840492875464,0.7704463322957357,14.040430762118028,0.7605971654256185
0.5236345767974854,0.7218124389648437,0.4503812789916992,0.7746360143025716,0.3959486484527588,0.7790808359781901,0.5177409172058105,0.7638811747233073,0.45025014877319336,0.7630208969116211,0.5879190921783447,0.7642374674479167,0.47204976081848143,0.7934666951497396,0.48728554248809813,0.7473116556803385,0.423164963722229,0.7768584251403808,4.076878670188702,143.6381471460095,144.36802218470777,175.32853687425185,155.25974479679405,0.7620850404103596,152.9380022124606,0.769939661026001,172.18694388889807,0.7703697999318441,54.39681332578352,0.7782437960306803,0.29088664683392756,0.7640593210856119
0.523207426071167,0.7216464360555013,0.4458466529846191,0.7738149642944336,0.3909729242324829,0.7783912022908529,0.5265005588531494,0.7711931864420573,0.4502562046051025,0.7626242319742839,0.5759066581726074,0.7578341166178385,0.47260704040527346,0.7855402628580729,0.4765296459197998,0.7542997042338053,0.41840978860855105,0.7761030832926432,5.359906122243402,158.7205309965505,144.1623304163298,171.4859300813346,159.43666701649735,0.7652013937632243,157.05970913541,0.7693636576334635,177.39919399578247,0.7736481348673503,45.71534905351833,0.7740822474161784,164.86943275646624,0.7645136515299479
0.5247997760772705,0.7234500249226888,0.43707613945007323,0.7865916570027669,0.389957332611084,0.7872304280598958,0.46029911041259763,0.8006158828735351,0.403027868270874,0.8039391199747722,0.46501965522766114,0.8204435348510742,0.4030754566192627,0.8165759404500326,0.4971776008605957,0.7423021952311197,0.4135167360305786,0.7869110425313314,154.8435567456919,74.01798048753787,160.3934793727942,136.45893425368334,151.9329948992125,0.7646066188812255,121.63202544320397,0.7954250812530518,16.327882745994657,0.7937634627024333,89.78423380842767,0.8102575302124024,76.60839020430963,0.8105297088623047
0.521595048904419,0.7211104075113932,0.4547403335571289,0.776738166809082,0.40973491668701173,0.7708451588948567,0.5139103412628174,0.7448490142822266,0.40155849456787107,0.7915440877278646,0.5088566780090332,0.820262336730957,0.4526997089385986,0.8061751047770183,0.4979580163955688,0.7441076914469401,0.4322376251220703,0.7737916628519694,176.14518871388697,157.8263344864525,138.2528351238667,117.40365493847372,155.69270296227074,0.7589496771494548,149.94425519489425,0.782667875289917,160.48702087479728,0.759320338567098,15.965324092281366,0.7988595962524414,93.83382266043402,0.7825556755065919
0.5208250999450683,0.7192756652832031,0.44489054679870604,0.7855504353841146,0.38868896961212157,0.7796300252278646,0.5116138935089112,0.7451647440592448,0.43641357421875,0.7059280395507812,0.5021251678466797,0.8086399078369141,0.46095099449157717,0.796540896097819,0.48670394420623775,0.7491260846455892,0.4167897582054138,0.7825902303059896,116.30353133340522,167.49756707794143,122.6834512838076,98.47342115769735,154.4220787823527,0.7658581574757894,104.35814075641079,0.7442591349283854,158.46168687213202,0.7638774871826173,74.8480301834399,0.7512344678243001,98.50202973036386,0.7769023259480794
0.5221298694610595,0.7215155919392904,0.45517454147338865,0.7751456578572591,0.4051546573638916,0.7731794357299805,0.5195811748504638,0.7428314844767253,0.438919734954834,0.7074343999226888,0.612006425857544,0.7746832529703777,0.48897972106933596,0.7672077814737955,0.48262307643890384,0.7523633003234864,0.43016459941864016,0.7741625467936197,128.31735079035656,175.1517524081566,123.20225868390347,161.1489922778176,157.43455472994583,0.7632629235585531,97.47485391089427,0.7407984733581543,160.68982773659744,0.7584970156351725,50.05395052193303,0.7373210906982421,19.015074402193754,0.7587573687235515
