0,1,2,3,4,5,6,7,8,9,10,11,12,13,14,15,16,17,18,19,20,21,22,23,24,25,26,27,28,29,30,31
0.6132246494293213,0.627713394165039,0.5602141380310058,0.6941307703653972,0.6067636013031006,0.6985422134399414,0.5456374645233154,0.800452995300293,0.6089725017547607,0.8145978927612305,0.5340172290802002,0.8981101989746094,0.5707847595214843,0.9074713389078776,0.6040650367736817,0.6398491223653158,0.5834888696670533,0.6963364919026693,169.44814050678517,179.98731326559323,161.09186473384167,173.00948819948604,110.01472862166212,0.6680928071339926,77.83952747463809,0.7554671923319499,109.97866328191648,0.7483947436014812,112.35150505100033,0.8610346158345541,96.78572212196461,0.8492815971374512
0.6178573608398438,0.6282855987548828,0.5583138942718506,0.6899474461873373,0.6024142742156983,0.6966323852539062,0.5449530124664307,0.8010995229085286,0.6086305141448974,0.8150909423828125,0.534130859375,0.9016934712727864,0.5710196971893311,0.9121341069539388,0.6106569290161132,0.6407756487528482,0.5803640842437745,0.6932899157206218,166.26858051817143,175.8984533920505,161.26024392344868,173.63221511924434,119.97848956702568,0.667032782236735,76.93461381624542,0.7541904290517172,108.183248772673,0.7471947193145752,111.18473265145818,0.8636125246683757,96.14040881326184,0.8513964970906576
0.6186325073242187,0.626730219523112,0.5576679706573486,0.7005062103271484,0.6109635353088378,0.709852663675944,0.5423440933227539,0.8111108144124349,0.6083280086517334,0.8232432047526042,0.5321921825408935,0.9050854365030925,0.5723885059356689,0.9196905771891276,0.6072729587554933,0.6349136352539062,0.5843157529830932,0.7051794370015463,168.82474574975922,178.61465953715066,162.74541366620187,171.5517057234975,108.09322321502783,0.6700465361277262,78.50376973937752,0.7642113208770752,111.61424121440385,0.7581451257069907,110.43706896496727,0.8714668909708658,96.1656504613438,0.8580981254577638
0.6123803138732911,0.6220550537109375,0.5580471992492676,0.7020973841349284,0.6132984161376953,0.7105633417765299,0.5430495738983154,0.8080630620320638,0.6101179122924805,0.8201646169026693,0.5313865184783936,0.8983429590861003,0.5717345237731933,0.9217835744222005,0.6052167654037476,0.6366296132405599,0.5856728076934814,0.7063303629557292,169.40986895333023,177.19988813491327,163.00897723945556,171.57434788548613,105.6633954064686,0.6714799880981446,77.88019720895487,0.7632474899291992,112.7323583019917,0.7571967124938965,110.69249245894305,0.8709740956624349,97.36114147517044,0.853203010559082
0.6187586784362793,0.6273941040039063,0.5653413772583008,0.6979147593180338,0.6013725280761719,0.7019901275634766,0.544776201248169,0.8029190063476562,0.605488395690918,0.8170355478922526,0.5329587459564209,0.8992883682250976,0.569866132736206,0.9143912633260091,0.6135182619094848,0.6383235295613607,0.5833569526672364,0.6999524434407551,166.72337318659802,177.8730872026516,163.50238717960568,172.80230962493715,116.07721500639633,0.6691379865010579,79.29604966610394,0.7584939956665039,110.54057418953792,0.7514357248942056,110.0974725485377,0.8657134056091309,96.99108850058511,0.8511036872863769
0.6129203319549561,0.6275447845458985,0.5606430053710938,0.7025496164957682,0.6106231212615967,0.7109045028686524,0.5444406032562256,0.8064460754394531,0.6074346542358399,0.8193059921264648,0.5279971599578858,0.895292599995931,0.5732735633850098,0.9241600672403971,0.6066582441329956,0.6389609336853028,0.5856330633163452,0.7067270596822103,169.28665643683465,177.93430228825653,165.20792300557608,173.48947335605985,107.23707426922294,0.6728439966837565,79.03999180615155,0.7630165259043376,112.44480057414664,0.7565865675608316,108.04542830109136,0.8717330296834309,100.48548079199698,0.8508693377176921
0.611163854598999,0.6233465194702148,0.5586574077606201,0.7000042597452799,0.61025972366333,0.7077950795491537,0.544643497467041,0.8048584620157878,0.6074341773986817,0.8156299591064453,0.527349328994751,0.8941146850585937,0.5761259078979493,0.9308870951334636,0.6049810409545898,0.6375459353129069,0.5844585657119751,0.7038996696472168,169.16919424857673,178.30794810861426,166.90533469799445,174.25407141939363,107.18625918527536,0.6707228024800619,78.37998546650192,0.7597648143768311,111.52276376622774,0.7543790658315024,105.19703655027958,0.8732585271199544,100.96567633583562,0.8494865735371908
0.6124885082244873,0.6226892471313477,0.5608120441436768,0.6987227121988933,0.6100625991821289,0.7079295476277669,0.5448215007781982,0.8049041748046875,0.6079949378967285,0.8135025024414062,0.5275250911712647,0.8957153956095377,0.5747735977172852,0.9248638153076172,0.6068537950515747,0.634913953145345,0.5854373216629029,0.7033261299133301,168.79522070927322,178.2539552169131,166.1448970990536,174.031079155404,107.38276081624491,0.6691200415293376,78.42911784722673,0.7584143161773682,111.79392217957584,0.7541151523590088,106.61091010566926,0.8691831588745117,100.78370985504331,0.8503097852071126
0.6158699035644531,0.6271749496459961,0.5598077297210693,0.7005318323771159,0.6114101886749268,0.7094456990559895,0.5437985420227051,0.8029784520467123,0.609488582611084,0.8138271967569987,0.5268972396850586,0.8946063995361329,0.5745824813842774,0.9214975357055664,0.6073194742202759,0.6342689832051596,0.585608959197998,0.7049887657165528,168.31725289033022,177.52483532442517,164.95307772792106,173.24685739486216,107.06614695434817,0.6696288744608562,77.62513912600932,0.7594079812367758,113.10706110123724,0.7539836088816325,107.96239437347067,0.8676623662312826,100.45106425168261,0.8487924257914226
0.6144047260284424,0.6230611801147461,0.5591649055480957,0.6992842992146809,0.6090629577636719,0.7071188608805339,0.5451329231262207,0.801228396097819,0.6103611469268799,0.8133081436157227,0.5309605598449707,0.8884490331013998,0.5714070320129394,0.9149943033854167,0.6066180706024169,0.6339632987976074,0.5841139316558839,0.7032015800476075,167.7876937266447,178.4974066538718,162.47252554544409,173.21938751847844,108.00543213748864,0.6685824394226074,76.59205665782284,0.7582548618316651,111.68556774999816,0.7522149880727133,110.96092589640367,0.8641512235005697,99.22925248820934,0.8448387145996095
0.6147971153259277,0.6212759653727213,0.5591710567474365,0.6998673756917317,0.6098769664764404,0.7089252471923828,0.5448488235473633,0.8007242202758789,0.6086798191070557,0.8137334823608399,0.5287554740905762,0.8933484395345052,0.5715983867645263,0.9151746114095052,0.6062158584594726,0.6336994489034017,0.5845240116119385,0.7043963114420573,168.32589889840443,177.78837249950607,163.42947329306074,173.41289932027027,107.05753149766288,0.6690478801727295,77.54179308319793,0.7590648969014486,112.38560452649521,0.7525602658589681,110.07969964613103,0.8644540468851725,99.85667400906107,0.847036329905192
0.6117708206176757,0.6211936314900716,0.5589643955230713,0.7007526397705078,0.6099252223968505,0.7082279205322266,0.545171594619751,0.8019187927246094,0.6080387592315674,0.8151907602945964,0.5298720836639405,0.8945365269978841,0.5722572803497314,0.9230583826700847,0.6049620389938355,0.6345206260681152,0.584444808959961,0.7044902801513673,168.94401521326887,177.7012058104277,164.8400138491979,173.35829247375267,106.34274129167741,0.6695054531097413,77.96839161516708,0.7598405202229819,111.95425282405836,0.7532045364379883,108.35153864274584,0.8691245714823406,99.37997488046284,0.8482276598612468
0.6114359855651855,0.6183378219604492,0.5597002506256104,0.7145063400268554,0.6130103588104248,0.7261229197184245,0.540605878829956,0.8097246170043946,0.6078614234924317,0.8240066528320312,0.5329809188842773,0.8959696451822917,0.5715828895568847,0.9242790222167969,0.6020822048187255,0.6364066441853842,0.5863553047180176,0.7203146298726399,170.04726355261008,172.43174466066387,164.25237709606455,168.1505231122111,100.61579811289879,0.6783606370290121,78.28276389439415,0.7721606413523356,117.0979807592477,0.7650196234385173,109.89011916182886,0.874142837524414,95.05240788986711,0.8528471310933432
0.6100756168365479,0.6157430648803711,0.5600481033325195,0.7163089116414388,0.61316819190979,0.7262111663818359,0.5406997203826904,0.8092292149861654,0.6079631805419922,0.8236518224080404,0.5326896667480469,0.8956764221191407,0.571647310256958,0.9238807042439778,0.6020910739898682,0.636550521850586,0.5866081476211548,0.7212600390116374,170.01677341180783,172.01281998008736,164.30592652195202,168.1155243518899,100.3579993614905,0.6789052804311118,78.21915618364679,0.7724559307098389,117.55868128006786,0.7652446269989014,109.91694062747419,0.873766263326009,95.29381550290154,0.852452818552653
0.6099863052368164,0.6157433191935221,0.5601342201232911,0.7163593292236328,0.6131759643554687,0.7261466344197591,0.5404736995697021,0.8085014979044597,0.6079356670379639,0.8236824671427408,0.5326287746429443,0.8956581115722656,0.5715872287750244,0.9238391876220703,0.6010298252105712,0.636685562133789,0.5866550922393798,0.721252981821696,170.3782777884393,171.52223165362662,164.30706147033573,167.93164088969078,99.64690720143939,0.6789692719777425,78.26329167185887,0.7724677244822185,117.89265536093927,0.7648772398630779,109.94662533006863,0.8737608273824056,95.14330560818131,0.8520798047383626
0.6097506046295166,0.6154562632242838,0.559452486038208,0.7143025716145833,0.6130681037902832,0.7258092244466146,0.5394423007965088,0.8133099873860677,0.6083030700683594,0.8227942148844402,0.5328369617462159,0.896226183573405,0.5716306209564209,0.9231478373209635,0.6008420228958129,0.6365369160970052,0.5862602949142456,0.7200558980305989,170.18453571147964,172.495144755979,164.04623641974183,167.68488934605796,99.90354983801507,0.678296407063802,77.89062248036285,0.7714250564575196,116.6588305170467,0.7666829427083333,110.07393316486163,0.8729710261027018,94.55472532340048,0.8547680854797364
0.609814977645874,0.6153910954793295,0.559321403503418,0.7162398020426433,0.6131041526794434,0.7258960088094075,0.539120101928711,0.8135146458943685,0.608262300491333,0.8225196838378906,0.5307180404663085,0.8949955622355144,0.5725129127502442,0.9224461237589519,0.6006771802902222,0.636200491587321,0.5862127780914307,0.7210679054260254,170.06928114502776,172.15071248315246,164.20683765803523,168.1911409536968,99.67228326321366,0.6786341985066732,77.73803701444139,0.771793794631958,116.99444428356445,0.767291275660197,109.68502748315494,0.8724829037984212,95.88735643565239,0.8542551040649414
0.6094873905181885,0.6153751373291015,0.5591924667358399,0.713512929280599,0.6136363983154297,0.7252962748209636,0.5400869369506835,0.8091050465901692,0.6090433597564697,0.821469497680664,0.5311219215393066,0.8942817052205404,0.5727247714996337,0.9225355784098307,0.6008219718933105,0.6358750025431315,0.5864144325256349,0.7194046020507813,170.03550508126224,172.00588785945305,164.08937280155777,168.46250139710747,99.78632669323429,0.6776398022969563,77.4990986128318,0.7704370498657227,117.31494971195302,0.7642548243204752,109.7661472035196,0.8720025380452474,96.00837481828131,0.8516933759053549
0.6147958278656006,0.6210171381632487,0.5599923610687256,0.7099250793457031,0.6139153003692627,0.7181470235188802,0.5414056777954102,0.8075079600016276,0.6098313331604004,0.8189166386922201,0.5312685012817383,0.8948986053466796,0.5730418205261231,0.9273646036783855,0.6030373573303223,0.6379434903462728,0.5869538307189941,0.7140360514322917,169.8448215730541,173.99508842412465,164.99239016012984,169.50370067736975,101.93482425666113,0.6759897708892822,77.69487044432604,0.7664763450622558,115.97962333197047,0.7607720057169596,108.73881388583762,0.8731406211853028,96.61664839841575,0.8512032826741536
0.6144227981567383,0.6207621256510417,0.5597886085510254,0.712464714050293,0.6136506080627442,0.7199523289998372,0.5411162376403809,0.8087516784667969,0.6097387313842774,0.8197715759277344,0.5303303241729737,0.895901107788086,0.573415470123291,0.9278951644897461,0.603573775291443,0.637284247080485,0.5867196083068849,0.7162085215250651,169.4033810240044,173.7811752235645,165.02684480948477,169.63288087154461,102.05437067967422,0.676746384302775,77.46849775361255,0.7679900487263998,116.23313292230853,0.7624800999959309,108.56936559235761,0.8738333702087402,97.05524628532724,0.8523263931274414
0.6096770763397217,0.6132103602091471,0.5595550537109375,0.7165640513102214,0.6133630752563477,0.726193364461263,0.5391993999481202,0.8142159779866537,0.6084368705749512,0.8237632751464844,0.5308591365814209,0.8956542332967122,0.5722123146057129,0.9244014739990234,0.602250051498413,0.6351177215576171,0.5864590644836426,0.7213787078857422,169.7631747987124,172.41557730053034,164.21778832102243,168.15291165222018,100.37373818141221,0.6782482147216797,77.88477582681598,0.7725709915161133,116.97878691362793,0.767797342936198,109.79625769265738,0.874082374572754,95.84739543966916,0.854935105641683
0.6093744277954102,0.6132946650187174,0.5597854614257812,0.7142788569132487,0.613478708267212,0.7258118311564128,0.539099931716919,0.813093630472819,0.6091947555541992,0.8225921630859375,0.530461311340332,0.8957784016927083,0.5724009990692138,0.9236813863118489,0.6022791862487793,0.6352054913838705,0.5866320848464965,0.7200453440348307,169.7048793070448,172.4936937154941,163.99746642001588,168.23862832405888,100.44969415328866,0.6776254177093506,77.59131814991285,0.771318753560384,117.05945339479146,0.7665694872538249,110.00014425193692,0.8731367746988932,95.96442742213976,0.8544360160827636
0.6093051910400391,0.6132926305135091,0.5597890377044678,0.7143296559651693,0.6135269641876221,0.725770632425944,0.5403800010681152,0.809731928507487,0.6091926574707032,0.8225035985310872,0.529921579360962,0.8959004084269205,0.568687629699707,0.9144899368286132,0.6022577047348023,0.6352926572163899,0.5866580009460449,0.7200501441955567,169.71677125350323,172.23594677107715,161.51465810005647,169.03843816655814,100.42863721753717,0.6776714007059733,77.59530377047533,0.771276871363322,117.29484360637582,0.7648910363515218,113.7656899445485,0.8684967676798503,96.92024221246079,0.8528161684672038
0.6083868980407715,0.6126670837402344,0.5600052833557129,0.7164096196492513,0.6138988494873047,0.7262591044108073,0.5389802932739258,0.8130435307820638,0.6080750942230224,0.8244924545288086,0.5298821926116943,0.8961080551147461,0.5687757968902588,0.914463996887207,0.6007175207138061,0.6347409884134929,0.5869520664215088,0.7213343620300293,170.6483894597631,171.48497187690316,161.78095822575534,168.16700378945328,99.03253616860027,0.6780376752217612,78.42786995625794,0.7729134082794189,117.61343170145122,0.7671889464060466,113.59555980071691,0.8694782257080078,96.25071958287971,0.854575792948405
0.6093565464019776,0.6214345296223959,0.5587754249572754,0.7030415852864583,0.6118253707885742,0.7100926717122396,0.5433882236480713,0.8020488739013671,0.6097044467926025,0.8152353922526042,0.5306620597839355,0.8934417724609375,0.5749939918518067,0.9281534830729167,0.6027454853057861,0.6373414993286133,0.5853003978729248,0.7065671284993489,169.58304833882494,176.118849140575,165.57585155624068,171.62943314535403,104.14422161643577,0.6719543139139811,77.34285942097095,0.7609012603759766,113.69930485400121,0.754308001200358,107.0871657092051,0.8716944376627604,97.92727747101962,0.8477453231811523
0.6093602657318116,0.6214338302612304,0.5587790012359619,0.7030274709065755,0.6118237018585205,0.7100867589314779,0.5433889865875244,0.8020466486612956,0.6097031593322754,0.8152335484822592,0.5306626319885254,0.8934427261352539,0.5749940872192383,0.9281546274820963,0.6027508497238159,0.6373497645060222,0.5853013515472412,0.7065571149190266,169.58308193739737,176.12305388727157,165.57700600776107,171.63007614950277,104.15124072116343,0.6719534397125244,77.3449051188374,0.7608953317006428,113.69768087406963,0.7543018817901611,107.08609880405434,0.8716940879821777,97.92712254823506,0.8477446873982748
0.611148452758789,0.621552848815918,0.5597702026367187,0.7021905899047851,0.6115417003631591,0.7105609893798828,0.5426677703857422,0.8036661148071289,0.6090521335601806,0.8164821624755859,0.5319862842559815,0.8931599934895833,0.5762297630310058,0.9299486160278321,0.6051375865936279,0.6371092478434245,0.5856559514999389,0.7063757896423339,169.25400545472422,176.72089924815745,166.28071458701467,170.77508545025793,105.70895993985539,0.6717425187428792,78.0038087693217,0.7614289760589599,113.83846070633139,0.7550209522247314,106.13353740312726,0.8732153892517089,96.80630427112196,0.8484130541483561
0.6110848903656005,0.6215360005696614,0.5596989631652832,0.702197774251302,0.6115359783172607,0.7104990641276042,0.5430002212524414,0.8039652506510416,0.6091098785400391,0.8163098653157552,0.5320337295532227,0.893057123819987,0.5762131690979004,0.9299124399820964,0.6050898790359497,0.6370425860087077,0.585617470741272,0.7063484191894531,169.22511867248366,176.81855257099036,166.25893939567524,171.00434018667698,105.69342384813548,0.6716955025990804,77.94049824558682,0.7613291422526042,113.58496793170623,0.7551568349202473,106.14980827071172,0.8731111526489258,97.01734943262845,0.8485111872355143
0.6110680580139161,0.6215255737304688,0.559699296951294,0.7021942774454752,0.6115394115447998,0.7104917526245117,0.5429909229278564,0.8039398829142252,0.6090870857238769,0.8163519541422526,0.5320281505584716,0.8930515925089518,0.5762428760528564,0.9299179077148437,0.6050822973251343,0.6370385169982911,0.5856193542480469,0.7063430150349934,169.23727631212805,176.81164893178163,166.27120798779185,170.99831184587862,105.68645843662226,0.6716907660166422,77.95784440556164,0.761347484588623,113.59477832652165,0.7551414489746093,106.13030489647093,0.8731349309285481,97.01344719072317,0.8484957377115885
0.6110729217529297,0.6215187072753906,0.5596928596496582,0.7022035598754883,0.6115397453308106,0.7105027516682942,0.5429984569549561,0.8039395014444987,0.6091503620147705,0.8162504196166992,0.532015609741211,0.8930569330851237,0.5762412548065186,0.9300518671671549,0.6050866603851319,0.6370342254638672,0.5856163024902343,0.7063531557718913,169.21184774679642,176.8132075379145,166.27100560501364,171.00749892667403,105.68903395949191,0.6716936906178792,77.91289670968379,0.7613017876942952,113.59182486405045,0.755146328608195,106.12881382768043,0.873151143391927,97.02571521814953,0.8484982172648112
0.6107812881469726,0.6217518488566081,0.559714937210083,0.7024448394775391,0.6115282535552978,0.7105153401692709,0.5428989887237549,0.804324722290039,0.6092469692230225,0.8163240432739258,0.5320543766021728,0.8931130727132162,0.5762415409088135,0.9304516474405925,0.6049211025238037,0.6370481808980306,0.5856215953826904,0.7064800898234049,169.24393059025613,176.7556956425527,166.2684360726569,170.94913024480553,105.53396694096033,0.6717641353607178,77.86167078927515,0.7614020665486654,113.58787192234063,0.7554024060567219,106.12974184984435,0.8733878453572592,96.96361695534928,0.8487188975016275
0.6100587368011474,0.6227722803751627,0.5587557315826416,0.7038620630900065,0.6117504596710205,0.7108175913492839,0.5430398941040039,0.8030045191446941,0.6085253715515136,0.815790303548177,0.5307509422302246,0.8937736511230469,0.5730429649353027,0.9230461756388346,0.6028183698654175,0.6375509262084961,0.585253095626831,0.7073398272196452,169.72254412471634,176.05476665275782,164.93453227514254,171.41443980061672,104.12742280106346,0.6724453767140706,77.88863154360125,0.7615650653839111,113.81004957948521,0.7551721731821697,108.30525735066601,0.8694182395935058,97.71021791070822,0.8483890851338705
0.615953779220581,0.626225471496582,0.5595608711242676,0.7018261591593424,0.6110456466674805,0.7095555623372396,0.5431143760681152,0.7979020436604818,0.6092249393463135,0.8166629155476888,0.530875825881958,0.8928075154622396,0.5758880615234375,0.9319237391153972,0.6034794092178345,0.6383622805277507,0.585303258895874,0.705690860748291,169.6808378554579,176.1398711385809,166.25166867157486,171.12967636662074,105.10753957184258,0.6720265706380208,77.83518679660763,0.7611768881479899,114.58525931020417,0.7517964522043864,106.13145069250099,0.874293327331543,97.34803419760635,0.8453547795613607
0.6162728786468505,0.6263389587402344,0.5595298290252686,0.7015442530314128,0.6105288982391357,0.7087368647257487,0.5430715084075928,0.7978324890136719,0.6091913223266602,0.8165220896402995,0.5308777332305908,0.8928211847941081,0.5758896827697754,0.9318894704182943,0.6033605575561523,0.6383034706115722,0.5850293636322021,0.7051405588785807,169.63435800110832,176.34820914890523,166.20702806965275,171.22062151361254,105.33718793660596,0.6717220147450764,77.760484820943,0.7608313242594401,114.35432277844774,0.7514865239461264,106.10117183974096,0.8742057800292968,97.31509831825615,0.84532683690389
0.6162844657897949,0.6264416376749674,0.5596399784088135,0.7011631647745769,0.6106907367706299,0.7082103729248047,0.5433378696441651,0.7977539698282877,0.6094907760620117,0.8162478764851888,0.5306643486022949,0.8928222020467123,0.5758695602416992,0.9311454772949219,0.6033206701278686,0.6381844520568848,0.5851653575897218,0.7046867688496907,169.68400139540657,176.40070310751196,166.04011171729087,171.43752561950723,105.26980637668137,0.6714356104532877,77.69942965735164,0.7604673226674398,114.20073212027549,0.7512203693389892,106.31047623284186,0.8736966768900554,97.59331501398064,0.8452880859375
0.6090930461883545,0.6209471384684245,0.5596463680267334,0.7034364064534505,0.6117629051208496,0.7114391962687174,0.5429353713989258,0.8048316955566406,0.6093857765197754,0.8171599706013998,0.5319499015808106,0.8932398478190104,0.5759144783020019,0.9314558664957683,0.6034612655639648,0.637267780303955,0.5857046365737915,0.707437801361084,169.7070497531951,176.1522100696206,166.17982713706724,170.94740155300488,104.2006783589557,0.6723527908325195,77.8207709361945,0.7622988859812418,113.70805647436525,0.7561347484588623,106.32255161566896,0.874307918548584,97.08318479624215,0.8490357716878255
0.6121196746826172,0.6213099161783854,0.5581899166107178,0.7085936864217123,0.6139862060546875,0.7218733469645182,0.5424168109893799,0.8086355845133464,0.6106345176696777,0.8199083964029948,0.5310832977294921,0.8964987436930338,0.5740425109863281,0.9279080708821614,0.6030472040176391,0.6372054417928059,0.5860880613327026,0.7152335166931152,169.18051887909562,174.41836528548978,164.52448161173254,170.4696546879183,102.26233205754322,0.6762194792429606,76.80249820261115,0.7675709565480551,115.05900029668081,0.7619345506032308,108.71719733269263,0.8739082336425781,97.35002624179675,0.8525671641031901
0.6145022869110107,0.6240822474161783,0.5586462497711182,0.7076379776000976,0.6138447761535645,0.7204991658528646,0.5439457893371582,0.8099884668986003,0.6111989974975586,0.8188516616821289,0.5311543941497803,0.8958014170328776,0.5736642837524414,0.9265226364135742,0.6032981872558594,0.6390332539876302,0.5862455129623414,0.7140685717264811,169.1206753753344,175.34902439128493,164.17017194704758,171.61382642913176,102.803680109532,0.6765509128570557,76.60484777282974,0.766460116704305,113.79700414375537,0.7620285193125407,109.21884519162595,0.8726871490478516,98.47816178423005,0.852894941965739
0.6095223903656006,0.6170921325683594,0.5584051609039307,0.7089412689208985,0.6144586086273194,0.7216201782226562,0.5424538135528565,0.8088418960571289,0.610164213180542,0.8217125574747721,0.5310651302337647,0.8967016855875651,0.5742317199707031,0.9280586878458659,0.6026096105575561,0.6358138720194499,0.586431884765625,0.7152807235717773,169.75686494153277,173.9950853733915,164.61239642496903,170.41434657424261,101.50693165923879,0.6755472977956136,77.42974356816532,0.7684966405232747,115.17569141745645,0.7620613098144531,108.66920951136196,0.874885622660319,97.38569126961217,0.852771790822347
0.6098154544830322,0.616995366414388,0.5590287208557129,0.7079799016316731,0.6143941879272461,0.721481450398763,0.542536735534668,0.8083435694376627,0.610020112991333,0.8213762283325196,0.5313963413238525,0.8965847015380859,0.574287748336792,0.9280960718790691,0.602629828453064,0.6360445022583008,0.5867114543914795,0.7147306760152181,169.9547118585215,173.96532104268545,164.82063758026644,170.27713897998845,101.43670076814324,0.6753875891367594,77.67119621870546,0.7680534521738689,115.26202116366377,0.7615371227264405,108.51178231826091,0.8747361501057943,97.19549221252237,0.8524641354878744
0.6098312377929688,0.6169921875,0.5590303421020508,0.7079463322957357,0.6143877506256104,0.721437644958496,0.5425535678863526,0.808334477742513,0.609991455078125,0.8213077545166015,0.5313634395599365,0.8966014226277669,0.5742714881896973,0.9281062444051107,0.6026293754577636,0.6360639890034994,0.5867090463638306,0.7146919886271159,169.95721000593556,173.9797705098766,164.84226845825734,170.30289947116157,101.44630769464055,0.6753779888153076,77.68132117077607,0.7679998715718588,115.24540172077563,0.7615132331848145,108.4930965552159,0.8747069994608561,97.22518495867568,0.85246795018514
0.611635971069336,0.6181722640991211,0.5589839458465576,0.7072327931722006,0.6143012523651123,0.7182257970174154,0.5427455425262451,0.8084545135498047,0.6101490020751953,0.8202601750691731,0.5339066028594971,0.8970909754435221,0.5742781639099122,0.9262301762898763,0.6026390552520752,0.6360328038533529,0.586642599105835,0.712729295094808,170.0033817681176,174.52057088933722,164.61350079862243,169.73179286274438,101.78119045270736,0.6743810494740805,77.66903726672136,0.7664947350819906,114.63493945608488,0.7605919043223064,108.70095645015036,0.8732451756795248,95.69478020396917,0.8527727444966634
0.6115307807922363,0.6180440266927083,0.5589540004730225,0.706897481282552,0.6143350601196289,0.7179213841756185,0.542889928817749,0.8087471008300782,0.6103066444396973,0.8187730153401692,0.5338057994842529,0.8970239003499348,0.5743275642395019,0.9261926015218099,0.6025568246841431,0.6358209609985352,0.5866445302963257,0.7124094327290853,169.8835583141833,174.61003995186732,164.77966926651186,169.90362947438294,101.73699834514895,0.6741151968638103,77.45796835658942,0.7655912240346272,114.42657880731173,0.7605782667795817,108.5177412853613,0.8724828084309896,95.87534496483207,0.8528855005900065
0.6090128421783447,0.6157010396321615,0.558669137954712,0.707901128133138,0.6141599655151367,0.7206766128540039,0.5433870792388916,0.8073590596516927,0.6095926284790039,0.8191904703776042,0.5338133335113525,0.8942211151123047,0.5733595848083496,0.9225915273030599,0.6021691799163817,0.6356980005900065,0.5864145517349244,0.7142888704935709,169.85735691379733,174.09113250133683,164.27510282410842,169.99392699721702,101.33548453947112,0.6749934355417887,77.54063814080594,0.7667396704355876,114.81167084709206,0.7608239650726318,109.31110902280044,0.870890998840332,96.28962872548202,0.8507900873819987
0.6088498592376709,0.6161486307779948,0.5586403369903564,0.7077808380126953,0.6142835140228271,0.7208005269368489,0.5434939861297607,0.8073967615763347,0.6092900276184082,0.8195028940836588,0.5337423801422119,0.8941076914469401,0.5734144687652588,0.9227893829345704,0.6012582778930664,0.6364088376363118,0.5864619255065917,0.7142906824747721,170.2699414739009,173.89328120377414,164.4266187756747,170.07627033246473,100.75711636000621,0.675349760055542,77.75816947520065,0.7668967882792155,114.77306199899233,0.7608437220255534,109.15417411986752,0.8711461385091146,96.41658540023201,0.8507522265116374
0.608872938156128,0.6161564509073894,0.5586630344390869,0.7076796849568685,0.6142640590667725,0.72070738474528,0.5434288501739502,0.8073304494222006,0.6093153953552246,0.8193930308024089,0.5338605880737305,0.8941891352335612,0.5734431266784668,0.9227284749348958,0.6012619018554688,0.6363947550455729,0.5864635467529298,0.7141935348510742,170.2642630389721,173.8926383393126,164.4286402674255,169.99551641469307,100.76975664434651,0.6752941449483235,77.74438333715848,0.7667932828267415,114.79969597101658,0.7607619921366373,109.14413244740761,0.8710607528686524,96.28629692716244,0.8507597923278809
0.6099785804748535,0.6200023651123047,0.5590180873870849,0.7093672434488932,0.613708782196045,0.7189024607340495,0.5434399604797363,0.8108848571777344,0.607865285873413,0.821178944905599,0.5338358879089355,0.8983322143554687,0.5729882717132568,0.9245254516601562,0.6024664163589477,0.6378948847452799,0.5863634347915649,0.7141348520914714,170.3294283019769,174.91568355041505,164.98924144714374,170.3509434502824,101.92640581533276,0.6760148684183757,78.64219474172121,0.7676568984985352,113.92463317349035,0.762509854634603,108.64832837456767,0.8728521982828776,96.2674992488754,0.8546085357666016
0.6084212303161621,0.6176291147867838,0.558627986907959,0.7075632095336915,0.6142632484436035,0.7199701944986979,0.5433599472045898,0.8075283686319987,0.6094722270965576,0.8189541498819987,0.5337687969207764,0.8941543579101563,0.5733895778656006,0.9226254145304362,0.6021568536758424,0.6366943359375,0.5864456176757813,0.7137667020161946,169.95060174338664,174.3123300083893,164.38659645205212,170.03913788847902,101.52190354498464,0.6752305189768473,77.65215122437303,0.7663604259490966,114.67988332118888,0.7606475353240967,109.19038562587879,0.8707897822062174,96.31800327966621,0.8508413632710775
0.6125477313995361,0.6138075510660808,0.5592085361480713,0.7132851918538411,0.6129927635192871,0.725658671061198,0.5390448570251465,0.8114065806070964,0.6052610874176025,0.8311974207560221,0.5288568496704101,0.8976874669392904,0.5752095222473145,0.9303661346435547,0.6045191526412963,0.6338859875996907,0.5861006498336792,0.7194719314575195,170.4841306404517,173.1401459951729,166.09764603842373,168.92697560306846,102.14509342883213,0.6766789595286051,80.26868680972255,0.7753346761067708,117.10516388898596,0.765439256032308,106.85863146920255,0.8807817776997884,96.73427663201569,0.8545470237731934
0.6125461101531983,0.6138048807779948,0.5592137336730957,0.7132807413736979,0.6129932880401612,0.7256601333618165,0.5390455245971679,0.8114061991373698,0.6052616119384766,0.831196403503418,0.528857946395874,0.8976874033610026,0.5752108097076416,0.9303667704264323,0.6045152425765992,0.6338818232218424,0.5861035108566284,0.7194704373677572,170.48661961511212,173.1376471000004,166.09871138772982,168.9262896989242,102.14039352930719,0.6766761302947998,80.26989153361686,0.7753334204355875,117.10596586264711,0.7654383182525635,106.85796268123553,0.8807815869649251,96.73397098392999,0.8545468012491861
0.612572717666626,0.6138119379679362,0.5592318534851074,0.7132872899373373,0.6129901885986329,0.7256551106770833,0.5390514850616455,0.8114149729410808,0.6052662849426269,0.8311822891235352,0.5288633346557617,0.8976966857910156,0.5752137184143067,0.9303678512573242,0.604534912109375,0.6338832219441731,0.5861110210418701,0.7194712003072103,170.48242426581913,173.14202854441837,166.10145642792432,168.92680423213156,102.14826070180783,0.6766772111256918,80.2700340844792,0.7753267447153728,117.10470634093038,0.7654430866241455,106.85645998094826,0.8807750701904298,96.73430640241139,0.8545558293660482
0.6125912189483642,0.6138037363688151,0.5592345237731934,0.713286018371582,0.6129921913146973,0.7256598790486654,0.5390466690063477,0.8114239374796549,0.6052648067474365,0.8311916351318359,0.5288632392883301,0.8977014541625976,0.5752153873443604,0.9303700764973958,0.6045303821563721,0.633857822418213,0.5861133575439453,0.7194729487101237,170.48582252298874,173.13680159402708,166.10215424784997,168.9236109109001,102.14013104449481,0.6766653855641683,80.27258367366919,0.7753322919209797,117.10641429886127,0.7654484430948894,106.85593636568886,0.8807808558146158,96.73153906780094,0.8545626958211263
0.6124643802642822,0.6138916015625,0.5588947296142578,0.7128110885620117,0.611752700805664,0.7249162038167317,0.5389140605926513,0.811199951171875,0.6042649269104003,0.8296408335367839,0.5287384033203125,0.897685432434082,0.5752127170562744,0.9305042266845703,0.604519534111023,0.6338966369628907,0.5853237152099608,0.7188636461893717,170.22260000944746,173.62058702767146,166.66692682281507,169.1512739203427,102.73059205502253,0.6763801415761312,80.29712538520712,0.7742522398630778,116.68480967469245,0.7650317986806234,106.06826403208363,0.8800725301106771,96.71042149144759,0.8544426918029786
0.6122582912445068,0.6132366180419921,0.558903169631958,0.7129408518473307,0.6117048263549805,0.7250639597574869,0.538940715789795,0.8111369450887044,0.6063986778259277,0.8283913930257162,0.528744125366211,0.897686767578125,0.575129222869873,0.9304002126057943,0.6043160915374757,0.6339222272237142,0.5853039979934692,0.7190024058024088,169.69857201635398,173.53713717312496,165.71334477484638,169.15473935923464,102.59642130989143,0.6764623165130614,79.08501025652856,0.7736968994140625,116.71212709558262,0.7650696754455566,107.04222841341526,0.8793958028157552,96.71914677442074,0.8544118563334147
0.6122838973999023,0.6133485794067383,0.5588624000549316,0.7128569285074869,0.6116560459136963,0.7248899459838867,0.5389678955078125,0.81105162302653,0.6064118862152099,0.8281981150309244,0.5287394523620605,0.8976954778035482,0.5751128196716309,0.9303527196248372,0.6043075799942017,0.6339481989542644,0.5852592229843139,0.7188734372456869,169.67010919287094,173.58526587788063,165.71234595414143,169.1926625487948,102.64196311251479,0.6764108180999756,79.04944921175634,0.7735357761383057,116.66552628630014,0.7649625301361085,107.03449821210907,0.8792754173278808,96.73269614824832,0.8543735504150392
0.6111772537231446,0.613636334737142,0.5594562530517578,0.7128228505452474,0.6122482299804688,0.7258065541585287,0.5386851310729981,0.8129726409912109,0.6024407386779785,0.8336336771647136,0.5284395217895508,0.8961386362711589,0.5800813198089599,0.9363809585571289,0.6037771463394166,0.6343926747639974,0.5858522415161134,0.719314702351888,171.35929645376532,173.29638991582144,169.2458579283845,169.03512473929513,101.9187499408134,0.6768536885579427,81.7436017398426,0.7764741897583007,116.73029988635652,0.7661436716715495,102.27704845909051,0.8850073178609212,97.023148698832,0.8545556386311849
0.6111772537231446,0.613636334737142,0.5594562530517578,0.7128228505452474,0.6122482299804688,0.7258065541585287,0.5386851310729981,0.8129726409912109,0.6024407386779785,0.8336336771647136,0.5284395217895508,0.8961386362711589,0.5800813198089599,0.9363809585571289,0.6037771463394166,0.6343926747639974,0.5858522415161134,0.719314702351888,171.35929645376532,173.29638991582144,169.2458579283845,169.03512473929513,101.9187499408134,0.6768536885579427,81.7436017398426,0.7764741897583007,116.73029988635652,0.7661436716715495,102.27704845909051,0.8850073178609212,97.023148698832,0.8545556386311849
0.6112350463867188,0.6133565902709961,0.5594289779663086,0.7127121607462565,0.6121894359588623,0.7258984247843424,0.5386749744415283,0.8133019129435222,0.6019893646240234,0.8339280446370443,0.5281225204467773,0.8961995442708334,0.579922103881836,0.9362950642903646,0.6037886619567872,0.6342568079630534,0.5858092069625855,0.7193052927652994,171.44891418157727,173.35361454345664,169.38900490000228,169.19287228345615,101.93671590535023,0.6767810503641765,81.96520964119388,0.7766166687011719,116.63129420794425,0.7663036028544108,102.16509340084414,0.8851115544637045,97.25445041090802,0.8547507286071778
0.6120945453643799,0.6131584803263347,0.5589644908905029,0.7126441955566406,0.6116982936859131,0.7246028900146484,0.5391508579254151,0.8118673324584961,0.603758716583252,0.8293530146280924,0.5287750244140625,0.8979138692220052,0.5749484062194824,0.9296000162760417,0.6042737722396851,0.6341808636983236,0.585331392288208,0.7186235427856444,170.4003653527161,173.78044205810605,166.7831854402422,169.36809802181372,102.64342235659447,0.6764022032419841,80.55156749237446,0.7739882787068684,116.34767741965919,0.7652454376220703,106.03429312108244,0.8794765154520671,96.87575550721611,0.8548906008402506
0.6120945453643799,0.6131584803263347,0.5589644908905029,0.7126441955566406,0.6116982936859131,0.7246028900146484,0.5391508579254151,0.8118673324584961,0.603758716583252,0.8293530146280924,0.5287750244140625,0.8979138692220052,0.5749484062194824,0.9296000162760417,0.6042737722396851,0.6341808636983236,0.585331392288208,0.7186235427856444,170.4003653527161,173.78044205810605,166.7831854402422,169.36809802181372,102.64342235659447,0.6764022032419841,80.55156749237446,0.7739882787068684,116.34767741965919,0.7652454376220703,106.03429312108244,0.8794765154520671,96.87575550721611,0.8548906008402506
0.6149420738220215,0.621631940205892,0.5597134113311768,0.705823008219401,0.6150366306304932,0.721076774597168,0.539355993270874,0.8078644434611003,0.610526180267334,0.823866589864095,0.5272611141204834,0.9024319330851237,0.57430419921875,0.9256824493408203,0.6027824878692627,0.6366371472676595,0.587375020980835,0.7134498914082845,170.52665398968534,173.36799276492852,163.94072901580356,169.64286386087116,101.34214524790771,0.675043519337972,78.15828628569055,0.7686582406361897,116.95778568343746,0.7606571674346925,109.58350976016868,0.8747745196024577,97.28837853088052,0.855148188273112
0.6149685859680176,0.6215517044067382,0.5596353530883789,0.7056141535441081,0.6149513721466064,0.7205289204915365,0.5403948783874511,0.8068186442057291,0.6103967189788818,0.823124885559082,0.5271561622619629,0.9025820414225261,0.5741384506225586,0.9243604024251302,0.602773094177246,0.6366027832031249,0.5872933626174927,0.7130715370178222,170.48465264550987,173.54889591965497,163.85728457131702,170.2651615894554,101.4438598979121,0.6748371601104736,78.14413359096515,0.7680982112884521,116.57723944245802,0.7599450906117757,109.70537027978824,0.8737426439921061,97.87090999118847,0.8547003428141275
0.6148817539215088,0.6214879989624024,0.5595493793487549,0.7060716629028321,0.6149382591247559,0.7206460316975911,0.5406086921691895,0.8071009953816731,0.6103043556213379,0.8230995814005534,0.5273239135742187,0.9023583094278972,0.5741517066955566,0.9241853713989258,0.60270836353302,0.6366376876831055,0.5872438192367554,0.7133588473002116,170.46552637843783,173.56708382551113,163.8742001784486,170.34881305309926,101.39630053039797,0.6749982674916586,78.13272923698322,0.7682292143503825,116.44956526602276,0.7602299213409424,109.67924639505296,0.8736424763997396,97.93937740009868,0.8547296524047852
0.6149194240570068,0.6214132944742838,0.5595970153808594,0.7059626261393229,0.614874267578125,0.7205224355061849,0.5406208038330078,0.8070271809895834,0.6103015422821045,0.8230732599894206,0.5273344993591309,0.902376365661621,0.5741434097290039,0.9241758982340494,0.6027799606323242,0.6365342775980631,0.5872356414794921,0.7132425308227539,170.448513891854,173.60182685409995,163.87270947026633,170.35905360079326,101.45541536810904,0.6748884042104085,78.13949756420999,0.7681578954060873,116.42927059536767,0.7601348559061687,109.67897405378882,0.873624579111735,97.93272452359798,0.8547017733256022
0.6072307586669922,0.6111626942952474,0.5597774505615234,0.7131049474080403,0.6147597789764404,0.726442019144694,0.5392261505126953,0.8088993708292643,0.6075708866119385,0.8257968266805013,0.5297728061676026,0.9011803944905599,0.5744243621826172,0.9271869023640951,0.6015606164932251,0.6340349833170573,0.5872686147689818,0.7197734832763671,170.95492898577982,171.2933219912464,165.43991986339776,168.26333110894743,99.46378627920022,0.6769042332967122,79.15973130253425,0.7727851549784341,118.32646613095538,0.7643364270528157,108.10364505821627,0.8764918645222981,95.84902383366746,0.8550398826599122
0.6073061466217041,0.6113490422566732,0.559841537475586,0.7131846110026042,0.6147988319396973,0.7264990488688151,0.5396459579467774,0.8092326482137044,0.6075557708740235,0.8258220036824544,0.5295529842376709,0.9013184865315755,0.5744212627410888,0.9272593180338542,0.6014966249465943,0.6341594378153483,0.5873201847076417,0.7198418299357097,171.00092374414555,171.38547983679783,165.46890788746907,168.59769346588715,99.39467079575518,0.677000633875529,79.19020028475582,0.772831916809082,118.07204963608231,0.764537239074707,108.0896313084656,0.8765406608581543,96.25487810784976,0.85527556737264
0.6073081970214844,0.61132386525472,0.5600127220153809,0.715402094523112,0.6147483825683594,0.7265530904134114,0.5396499633789062,0.8095973332722982,0.6075431346893311,0.8260447184244791,0.5297242641448975,0.9015174865722656,0.5744186401367187,0.9274964650472005,0.6014933586120605,0.6341635068257649,0.5873805522918701,0.7209775924682618,170.9427614374762,171.1115135656401,165.5092755371416,168.4518852168624,99.23343391611567,0.6775705496470134,79.13689495573982,0.7735111554463705,118.30690376190334,0.7652874628702799,108.08211521767204,0.8767705917358398,96.16301898446078,0.8555574099222819
0.6075253009796142,0.6114372889200846,0.559800672531128,0.7130108515421549,0.6146869659423828,0.7261552810668945,0.5396352767944336,0.8101817448933919,0.6078387260437011,0.8262382507324219,0.5300472259521485,0.9010075887044271,0.5743897914886474,0.9276430130004882,0.6017640352249145,0.6342536290486653,0.5872438192367554,0.7195830663045247,170.88313341848163,171.72920023318972,165.27983160845275,168.5279439400371,99.65731966168447,0.676918347676595,79.07081086574918,0.7729106585184733,117.7213992472973,0.7648824055989583,108.25543159789028,0.876940631866455,96.02612304895119,0.8555946667989095
0.6073727130889892,0.6113803863525391,0.559774923324585,0.712896982828776,0.6147092819213867,0.7260197957356771,0.5396500587463379,0.8100933074951172,0.6079310894012451,0.8261638005574544,0.5300654888153076,0.9009878794352214,0.574361515045166,0.9276103973388672,0.6016869306564331,0.6340504964192708,0.5872421026229859,0.7194583892822266,170.88873678095817,171.7084897455406,165.23115116063573,168.53648872834643,99.59945492428044,0.6767544428507487,79.0271372309322,0.7728110949198406,117.70378994197249,0.764775848388672,108.30983544401425,0.8768870989481607,96.01942993695653,0.8555405934651693
0.6089650154113769,0.614311408996582,0.5594062805175781,0.7117977778116862,0.6146781921386719,0.7232446034749349,0.5385265827178956,0.8118492762247721,0.6077286720275878,0.8258363723754882,0.52940993309021,0.8975535710652669,0.5754591464996338,0.929046630859375,0.6021681547164917,0.6349217096964519,0.587042236328125,0.7175211906433105,170.85595015639282,172.56580148779395,165.77209678404324,168.32090298900184,100.37723405120349,0.6762214501698812,79.18764387289602,0.7716787815093994,117.21806501967819,0.7646852334340413,107.36227793199022,0.8774415016174316,96.07190869792952,0.8547014236450194
0.6089922428131104,0.6143924713134765,0.5594360828399658,0.7116288503011068,0.6146820068359375,0.7231041590372721,0.5384833335876464,0.8118048350016276,0.6075646877288818,0.8256863276163737,0.529381799697876,0.8977770487467448,0.5755502223968506,0.9282416661580404,0.6021919012069702,0.6348446528116862,0.5870590448379517,0.7173665046691895,170.8930182158101,172.5800332149281,165.78722427935364,168.3140887772913,100.39144409608856,0.6761055787404379,79.28038984020168,0.7715264161427816,117.2196749458124,0.7645856698354085,107.33667810287763,0.876963996887207,96.04316527063466,0.8547909418741861
0.6112707614898681,0.6151212692260742,0.559434175491333,0.7102581659952799,0.612943458557129,0.7213445027669271,0.5387627124786377,0.8107949574788411,0.6080244064331055,0.8257315317789714,0.5301592350006104,0.9006680806477865,0.5736464977264404,0.926083501180013,0.6024027585983276,0.6343915303548178,0.586188817024231,0.7158013343811035,170.44837559454328,173.30670694633685,164.5032810798879,168.60715854087667,101.2638947340677,0.6750964323679607,78.76548617495527,0.7707664330800374,116.53092325311798,0.7632981459299724,108.9100925262143,0.8759075164794923,95.46821306665312,0.8557315190633138
0.6158208847045898,0.6257137298583985,0.5601912498474121,0.7053356170654297,0.6132237434387207,0.7177059173583984,0.5403156757354737,0.8063037236531575,0.6102389812469482,0.8230241139729818,0.5266103744506836,0.900128428141276,0.574463939666748,0.9274517059326172,0.604656958580017,0.6390053749084472,0.5867074966430663,0.711520767211914,169.8207282714198,174.95666247294787,164.33471737117165,170.63688487004381,103.90276707870188,0.6752630710601806,78.0832514278305,0.7672724405924479,116.07958478932707,0.7589122454325358,108.91055079481741,0.8752379099527995,98.3106174796589,0.8532160758972167
0.6159014225006103,0.6255858103434245,0.5598377227783203,0.7053873697916667,0.6131240367889405,0.7177599589029948,0.5401926517486573,0.8060436884562174,0.609869909286499,0.8230440139770507,0.5266713619232177,0.9001333872477214,0.5744918823242188,0.9277947743733724,0.6045650482177733,0.6388976097106933,0.5864808797836304,0.7115736643473307,169.80005252695065,174.95918635072425,164.51203873700587,170.57920282037932,103.97327126362303,0.675235637029012,78.14994096286927,0.7673088391621907,116.10383488467065,0.7588086764017741,108.6616397315883,0.8754193941752115,98.1777811151764,0.8530885378519695
0.6159014225006103,0.6255858103434245,0.5598377227783203,0.7053873697916667,0.6131240367889405,0.7177599589029948,0.5401926517486573,0.8060436884562174,0.609869909286499,0.8230440139770507,0.5266713619232177,0.9001333872477214,0.5744918823242188,0.9277947743733724,0.6045650482177733,0.6388976097106933,0.5864808797836304,0.7115736643473307,169.80005252695065,174.95918635072425,164.51203873700587,170.57920282037932,103.97327126362303,0.675235637029012,78.14994096286927,0.7673088391621907,116.10383488467065,0.7588086764017741,108.6616397315883,0.8754193941752115,98.1777811151764,0.8530885378519695
0.6158432960510254,0.6255279541015625,0.5598223209381104,0.7053829193115234,0.6131323337554931,0.7177296956380208,0.5402262210845947,0.8058919906616211,0.6099070549011231,0.8230621337890625,0.5267026424407959,0.9001052220662434,0.57447829246521,0.9277444203694661,0.6045418739318849,0.6388995806376139,0.5864773273468018,0.7115563074747722,169.80229290950848,174.94585886072096,164.47889445187963,170.57865990876795,103.96227097709495,0.675227944056193,78.13357525551011,0.7673092206319173,116.11789089990269,0.7587241490681966,108.69791945909607,0.8754032770792644,98.16856699113767,0.8529986063639323
0.614938497543335,0.6251577377319336,0.5595640659332275,0.7072057088216146,0.6135012626647949,0.7188130060831706,0.5400753021240234,0.8066492080688477,0.610155725479126,0.823671531677246,0.526665735244751,0.90030943552653,0.5746466636657714,0.9276784261067709,0.6041055202484131,0.6388099988301595,0.5865326642990112,0.7130093574523926,169.82445694025037,174.49441960404727,164.31871971227966,170.4223113864057,103.32403672809274,0.6759096781412761,77.94993211000707,0.7683404445648193,116.38730212525205,0.7598292827606201,108.85045140568769,0.8756749788920084,98.1478076117762,0.8534793217976888
0.614561653137207,0.6250337600708008,0.5593645095825195,0.7073813120524088,0.6135590553283692,0.7185779571533203,0.5400434017181397,0.8067003885904948,0.6101951599121094,0.8234843571980794,0.5266814231872559,0.9003472646077474,0.5745476722717285,0.92801513671875,0.6039416074752808,0.6387634913126627,0.5864617824554443,0.7129796346028645,169.81753293626235,174.4828147468896,164.3406486897953,170.42493874904193,103.25310353937775,0.6758715629577636,77.87857833672479,0.768231995900472,116.34847363928068,0.7598400115966797,108.83059981587287,0.8757497469584148,98.12042074897109,0.8535238265991211
0.6145881175994873,0.6250203450520834,0.5594212055206299,0.7071951548258464,0.6135435104370117,0.718311055501302,0.5399542808532715,0.8066994984944661,0.6102183818817138,0.8235785166422526,0.5265718936920166,0.9002720514933268,0.5743492603302002,0.9276295344034831,0.6039610862731934,0.6386185010274251,0.5864823579788208,0.7127531051635743,169.84891997040498,174.49983306089794,164.21138216927176,170.42085977299735,103.26636215455072,0.6756858030954997,77.91131227981579,0.7681658109029135,116.3474651823713,0.7597263018290201,109.0204189168981,0.8756040255228679,98.13903091621937,0.8534857749938964
0.6144057273864746,0.6246204376220703,0.5591474056243897,0.7100283940633138,0.6133742809295655,0.7188737869262696,0.5392892360687256,0.8098556518554687,0.60982666015625,0.82389710744222,0.5269387722015381,0.8999762217203776,0.5743241310119629,0.928086535135905,0.603567624092102,0.6383139292399089,0.5862608432769776,0.7144510904947916,169.78028931617035,174.32854477305682,164.38149691658361,170.07162843755432,102.80632727590744,0.6763825098673503,77.84864618225217,0.7691740989685059,116.21292862202318,0.7621533711751302,108.81653441092246,0.8759918212890625,97.80342067907888,0.8549159367879231
0.61433424949646,0.624553362528483,0.5592494010925293,0.7103254318237304,0.6134570121765137,0.7187774658203125,0.5393577575683594,0.8104475021362305,0.6099108219146728,0.824275016784668,0.5269194126129151,0.90006103515625,0.5748053073883057,0.928804588317871,0.603466534614563,0.6382097562154134,0.5863532066345215,0.7145514488220215,169.86618834998072,174.30788896096666,164.52090495603042,170.13767300829255,102.63497620684205,0.6763806025187175,77.88256748374478,0.7694132328033447,116.10792921840763,0.762499475479126,108.56426011201373,0.8765398025512695,97.90215764584035,0.8552542686462403
0.6143023490905761,0.6248266855875652,0.559132194519043,0.7077953338623046,0.6133854389190674,0.7184546152750652,0.5394738197326661,0.8100236256917318,0.6098250865936279,0.8238784790039062,0.5266639709472656,0.9000719070434571,0.5764834880828857,0.932759157816569,0.6034964323043823,0.6384506861368815,0.5862588167190552,0.713124974568685,169.94243032722426,174.69074281662608,165.52268831653348,170.41509408618626,102.99832287335396,0.6757878303527832,77.98768298897082,0.7685017267862956,115.77236676752524,0.7615743001302084,107.02571139255032,0.8783188184102376,98.09630830324917,0.8550477663675944
0.6143256664276123,0.6248264312744141,0.5591589927673339,0.7068290074666341,0.613102912902832,0.7171981811523438,0.5395742893218994,0.8077825546264649,0.6094825744628907,0.8232097625732422,0.5267212390899658,0.8997864405314128,0.5764675617218018,0.932384173075358,0.603500247001648,0.6383751551310222,0.586130952835083,0.712013594309489,169.99378944843735,174.7480029844073,165.68520888156033,170.39589353416883,103.27192471712469,0.6751943747202556,78.14001050218188,0.7676116784413656,115.92601828671593,0.7598980744679769,106.82563924292785,0.8777969678243001,97.952816975112,0.8537844975789388
0.6145378589630127,0.6246653238932292,0.5592327117919922,0.7068820317586263,0.6132723331451416,0.7172950108846029,0.5397458553314209,0.8078852971394856,0.6094455242156982,0.8232683181762696,0.5268530368804931,0.8997313181559244,0.5764715671539307,0.93233642578125,0.6037019491195679,0.6381868044535319,0.5862525224685669,0.7120885213216146,169.9940970430506,174.75517801898678,165.72141759135533,170.42513662426902,103.28516769474518,0.6751376628875733,78.21662598064778,0.7676784197489421,115.89528199537921,0.7599869092305501,106.82135117693439,0.8778023719787598,97.99064136191785,0.853808307647705
0.6144308090209961,0.6282976150512696,0.5588869571685791,0.7050788243611653,0.6121457099914551,0.7124638239542643,0.5396032333374023,0.8075662612915039,0.6092098712921142,0.8237843831380208,0.5276296615600586,0.8987990061442057,0.5766518115997314,0.9278712590535482,0.6010278224945069,0.643633778889974,0.5855163335800171,0.7087713241577148,170.9599572017236,175.61492630159108,164.94733047496229,170.53497644413477,103.39462005084859,0.6762025515238443,78.3594945345918,0.7662778536478678,114.92576834824202,0.7581687927246094,107.36952479668534,0.8758278210957845,97.47688209614968,0.8531826337178547
0.6164774417877197,0.6302297592163086,0.5587687015533447,0.7084606170654297,0.6110512733459472,0.714890988667806,0.5398334980010986,0.8087618509928386,0.6102585315704345,0.8245140075683594,0.529091739654541,0.8983026504516601,0.5751198768615723,0.9268975575764974,0.602475357055664,0.6466424624125162,0.584909987449646,0.7116758028666179,169.84448419239988,176.22103315029267,163.66197142218493,170.1893892903994,105.11480387484394,0.6791591326395671,77.33897516661602,0.7680949052174886,114.905168978516,0.7602188269297283,108.94253110214984,0.8757057825724284,96.8407942102306,0.8535322507222494
0.6164774417877197,0.6302297592163086,0.5587687015533447,0.7084606170654297,0.6110512733459472,0.714890988667806,0.5398334980010986,0.8087618509928386,0.6102585315704345,0.8245140075683594,0.529091739654541,0.8983026504516601,0.5751198768615723,0.9268975575764974,0.602475357055664,0.6466424624125162,0.584909987449646,0.7116758028666179,169.84448419239988,176.22103315029267,163.66197142218493,170.1893892903994,105.11480387484394,0.6791591326395671,77.33897516661602,0.7680949052174886,114.905168978516,0.7602188269297283,108.94253110214984,0.8757057825724284,96.8407942102306,0.8535322507222494
0.6121105194091797,0.6267986297607422,0.5588245391845703,0.7053324381510416,0.6125763416290283,0.7120733261108398,0.5384766101837158,0.8116690953572591,0.6091568470001221,0.8243313471476237,0.5280286788940429,0.8989878336588542,0.5766317844390869,0.9281336466471354,0.602056622505188,0.6409754435221354,0.5857004404067994,0.7087028821309407,170.75018172628342,175.7915575791511,164.96889396897873,169.96210035969617,103.57697303505061,0.674839162826538,78.5325834405075,0.7665171146392822,114.63781050842583,0.7601859887440998,107.39768480849457,0.8762324968973796,96.82316175171037,0.8553284645080566
0.6121151924133301,0.6268401463826497,0.558815860748291,0.705451774597168,0.6126048564910889,0.7122020721435547,0.5384892463684082,0.8118225733439127,0.6091653347015381,0.8244087219238281,0.5279446601867676,0.8989950180053711,0.5766841888427734,0.9281256357828777,0.6020544052124024,0.6409781138102213,0.5857103586196899,0.7088269233703614,170.74879205691917,175.7780917214111,164.96786961755421,170.0003757080257,103.54389712005481,0.6749025185902913,78.52875724896748,0.7666178226470948,114.63035571457894,0.760324748357137,107.38905115937503,0.8762671788533529,96.89712464566773,0.8554087956746419
0.6121151924133301,0.6268401463826497,0.558815860748291,0.705451774597168,0.6126048564910889,0.7122020721435547,0.5384892463684082,0.8118225733439127,0.6091653347015381,0.8244087219238281,0.5279446601867676,0.8989950180053711,0.5766841888427734,0.9281256357828777,0.6020544052124024,0.6409781138102213,0.5857103586196899,0.7088269233703614,170.74879205691917,175.7780917214111,164.96786961755421,170.0003757080257,103.54389712005481,0.6749025185902913,78.52875724896748,0.7666178226470948,114.63035571457894,0.760324748357137,107.38905115937503,0.8762671788533529,96.89712464566773,0.8554087956746419
