0,1,2,3,4,5,6,7,8,9,10,11,12,13,14,15,16,17,18,19,20,21,22,23,24,25,26,27,28,29,30,31
0.40302734375,0.711955197652181,0.506150770187378,0.7172374089558919,0.4358243942260742,0.7247858683268229,0.5539424896240235,0.7286724090576172,0.48890109062194825,0.7372654596964519,0.6167799949645996,0.7702260971069336,0.5392799377441406,0.7632579803466797,0.42190778255462646,0.66630064646403,0.4709875822067261,0.7210116386413574,175.57006609314573,159.99067863236112,175.54971731647197,165.1767115338228,48.105550469356835,0.6936561425526937,42.21902777572074,0.7291385491689046,5.276220568604305,0.7248420238494873,27.291071420925622,0.7502617200215658,33.476185594496044,0.7494492530822754
0.42560772895812987,0.7218310038248698,0.49555282592773436,0.7253842035929362,0.41755385398864747,0.7305779774983724,0.5613929748535156,0.743922742207845,0.4774695873260498,0.7483793258666992,0.6194948196411133,0.7774719874064128,0.600211238861084,0.776992925008138,0.4215618968009949,0.6742269198099772,0.4565533399581909,0.7279810905456543,171.29635320819185,162.1530392498681,174.28433254656963,166.89227487476987,56.93776067195869,0.7011040051778157,44.281647816291134,0.7381802082061768,8.646022063655293,0.7359519163767496,13.122458705240687,0.7626861254374186,30.003054041450046,0.7606973648071289
0.4030120372772217,0.7238146464029948,0.5036736965179444,0.7285697301228841,0.4288632392883301,0.7407292048136394,0.5644841194152832,0.7462711334228516,0.48040266036987306,0.7497593561808268,0.6136358261108399,0.7821359634399414,0.597029447555542,0.7916072845458985,0.42149657011032104,0.6749675750732422,0.46626846790313725,0.7346494674682618,175.13490891235932,160.24427639989855,176.20163226955464,161.74326866283312,53.12366477776595,0.704808521270752,46.91090113519158,0.7422044118245443,6.748318686476944,0.7404603004455567,19.738960154859637,0.7706833203633626,36.11733906567621,0.7642035484313965
0.4032315731048584,0.7121245066324869,0.48299131393432615,0.7215630849202473,0.44540228843688967,0.7219335556030273,0.5341972827911377,0.7138476053873698,0.5243982791900634,0.7159350077311198,0.6069813251495362,0.7852654774983724,0.5987432956695556,0.7850346883138021,0.41489901542663576,0.6701537450154622,0.4641968011856079,0.7217483202616373,151.79473976416588,153.4448482008828,162.28499203825604,159.52451402142577,46.30409891531816,0.6959510326385497,174.48437551275808,0.7188416639963786,173.56047319852956,0.7177979628245035,42.90580084464662,0.750484848022461,44.45719550425609,0.7495565414428711
0.3783582210540771,0.6727068583170573,0.43549370765686035,0.7133041381835937,0.47005248069763184,0.7100823084513347,0.441498851776123,0.690802001953125,0.5479143142700196,0.680453109741211,0.5991563320159912,0.7886185963948568,0.552329158782959,0.7553982416788737,0.4011698484420776,0.66758238474528,0.4527730941772461,0.7116932233174642,156.80964210375313,31.714463596186892,117.07269494160018,175.90521605001797,40.52406842890678,0.6896378040313721,161.82213724478387,0.6960731665293376,61.64585594894122,0.7012476126352947,86.62873400724155,0.7179256757100423,31.81701112543361,0.7397102991739909
0.3898153305053711,0.6834796905517578,0.4346938133239746,0.7038589477539062,0.459100341796875,0.7027079900105794,0.4482863903045654,0.6801584879557292,0.49697151184082033,0.6726538976033528,0.5983786582946777,0.789134661356608,0.5614208221435547,0.764076296488444,0.4030285120010376,0.6770658493041992,0.4468970775604248,0.7032834688822428,151.23554493191781,89.52895237181781,153.1431564208008,173.56016576199235,30.86423765462983,0.690174659093221,148.5466739471457,0.6879686832427978,93.43810841471887,0.6917209784189859,54.817620654392904,0.7183650970458983,35.98194608978513,0.7346465746561686
0.3808325529098511,0.6675086975097656,0.41503291130065917,0.7055922190348307,0.4227280616760254,0.7111288070678711,0.44681124687194823,0.6553821563720703,0.5363625526428223,0.6740358988444011,0.5300960063934326,0.7419771830240885,0.528953742980957,0.7407885233561198,0.3897236704826355,0.6657346407572429,0.4188804864883423,0.7083605130513508,160.47320741367923,128.07722132324847,100.08189611616126,150.70196101028483,55.627213352004695,0.6870475769042969,163.7132753790093,0.691198205947876,117.79868119292874,0.6818713347117106,96.33328274599826,0.7074122111002604,46.11632078237244,0.6986796696980795
0.3862177848815918,0.6835113525390625,0.4503478050231934,0.7037957509358724,0.40442748069763185,0.705263900756836,0.46587681770324707,0.666858418782552,0.43724827766418456,0.6612131754557292,0.525377607345581,0.7468512852986654,0.5188351631164551,0.7460656483968099,0.39670848846435547,0.6702790896097819,0.42738764286041264,0.7045298258463542,115.42996518340713,138.44640057422453,158.30371991795892,150.0021525608078,48.148481309135136,0.687404457728068,102.82431498034062,0.6828715006510417,135.61518492447837,0.685694122314453,46.12401525175889,0.7036394119262696,53.35716309497448,0.7068548520406087
0.37271692752838137,0.6450849533081054,0.3985316514968872,0.7077767690022786,0.4214597225189209,0.7055468241373698,0.4295475482940674,0.6506301244099935,0.4502552509307861,0.6501637776692708,0.5230083465576172,0.7196957906087239,0.519507360458374,0.7248054504394531,0.38162367343902587,0.6679725011189779,0.409995687007904,0.7066617965698242,140.0195137772491,129.12992110949776,142.26216783346166,150.11531651769988,53.7462936469473,0.687317148844401,125.47305060477952,0.6784127871195476,109.23607735986039,0.6786459604899089,47.14501933379186,0.687484614054362,36.463662088381035,0.6851629575093587
0.37609167098999025,0.6397820154825846,0.3925126791000366,0.7158620198567708,0.4196446895599365,0.7128774007161458,0.4412578582763672,0.6548028945922851,0.5362982749938965,0.6768026987711588,0.5394789695739746,0.7183092753092448,0.5283924102783203,0.7167999903361003,0.382974910736084,0.6687025705973306,0.40607868432998656,0.7143697102864583,160.88354861424932,133.9790868030944,79.95731423865593,148.8062477694298,63.16438463615752,0.6915361404418945,163.90769372016686,0.6955862045288086,120.56539468385097,0.6845863024393717,101.180959239264,0.6968013445536296,32.88531430903263,0.686556084950765
0.39883880615234374,0.652032216389974,0.3902759552001953,0.7156377792358398,0.42016305923461916,0.7201059341430665,0.3757556200027466,0.5869899749755859,0.5349950313568115,0.6778109232584636,0.519715690612793,0.7068244298299153,0.5271300792694091,0.7131642023722331,0.3861250042915344,0.6832577069600423,0.40521950721740724,0.7178718566894531,164.9402289096426,173.46102865877378,75.24639217146441,134.71425713173048,61.11717330355312,0.7005647818247477,162.8448536211828,0.6978413899739584,77.31317331102673,0.6524309158325194,102.54219360213537,0.6954875628153483,39.77448880325485,0.6469072024027507
0.3688786029815674,0.6445648829142253,0.3827630281448364,0.7193992614746094,0.4279046535491943,0.7166189829508464,0.46454505920410155,0.6720604578653971,0.5380390644073486,0.6800565083821615,0.5941859722137451,0.7919076919555664,0.6080224514007568,0.7889748255411784,0.38327101469039915,0.6691780090332031,0.4053338408470154,0.7180091222127278,160.01924832772252,140.1568896054694,142.01826251135114,158.6185950872521,65.68564202124185,0.6935935656229655,164.03990158674188,0.6990328152974447,142.1880787987402,0.6950347900390625,57.27800105479976,0.7345156669616699,42.75200340879784,0.7319840749104818
0.43517537117004396,0.7267007827758789,0.46855993270874025,0.7172255198160807,0.43074235916137693,0.7266225179036458,0.5344016075134277,0.6765848795572916,0.5358254909515381,0.6816844304402669,0.5716986656188965,0.7695278803507487,0.6074858188629151,0.7863156636555989,0.399932336807251,0.6970074971516926,0.4496511459350586,0.7219240188598632,161.40291124046442,160.4903006542795,146.60057974186296,133.17303240583814,26.61768425201615,0.7094657580057779,154.96951636190624,0.7018042246500651,151.85445800033642,0.6992544492085775,55.59335431026854,0.7340000470479329,68.13492255110539,0.7230563799540202
0.4433997631072998,0.7265013376871745,0.4594231128692627,0.7245731353759766,0.4134516716003418,0.7316062291463216,0.5323565006256104,0.6763526916503906,0.48384385108947753,0.6847606023152669,0.5627547264099121,0.748213259379069,0.5358341693878174,0.7512654622395833,0.40261240005493165,0.7002146402994791,0.43643739223480227,0.7280896822611491,148.3445911190519,162.07952300644538,141.1414321287402,121.98088642534933,39.49179968780947,0.7141521612803141,137.5729669610425,0.706425142288208,151.6583985575777,0.7022211869557698,51.98340500689906,0.7180130322774252,67.07082253429643,0.7122829755147297
0.42322578430175783,0.7246616999308269,0.4692348003387451,0.7245895385742187,0.4150888442993164,0.7343712488810221,0.5332675457000733,0.6766740798950195,0.49220499992370603,0.6985293706258138,0.5791892051696778,0.7663177490234375,0.6012126922607421,0.7869862238566081,0.39575350284576416,0.6964195251464844,0.4421618223190308,0.7294803937276204,147.01064705981463,158.07391073253785,160.81935757100922,132.17183608536706,35.465729164370714,0.7129499594370524,148.2637739611812,0.7140048821767171,149.90274285873647,0.70307723681132,39.058414101483045,0.7427577972412109,62.875350208258396,0.7214959144592286
0.43314032554626464,0.7265533447265625,0.469401216506958,0.7181218465169271,0.42172870635986326,0.7337932586669922,0.5307185173034668,0.6763579050699869,0.4828477382659912,0.6914573669433594,0.5662249088287353,0.7559507369995118,0.6063042640686035,0.7869741439819335,0.4029380321502686,0.6955405553181966,0.4455649614334106,0.7259575525919597,140.14502790578237,158.31795157397673,163.0580727874951,128.0011034532895,35.51024727232436,0.7107490539550781,137.21989928383812,0.7087074597676595,149.78035496720284,0.7011577288309734,37.7286741580834,0.7392157554626464,65.95833224456926,0.7161543210347494
0.39638051986694334,0.7158026377360026,0.4945958137512207,0.7266036987304687,0.4335533618927002,0.7424769719441732,0.5378557682037354,0.6792242685953777,0.48879470825195315,0.7046110153198242,0.5935450077056885,0.7767507553100585,0.6054830551147461,0.7907914479573568,0.40218440294265745,0.6829723993937175,0.4640745878219604,0.734540335337321,115.52745079221481,144.72243525277605,165.24444922270524,137.78427644514647,39.80162722149713,0.7087563673655193,129.55500188437756,0.7195756753285726,143.13995345479327,0.7068823019663493,36.44780221134683,0.7477012316385905,60.27291729938817,0.7279875119527182
0.4050274848937988,0.7216153462727865,0.5050114631652832,0.7194695154825846,0.4397294998168945,0.7372391382853191,0.5389686107635498,0.6790557225545247,0.4682625770568848,0.7045117696126302,0.5874540328979492,0.7744575500488281,0.6055033206939697,0.7898949940999349,0.4094750165939331,0.6830760955810546,0.47237048149108884,0.7283543268839519,60.19097387063649,145.26795608163877,172.92126841724712,138.77209573284242,35.74998531606586,0.7057152112325032,80.22431724375849,0.716433048248291,143.48967169276727,0.7037050247192382,31.887476276572812,0.7472033818562825,63.059266188702125,0.7267566363016764
0.3847802639007568,0.7102954864501954,0.5015076160430908,0.7212526321411132,0.449582576751709,0.7299870173136394,0.5366178512573242,0.6796225229899089,0.48482484817504884,0.695711898803711,0.5948840618133545,0.7842848459879558,0.6041937828063965,0.7901354471842448,0.3996866464614868,0.6810866355895997,0.4755450963973999,0.7256198247273763,97.49064875500466,143.62715685874505,168.28836179713463,145.28292966741998,30.415337672224705,0.7033532301584879,107.23793241647144,0.7106658617655437,143.01455525193435,0.7026211738586425,38.34480029446627,0.7429236729939779,60.895022871149486,0.7319536844889323
0.3717463731765747,0.7026224772135417,0.48938827514648436,0.7398067474365234,0.4740272521972656,0.7485553741455078,0.5367608547210694,0.6799076716105144,0.5287094116210938,0.6878494262695313,0.6046141624450684,0.7813142776489258,0.600286340713501,0.7888507843017578,0.39304668903350826,0.6862475713094076,0.48170776367187496,0.7441810607910155,129.16424431402694,133.107508385203,145.96605657998748,140.59824971253752,33.16166207714396,0.7152143160502116,129.840740125923,0.7160152435302733,130.58156302615015,0.7120443662007649,54.67583170695092,0.7383501052856445,56.212681320375914,0.73061097462972
0.3814846992492676,0.7053892771402995,0.49286479949951173,0.7214813232421875,0.47021851539611814,0.7291589736938476,0.5377648353576661,0.6803529739379883,0.5043434619903564,0.6872883478800456,0.5954193592071533,0.7841866175333659,0.5998869419097901,0.7904268264770508,0.4061492919921875,0.6742851575215658,0.48154165744781496,0.7253201484680176,113.40121192260835,138.70764193787534,161.6278523160185,146.3772684427751,34.09506079077683,0.6998026529947917,120.94461563498409,0.7063042481740316,141.34725626447923,0.702836561203003,47.189175060699355,0.7388575871785481,60.95839891788908,0.7322697957356772
0.39678819179534913,0.7073747634887695,0.49156341552734373,0.7332900365193685,0.4757395267486572,0.7420599619547527,0.5375979900360107,0.6795311609903971,0.5370968818664551,0.681132952372233,0.6044097900390625,0.7819360733032227,0.6004799365997314,0.7886970520019532,0.3974103450775146,0.6870801289876303,0.48365147113800044,0.7376749992370606,135.825199648675,135.93785731010365,144.10123278973361,143.2507450446096,30.398765422852883,0.7123775641123454,133.3872949908585,0.7094039758046469,132.85551245652877,0.7086030801137289,59.49092205186071,0.7349150021870932,56.87845798890331,0.73073361714681
0.404005241394043,0.7102776209513346,0.49750585556030275,0.7329137166341145,0.47461757659912107,0.7421948750813802,0.5383655548095703,0.679806137084961,0.5193499565124512,0.6876869201660156,0.6001168727874756,0.7857013702392578,0.6008002281188964,0.7891621271769206,0.39562593698501586,0.6875217755635579,0.48606171607971194,0.7375542958577473,123.64803729499249,135.26191325994887,152.97025200089328,143.13447976467083,28.95304082146368,0.7125380357106526,123.724514628553,0.7126206080118815,132.16786182043535,0.7086802164713542,51.247318815667505,0.7384245236714682,59.75200129849825,0.7327537536621094
0.3920904159545898,0.7142004013061524,0.500124454498291,0.7267095565795898,0.4590493679046631,0.7358743031819661,0.5389133930206299,0.679834493001302,0.4999640941619873,0.6939605712890625,0.5939511299133301,0.7824641545613606,0.6002496242523193,0.7911835352579752,0.3993427038192749,0.6866109212239584,0.47958691120147706,0.731291929880778,114.45013975318312,141.84256680148758,162.2861147536987,142.30966367392398,29.109623918093,0.7089514255523681,118.62775468922436,0.7126262505849202,139.06292811720436,0.70556321144104,44.11164300637537,0.7425720532735189,61.79644659062934,0.7311493237813314
0.4062199115753174,0.6690931955973307,0.4212489128112793,0.7174023946126302,0.4676877498626709,0.7238321940104167,0.510961389541626,0.6786144892374675,0.5467202663421631,0.6835583368937175,0.5966579437255859,0.7810505549112956,0.609980583190918,0.7856810251871745,0.39657115936279297,0.6770706494649251,0.4444683313369751,0.7206172943115234,157.60395478206274,146.94669590795732,143.23636270014953,151.57299817618875,42.276152316841554,0.6988439718882242,160.07806900157513,0.7020878156026205,147.7199274415287,0.6996158917744955,58.22368616474884,0.734619681040446,50.084627328183075,0.7298325220743815
0.4057895660400391,0.6634752909342448,0.4220579147338867,0.723451296488444,0.4599568843841553,0.7235940297444662,0.5108341693878173,0.6785225550333659,0.5466665267944336,0.6835022608439127,0.5956737041473389,0.7758543650309245,0.6099513530731201,0.7857068379720052,0.39598309993743896,0.6768643697102865,0.441007399559021,0.7235226631164551,156.73250838880952,146.37293922316636,141.97312944067895,149.7704901749622,46.02103391718135,0.7001935164133708,159.25486553358436,0.7035124619801839,147.20010104784578,0.7010226090749105,58.23430886531612,0.7346045494079589,48.92287751504104,0.7271884600321452
0.4061088562011719,0.6630391438802083,0.4216108798980713,0.7233308792114258,0.4595955371856689,0.7235220591227214,0.5107160091400147,0.6785134633382162,0.546666145324707,0.683470344543457,0.5956503868103027,0.7758611043294271,0.6100050449371338,0.7857720057169596,0.39579578638076784,0.6768952051798502,0.4406032085418701,0.7234264691670735,156.8621094127449,146.5503404985789,141.96854684018203,149.7889842712651,46.08121915183227,0.7001608371734619,159.35755980019974,0.7034484068552653,147.3571022039831,0.7009699662526448,58.23675455582004,0.7346211751302083,48.89578309675785,0.7271872838338216
0.4068960189819336,0.6617918014526367,0.42030582427978513,0.7234238306681315,0.46044530868530276,0.7231447855631511,0.5029663562774658,0.6787885030110677,0.546852445602417,0.6833742777506511,0.5966084003448486,0.7811599095662435,0.6100082397460938,0.7857945760091146,0.3924884080886841,0.6773943583170573,0.44037556648254395,0.7232843081156413,157.2343481668106,143.86798203875802,141.88840599743878,152.77691968793923,43.77993330185971,0.7003393332163492,159.45282412304894,0.7033292929331462,144.59097127448396,0.7010364055633544,58.34062278190154,0.7345844268798829,47.549954419515316,0.7299742062886556
0.4006940841674805,0.6530188878377279,0.40567636489868164,0.72392152150472,0.4581308841705322,0.7235148111979167,0.5018701076507568,0.6787450154622395,0.5467895030975342,0.6828736623128255,0.60288987159729,0.7814250310262044,0.609947681427002,0.7856671015421549,0.3829243779182434,0.6752535184224446,0.43190362453460696,0.7237181663513184,157.7660793533683,145.58648612634394,140.7522424607517,153.1822618775669,44.697425282669535,0.6994858423868815,160.4285603184726,0.703295914332072,147.26784634213067,0.701231590906779,58.43266980059093,0.7342703819274903,45.46697794428432,0.730085023244222
0.38985629081726075,0.6479028701782227,0.4067124366760254,0.7294399897257487,0.4577589511871338,0.730135154724121,0.5103662490844727,0.678516960144043,0.5460733890533447,0.6822134017944336,0.6075672626495361,0.7821571985880534,0.6095167636871338,0.7860078811645508,0.3849164843559265,0.6724424680074056,0.43223569393157957,0.729787572224935,153.84975859201367,143.95423231822105,139.03009442792563,149.79396518052658,50.47172222562377,0.7011150201161702,157.31935114535588,0.7060004870096843,146.72642667572111,0.704152266184489,58.56504300837788,0.7341106414794922,46.83634621267911,0.7303370793660482
0.40432376861572267,0.6495210647583007,0.40106825828552245,0.7178929646809896,0.4496053695678711,0.7219464619954427,0.5107491493225098,0.6759223302205404,0.546376085281372,0.6822600682576497,0.6020981311798096,0.7817836125691732,0.6091324329376221,0.7864740371704102,0.3888209104537964,0.6692057927449544,0.42533681392669676,0.7199197133382161,157.9807761172377,149.59320682769413,140.9616781663815,150.08061308959068,54.24471345272445,0.6945627530415852,162.7172142511968,0.7010898907979329,152.74621478217443,0.6979210217793783,58.944175372259316,0.73436705271403,49.20869335820834,0.7288529713948568
0.39919819831848147,0.6571532567342122,0.4159961223602295,0.7232978185017903,0.4509263515472412,0.7230962753295899,0.5107488632202148,0.6756818135579427,0.5459223747253418,0.6827222824096679,0.5998785972595215,0.7767765680948894,0.6088707447052002,0.7859668095906576,0.3902218461036682,0.6770630836486817,0.43346123695373534,0.7231970469156901,158.12459998982638,149.07404004144848,141.06033124270405,149.24728282859775,46.85501409273204,0.7001300652821859,160.20619556457734,0.702959664662679,148.41744466547934,0.6994394302368163,58.62926440080094,0.7343445460001627,48.5991329892618,0.726229190826416
0.4040818214416504,0.675029436747233,0.449512243270874,0.7233386357625325,0.45806307792663575,0.7246404012044271,0.5315151691436768,0.6776131312052409,0.544438648223877,0.6817117055257161,0.6093639373779297,0.7814840952555339,0.6086323261260986,0.7859710057576498,0.40189645290374754,0.6781552632649739,0.45378766059875486,0.7239895184834798,153.56735373597874,149.41707765153416,143.43641850133577,147.13290260724352,41.45338634434918,0.7010723908742269,154.99659273669414,0.702850612004598,149.17743866467939,0.7008013248443603,58.37890403827622,0.733841355641683,53.14933123123238,0.7295486132303874
0.3990819454193115,0.656291135152181,0.4156080722808838,0.7242088953653971,0.45195369720458983,0.7229556401570638,0.5121466636657714,0.6779822031656901,0.5466162204742432,0.682506815592448,0.6026732921600342,0.782032330830892,0.6096754550933838,0.7865620295206706,0.3907708406448364,0.6751971244812012,0.4337808847427368,0.7235822677612305,157.3115705750101,148.49093821445712,140.9166898179035,150.1138612766776,48.36578075199051,0.6993896961212158,159.99697410553958,0.7030445416768392,149.80541133780292,0.7007822354634603,58.78342210827775,0.7345344225565593,48.97578525350201,0.7300072669982911
0.3984005689620972,0.6572202682495117,0.4166254997253418,0.723931884765625,0.451251745223999,0.723353894551595,0.5129073143005372,0.6778342564900716,0.5464467525482177,0.6825849533081054,0.6026946544647217,0.782012939453125,0.6095385074615478,0.7866015752156575,0.3903959274291992,0.6749935468037923,0.4339386224746704,0.72364288965861,157.16622941078379,148.55428249621374,140.9636244554076,149.83640043022703,48.170454645143074,0.6993182182312012,159.9513023333029,0.7031139214833577,149.8825795623499,0.7007385730743407,58.76090367768099,0.7345932642618815,49.24329537755095,0.7299235979715983
0.4079912185668945,0.6580728530883789,0.4162034511566162,0.7238380432128906,0.45124187469482424,0.7235198974609375,0.5128705501556396,0.677868143717448,0.5464813709259033,0.6825320561726888,0.6025407791137696,0.781901486714681,0.6095870494842529,0.7864721934000651,0.39028713703155515,0.6781582196553548,0.43372266292572026,0.723678970336914,158.3483996383738,150.07330745519627,140.9127453316896,149.78772946642067,46.34282490753502,0.7009185949961344,159.95240827944104,0.7031055132548014,149.93772552339436,0.7007735570271809,58.736603945916315,0.734502124786377,49.24071955811772,0.7298848152160644
0.44046602249145506,0.6975969314575196,0.4449817180633545,0.7146131515502929,0.44817280769348145,0.7235616683959961,0.4998438835144043,0.669679832458496,0.5394750118255616,0.6812400182088216,0.5882946491241455,0.7644492467244466,0.5844130992889405,0.7688141504923502,0.41480312347412107,0.6937118530273437,0.446577262878418,0.7190874099731446,163.54627632316962,152.93244840380288,137.00214204619678,150.77401637039796,38.611666688585856,0.7063996315002441,157.83356916723537,0.7001637140909831,137.15246731811635,0.6943836212158203,62.835672599283114,0.7250270843505859,46.975156218377414,0.7170645395914713
0.44046602249145506,0.6975969314575196,0.4449817180633545,0.7146131515502929,0.44817280769348145,0.7235616683959961,0.4998438835144043,0.669679832458496,0.5394750118255616,0.6812400182088216,0.5882946491241455,0.7644492467244466,0.5844130992889405,0.7688141504923502,0.41480312347412107,0.6937118530273437,0.446577262878418,0.7190874099731446,163.54627632316962,152.93244840380288,137.00214204619678,150.77401637039796,38.611666688585856,0.7063996315002441,157.83356916723537,0.7001637140909831,137.15246731811635,0.6943836212158203,62.835672599283114,0.7250270843505859,46.975156218377414,0.7170645395914713
0.44003820419311523,0.6972014109293619,0.44495158195495604,0.7144877751668294,0.44860663414001467,0.7234257380167644,0.4997316837310791,0.6696703592936198,0.5394550323486328,0.6812981923421224,0.5883378982543945,0.7644655863444011,0.5844531536102295,0.7688219706217448,0.41476926803588865,0.6936881383260092,0.44677910804748533,0.7189567565917969,163.56060808760674,152.83859768923543,137.1190747048996,150.8889930931982,38.287618056907995,0.706322447458903,157.88579180789077,0.7001274744669597,137.05368439404387,0.6943135579427084,62.791192461206705,0.7250600814819337,46.932753534589,0.7170679728190105
0.4397541046142578,0.6971665700276692,0.4448153018951416,0.714593505859375,0.4485661506652832,0.7235225677490235,0.499697208404541,0.6697189331054687,0.539523696899414,0.681276512145996,0.5892392635345459,0.7703304926554362,0.6113465309143067,0.7880900065104167,0.41451220512390136,0.6936351776123046,0.44669072628021245,0.7190580368041992,163.50039682351584,152.73465024512402,146.66329307848835,151.4512294896292,38.310739042976444,0.7063466072082519,157.85446810312462,0.7001672744750976,137.05221786431787,0.694388484954834,56.082581610618355,0.7346832593282064,48.33162692657596,0.7200247128804524
0.43992223739624026,0.6978938420613606,0.44513797760009766,0.7142868041992188,0.4485946178436279,0.7233293533325196,0.49988603591918945,0.6697643280029297,0.5392712593078614,0.6812877655029297,0.5894327163696289,0.7701132456461589,0.6115468502044678,0.7880711873372396,0.41477079391479493,0.693519401550293,0.4468662977218628,0.7188080787658692,163.5118296444442,152.8249367423311,146.90299311772063,151.53643789249577,38.235268676231854,0.7061637401580811,157.90077218612117,0.7000479221343994,137.2308875442247,0.6942862033843995,55.90817611400719,0.7346794764200846,48.255769514379196,0.7199387868245444
0.44948854446411135,0.7054627736409506,0.44505038261413576,0.7071531931559245,0.4471376895904541,0.7162944157918294,0.5332596778869629,0.6762566884358724,0.5384098052978515,0.6810386657714844,0.5803455829620361,0.7615329106648763,0.6120312690734864,0.7875524520874023,0.42283222675323484,0.696372922261556,0.4460940361022949,0.711723804473877,169.17112120959663,168.18311120021076,149.21098060659978,139.26113582596417,33.42153067942724,0.7040483633677165,161.6135412819607,0.6963812351226807,157.85892149660688,0.6939902464548746,55.34808678166106,0.7342955589294433,61.09438659247872,0.7188947995503743
0.45212612152099607,0.7185983022054037,0.45549426078796384,0.7067708333333333,0.4457303524017334,0.7159948984781901,0.5350564002990723,0.6761751174926758,0.5367537021636963,0.6779337565104167,0.5779059410095215,0.7548735936482748,0.6120248794555664,0.7874970118204753,0.4259642601013184,0.6987024625142415,0.45061230659484863,0.7113828659057617,169.39607416950395,169.03449497174933,149.73573394967318,137.43037079709228,27.22395186501488,0.7050426642100016,158.7785743539787,0.6946583112080892,157.36700722783638,0.6937789916992188,55.510501017194834,0.7327153841654459,61.432707287823405,0.7155243555704753
0.4493668556213379,0.7106383641560873,0.44533162117004393,0.7071828842163086,0.4470175266265869,0.7163484573364258,0.5340224266052246,0.6760838190714519,0.5381887912750244,0.6810021718343099,0.5778365135192871,0.7553975423177083,0.5720221996307373,0.7600496292114258,0.42299253940582277,0.6969010353088378,0.4461745738983154,0.7117656707763672,169.37151630371656,168.5133129505915,134.16190625188008,137.25176246154547,32.66854432419934,0.7043333530426026,161.51345624625168,0.6963839213053385,157.89410016179164,0.6939247449239095,66.82840345846316,0.7205259005228679,61.08308291287045,0.7157406806945801
0.45089383125305177,0.7115413029988606,0.4449436664581299,0.7066957473754882,0.4459049224853516,0.7160435358683268,0.5336708068847656,0.6760705312093099,0.5378227233886719,0.6809610366821289,0.5675162315368653,0.752784792582194,0.5589157581329346,0.7583058675130209,0.4235635995864868,0.6997266451517741,0.4454242944717407,0.7113696416219075,171.1103047013827,170.32376419666352,127.72275256282865,132.54409993627615,28.039745198722272,0.7055481433868408,161.78346685762824,0.6961653391520182,158.19830760762687,0.6937200864156088,74.74557771195234,0.7196334520975749,66.19349533027055,0.7144276618957519
0.4592265605926514,0.7172150293986003,0.44399375915527345,0.706155268351237,0.43770594596862794,0.715268071492513,0.5338222503662109,0.6761634826660157,0.5375991344451905,0.6809033075968425,0.564816665649414,0.745577049255371,0.5567784309387207,0.7515112559000651,0.4268887281417847,0.7022335370381674,0.4408498525619507,0.710711669921875,173.78135627649297,173.3163765414106,124.58550066020057,129.77014242680872,31.26893672041019,0.7064726034800212,162.87598411821045,0.6958074887593587,159.6151265571348,0.6934375762939453,74.80336923921577,0.7162072817484537,65.93837254348803,0.7108702659606934
0.43929095268249513,0.7199599583943684,0.47293925285339355,0.7143351236979166,0.45613956451416016,0.7245700200398763,0.5388877868652344,0.6795700709025065,0.5408171653747559,0.6807679494222005,0.577871561050415,0.7613582611083984,0.6121491909027099,0.7877568562825521,0.4240281343460083,0.6958393414815267,0.46453940868377686,0.7194525718688964,160.46120827259656,159.85169275548137,148.52397965591666,135.77685414184123,30.237073558152947,0.7076459566752116,153.10794116796015,0.7001102606455485,151.7896757554495,0.6995113213857015,56.30767553801789,0.7342624028523763,64.51552016393498,0.7204641660054525
0.4378110408782959,0.7134023666381836,0.46299333572387696,0.7141530990600586,0.45690093040466306,0.7246383666992188,0.5383152484893798,0.6797272364298502,0.5417160511016845,0.6809607823689778,0.5886034965515137,0.7709353764851888,0.6122833251953125,0.7884806315104167,0.4208366394042969,0.6961895942687988,0.45994713306427004,0.7193957328796388,162.00492623211477,161.1292612200388,147.67206201622412,140.70145589603064,30.68269603548278,0.7077926635742188,154.8244328956607,0.7001782576243083,153.15230725609334,0.6995614846547444,56.72236581328116,0.7347207069396973,61.12954651563642,0.7253313064575195
0.4529911994934082,0.6978476206461589,0.4303022861480713,0.7234673817952474,0.4291235446929932,0.7321420669555664,0.5024504661560059,0.6715569814046224,0.5394598484039307,0.6799571355183919,0.5889710426330567,0.7673367182413737,0.5753326892852784,0.7697992324829102,0.4176290512084961,0.6941155751546224,0.42971291542053225,0.7278047243754069,163.07254206169983,157.17860784128777,127.8529659243312,146.03294094914193,70.26774317520771,0.7109601497650146,156.44370810887946,0.7038809299468993,142.28531985454862,0.6996808528900147,68.233783583596,0.7248781840006511,47.907594179194966,0.719446849822998
0.4498309135437012,0.7079064051310221,0.4495416164398193,0.7231515884399414,0.4299062728881836,0.7387708028157552,0.5141049861907959,0.6719504674275716,0.5388350486755371,0.680530865987142,0.5820584297180176,0.7649752934773763,0.6082834720611572,0.7887538274129232,0.4196711778640747,0.6960492134094238,0.43972394466400144,0.7309611956278483,160.45151299217724,155.88890076486888,141.61383112160186,139.58773161427567,60.127774371214755,0.7135052045186361,153.03181407215888,0.7057460308074952,141.5730239199324,0.70145583152771,57.31105474242075,0.7346423467000326,53.85235029957599,0.718462880452474
0.45032811164855957,0.7077686945597331,0.44904842376708987,0.7231568018595378,0.429738187789917,0.7386491775512696,0.514017915725708,0.6720060348510742,0.5388247489929199,0.6804755528767904,0.581991720199585,0.7650009155273437,0.6082827568054199,0.7887751897176106,0.419768488407135,0.6961682319641114,0.43939330577850344,0.7309029897054037,160.61660785482206,156.09690709606596,141.58879670335205,139.61258473989668,60.533952786589865,0.7135356108347575,153.1077974541192,0.705689271291097,141.71797826739493,0.701454512278239,57.32590393915372,0.7346253712972005,53.835386093474916,0.718503475189209
0.4502065658569336,0.7076927820841471,0.4490067005157471,0.7231712341308594,0.42971243858337405,0.7386048634847006,0.514067554473877,0.6720438639322917,0.5388232707977295,0.680507214864095,0.58201003074646,0.7650154749552409,0.6083052158355713,0.7887411117553711,0.41965541839599607,0.6961463292439778,0.43935956954956057,0.73088804880778,160.61319681332427,156.09520215711385,141.6019296797346,139.61331212019326,60.439779928441475,0.7135171890258789,153.13665407130821,0.7056976318359376,141.7740551676581,0.7014659563700358,57.3011178080157,0.734624163309733,53.84113820334104,0.7185296694437663
0.4423707962036133,0.7071363449096679,0.44932355880737307,0.7234413146972656,0.43003044128417967,0.7388856887817383,0.5141539573669434,0.672012201944987,0.5387997627258301,0.680488650004069,0.5891191482543945,0.767164929707845,0.6082652568817138,0.7887834548950196,0.415233564376831,0.6958322525024414,0.43967700004577637,0.731163501739502,160.00073636382763,155.08167167169557,141.547423151798,141.77725461666546,55.32311400759019,0.7134978771209717,152.92237164439393,0.7058260758717855,141.54259513078756,0.7015878518422445,57.32193594614796,0.7346360524495443,51.767521587216564,0.7195885658264161
0.43168139457702637,0.7066092809041341,0.46822781562805177,0.72417786916097,0.44019832611083987,0.7398293813069662,0.5349781513214111,0.6776751200358073,0.5386342525482177,0.6808802922566731,0.5956649780273438,0.7757938385009766,0.6084306240081787,0.788848876953125,0.4118757724761963,0.6920349438985189,0.45421307086944585,0.7320036252339681,153.83099359265302,152.7257868943093,143.11478061438524,138.93826583163633,43.35158617915708,0.7120192845662435,148.80196244420344,0.7064419587453206,146.07233547024137,0.7048393726348877,57.1193222818443,0.7348645846048991,58.263040301079755,0.726734479268392
0.4162081241607666,0.6747734705607097,0.44601755142211913,0.7300650914510091,0.45845794677734375,0.7383187611897787,0.5017373561859131,0.6744937896728516,0.5427624702453613,0.6803901036580403,0.5906692028045655,0.7756802241007487,0.5981329917907715,0.7836671193440755,0.40939621925354003,0.683136781056722,0.45223774909973147,0.7341919263203939,150.45542949290788,135.0115550594807,136.92990232806395,147.99556966647782,49.99922536171879,0.708664353688558,149.27558993834205,0.7072910149892171,129.66433514184968,0.7043428579966227,61.80264075031797,0.7320286115010579,48.68805231921299,0.7250870068868001
0.39940681457519533,0.6880350748697917,0.45964951515197755,0.7109518686930338,0.4642331600189209,0.7263029098510743,0.502182912826538,0.6780124028523763,0.5422614097595215,0.6803293863932292,0.5964056491851807,0.7826546351114909,0.6051479339599609,0.7886075337727865,0.4087982654571533,0.6771376927693684,0.4619413375854492,0.718627389272054,153.13745032151232,134.19873973030568,146.19062759382783,157.4629114763826,37.979761335947536,0.6978825410207112,154.50738451469232,0.6994783878326416,134.73539893340248,0.6983198960622152,59.85254354742072,0.7344684600830078,47.99925999957717,0.7303335189819335
0.3979552507400513,0.6970834732055664,0.4891407012939453,0.724803606669108,0.46127891540527344,0.7337205251057942,0.5396213531494141,0.6784404754638672,0.5203159332275391,0.6929248809814453,0.5965735912322998,0.7836619059244792,0.5979907512664795,0.7879191716512044,0.40582075119018557,0.6769916534423828,0.47520980834960935,0.7292620658874511,133.22287963363766,141.10568984976902,154.80771142734037,142.56867533397255,36.99052286263388,0.703126859664917,141.1453196175396,0.7110934734344483,141.7260767668647,0.7038512706756592,50.727861191875114,0.7404220263163248,61.575052674991504,0.7310511906941732
0.3976193189620972,0.697822380065918,0.4971615791320801,0.7253840764363607,0.4529741287231445,0.7338163375854492,0.5396053791046143,0.6783360163370769,0.5179138660430909,0.6929720560709636,0.5965168952941895,0.7834700266520183,0.5980228424072266,0.7878311157226563,0.3952492237091064,0.6839842160542806,0.4750678539276123,0.7296002070109049,135.28289949395395,143.77943618405507,155.5232851303461,142.34783982870078,29.747773613420755,0.7067922115325928,139.47356664004548,0.7112861315409342,141.53877652527083,0.7039681116739909,49.81873156657049,0.7404015858968099,61.57227289632377,0.7309030214945476
0.3895237684249878,0.6952917098999023,0.4808061599731445,0.7181193669637044,0.45386323928833006,0.727130126953125,0.5377434253692627,0.6797896067301432,0.5050813674926757,0.6936150232950846,0.5849990367889404,0.785189692179362,0.605449628829956,0.789094352722168,0.401326060295105,0.677090326944987,0.46733469963073726,0.7226247469584146,133.40710842178737,147.55101745234688,162.1297650966062,142.1494930800752,34.59888836441098,0.6998575369517008,142.45637722435163,0.7081198851267496,148.68457665970053,0.7012071768442789,43.57002579919167,0.7413546880086264,65.8511550708736,0.7324896494547526
0.3895354986190796,0.6956690470377604,0.4811131477355957,0.7181657155354818,0.45372519493103025,0.727119255065918,0.5389876365661621,0.6787335713704427,0.5051455020904541,0.6929216384887695,0.5856517314910888,0.7849221547444661,0.601960563659668,0.7915496826171875,0.40150399208068843,0.6771397272745768,0.467419171333313,0.7226424853006999,133.11077087990665,147.80571980739188,161.58839471074333,141.50114405253885,34.61820742751042,0.6998911062876383,141.76891947605452,0.7077820618947347,148.46991844350913,0.7006880283355712,45.53147574210363,0.7422356605529785,66.27712841726854,0.7318278630574544
0.4209749698638916,0.7072422663370769,0.46657619476318357,0.729914665222168,0.43807430267333985,0.7387696584065755,0.5345512866973877,0.6762634913126627,0.5389923572540283,0.6807998021443685,0.6065291404724121,0.7835978190104167,0.6057510375976562,0.7877636591593424,0.4119874119758606,0.6892436027526856,0.45232524871826174,0.7343421618143717,152.09616190486614,150.81068193425287,141.16692851132177,141.5600753234237,48.189360968020154,0.7117928822835287,148.29250519735666,0.7075709819793701,144.76531384385405,0.7053028265635173,58.030735027389206,0.7342817306518554,56.15439595398924,0.7299306551615397
0.4201811790466309,0.7078056335449219,0.4677471160888672,0.7294811248779297,0.4457414150238037,0.7389045079549154,0.534883689880371,0.6763395309448242,0.5387971878051758,0.6808533986409505,0.606233549118042,0.7869025548299153,0.605716323852539,0.7877480189005533,0.40791969299316405,0.6892462412516276,0.45674426555633546,0.7341928164164225,150.64287832900624,149.28884079039884,141.82118660764098,142.2580361974161,42.631826572514456,0.711719528834025,146.97366911772085,0.7075231075286865,143.4842947372027,0.7052661736806234,57.95223862457845,0.7343007087707519,57.16455173816266,0.7316210428873697
0.420281982421875,0.7081030527750651,0.46813201904296875,0.729327392578125,0.43813166618347166,0.7385494867960612,0.5350190162658691,0.6763397216796875,0.5387157917022705,0.6808711369832356,0.6064457893371582,0.7835845311482748,0.605625057220459,0.7877332687377929,0.40829036235809324,0.6892439524332682,0.4531318426132202,0.7339384396870932,151.8716767392643,150.69192559724937,141.4830390358512,141.60723538681384,44.90593644922401,0.7115911960601806,148.19854638405982,0.7074047883351644,144.87778348334814,0.7051390806833904,57.94820643868452,0.7343022028605143,56.335744571285844,0.7299621264139811
0.4191888809204102,0.7085972468058268,0.4761000633239746,0.7297388712565104,0.44603619575500486,0.7389012654622396,0.5355406761169433,0.6763686498006185,0.5386976718902587,0.6808264414469402,0.6060907363891601,0.7870499928792317,0.6056122779846191,0.7878895441691081,0.4116452932357788,0.6889208793640136,0.4610681295394897,0.7343200683593749,149.07507520622292,147.89651547427613,142.3406460836302,142.49525216142007,42.57018701755156,0.7116204738616942,145.42971897921925,0.7075732549031575,142.11143993116715,0.7053443590799967,57.9945525659563,0.7343579928080242,57.485911127173566,0.7317093213399251
0.4303623676300049,0.7131980260213217,0.46637496948242185,0.7222222010294597,0.4376500606536865,0.7316274007161458,0.5349250793457031,0.67623291015625,0.538678503036499,0.6808138529459635,0.6059545040130615,0.7869468688964844,0.6055771350860596,0.7878281275431315,0.4161351561546326,0.6892362276713053,0.4520125150680542,0.7269248008728028,155.91637256930034,154.80581235811815,143.64419396344832,143.98336382954943,46.410353557978304,0.7080805142720541,151.98463055421075,0.7038693269093832,148.55881261147618,0.7015788555145264,57.98895349520755,0.7343209902445476,57.31747441672983,0.7315898895263672
0.42133316993713377,0.7061929702758789,0.45763702392578126,0.7222316106160481,0.44514689445495603,0.7382691065470378,0.5346109390258789,0.6762730280558268,0.5387535572052002,0.6808493932088217,0.6061264514923096,0.7872311909993489,0.6056629180908203,0.788049062093099,0.41209274530410767,0.6892525990804037,0.4513919591903687,0.730250358581543,154.30852189741347,153.0791865039608,142.50942966091867,143.01904872289103,46.21181383612261,0.7097514788309733,150.51284364913596,0.7055498758951824,147.03183101536993,0.7032616933186848,58.029386955201936,0.7344492276509603,57.197133851012595,0.7317521095275878
0.4223920822143555,0.7129984537760417,0.4762759208679199,0.7227591832478841,0.4376652717590332,0.7318600336710612,0.5372825622558594,0.6794888178507487,0.5386549472808838,0.6806985855102539,0.6060075759887695,0.7872835159301758,0.6053523540496826,0.7878857294718424,0.4155511975288391,0.6895089785257975,0.4569705963134766,0.7273096084594727,154.38350975612448,153.9344468105345,144.09951479862897,144.44006436299208,42.384548457269695,0.7084092934926352,150.28989684810372,0.7040040969848633,149.22882701556696,0.7033992131551107,58.107981320345004,0.7342921574910481,57.48026201558663,0.7333861668904622
0.43621373176574707,0.7318500518798828,0.4804316520690918,0.7182219823201498,0.42023272514343263,0.7276497522989909,0.5408873558044434,0.6792778015136719,0.4838104724884033,0.7053574244181315,0.6086816310882568,0.7884799321492513,0.607164716720581,0.7885332107543945,0.41079841852188115,0.694723637898763,0.45033218860626223,0.7229358673095703,144.01084553852914,161.03174886119467,168.7066293740799,144.31827497048175,35.51254806405608,0.7088297526041667,152.2973826721181,0.7141466458638509,154.26055520300395,0.7011068344116211,33.991155503851594,0.746945317586263,58.167386518484584,0.7338788668314615
0.44464693069458006,0.73380921681722,0.48970847129821776,0.717829704284668,0.420335578918457,0.7275459289550781,0.5423667907714844,0.6795213699340821,0.4758292675018311,0.695598030090332,0.6082465648651123,0.7894901911417643,0.6070065021514892,0.7899120966593425,0.41653113365173344,0.695236619313558,0.4550220251083374,0.722687816619873,127.17810164943413,160.81971440533812,168.1448399347988,144.4809428912349,35.49596588046793,0.7089622179667154,127.52730413589087,0.7091429233551025,153.7010677301928,0.7011045932769775,35.715454040121855,0.7427550633748372,59.075151274994425,0.7345057805379231
0.44458751678466796,0.7351797739664714,0.49020209312438967,0.7175067901611328,0.4200153350830078,0.7272933959960938,0.5424449443817139,0.6799767176310222,0.46688337326049806,0.7027352650960287,0.6087968349456787,0.7894721349080404,0.6074428081512451,0.7898485819498698,0.41732308864593504,0.6953604062398275,0.45510871410369874,0.7224000930786133,112.44796430458854,161.10126000977485,172.09313695114605,144.7922241015123,35.58780370167998,0.7088802496592204,120.91180242644822,0.712567679087321,154.09194166473634,0.7011884053548177,31.789038281930335,0.7462919235229493,58.78502957494117,0.7347244262695313
0.4456461429595947,0.7352988560994466,0.49036970138549807,0.7174119313557943,0.4202366828918457,0.7273164749145508,0.5426366329193115,0.680082893371582,0.46683292388916015,0.7034596125284831,0.6086628913879395,0.7893398920694987,0.6073564052581787,0.7897485733032227,0.41738846302032473,0.6974426905314128,0.4553031921386719,0.7223642031351725,114.44038301406165,162.05778299231864,172.34899450907454,144.73742907791564,33.317088592815374,0.7099034468332927,121.37862174917413,0.7129119078318278,154.16667989390197,0.7012235482533773,31.552158503108668,0.7466040929158528,58.85456541493412,0.7347113927205404
0.44637284278869627,0.7383950551350912,0.48848867416381836,0.7105548858642579,0.41096296310424807,0.727259635925293,0.5423309803009033,0.6799881617228191,0.45709662437438964,0.7031385421752929,0.6086149692535401,0.7893447875976562,0.49988493919372556,0.7708150227864583,0.4180989384651184,0.6980683008829752,0.4497258186340332,0.7189072608947754,107.64520204641983,165.4849033406645,168.28454919386036,145.12948169050574,33.38089817478495,0.7084877808888753,115.05289743049998,0.7110229015350342,157.20448329093463,0.6994477113087972,57.69696376207367,0.7369767824808756,58.778820745239585,0.7346664746602376
0.39773011207580566,0.7002522150675455,0.4945652961730957,0.7327533721923828,0.4777699947357178,0.7425700505574544,0.5208211421966553,0.6812343597412109,0.5289389610290527,0.6929361979166667,0.6049679279327392,0.781438700358073,0.6058641910552979,0.7868397394816081,0.38979125022888184,0.6904897371927897,0.4861676454544067,0.7376617113749186,132.71328367536142,125.59557430782594,151.65973012010633,150.25037750426947,26.079699687843934,0.7140757242838542,133.72054015752795,0.7152989546457926,121.5551623025314,0.7094480355580648,50.67586708422175,0.7398879686991374,49.97807600007575,0.7313365300496419
0.39191858768463134,0.6992841720581054,0.4942821502685547,0.732753308614095,0.4776310443878174,0.742603874206543,0.5284325122833252,0.6812731424967448,0.5288473129272461,0.6929831822713216,0.6048770904541015,0.7813655853271484,0.605797004699707,0.7868699391682943,0.38967850208282473,0.6904416084289551,0.4859565973281861,0.737678591410319,132.77335035225488,130.7618849923141,151.6549502417069,147.5418775023404,26.13398367949726,0.714060099919637,133.81959963491164,0.7153308868408204,126.98144031736447,0.7094758669535319,50.66191527840925,0.739926560719808,52.62958876783984,0.7313193639119466
0.39001419544219973,0.6918732325236002,0.4931177616119385,0.7327678680419922,0.477870512008667,0.7420647303263347,0.5210508346557617,0.6813802083333333,0.5291249275207519,0.6927607854207357,0.608972692489624,0.7813271840413412,0.6058329105377197,0.7868232091267904,0.40829824209213256,0.6833751996358236,0.48549413681030273,0.7374162991841635,129.89330089375926,123.41009660416123,151.51861762852374,150.9137784644778,34.99399934108547,0.7103957494099935,134.3350081858192,0.7150885423024496,122.39643781957875,0.7093982537587484,50.8027281950986,0.739791997273763,48.66239498050475,0.7313536961873373
0.3952299118041992,0.7042266845703125,0.4880231857299805,0.7186273574829102,0.45263400077819826,0.7288290023803711,0.511297607421875,0.6805969874064127,0.5034963130950928,0.6937843322753906,0.6052906513214111,0.7861019134521484,0.6090785503387451,0.78662535349528,0.3937291741371155,0.6878045717875163,0.4703285932540894,0.7237281799316406,134.80604025743605,137.03542812420076,163.05945989998077,156.501827499573,25.12564572106233,0.7057663758595785,137.92424772335133,0.7087562561035157,133.52727579149126,0.7021625836690266,41.32594967501326,0.7402048428853353,48.30254805265993,0.7333494504292806
0.3958798885345459,0.7043578465779622,0.48831768035888673,0.7183636983235677,0.45240159034729005,0.7284920374552409,0.5349431514739991,0.6791309356689453,0.5333797454833984,0.6803547541300455,0.6056670188903809,0.7837485631306966,0.6090607166290283,0.7865538914998372,0.3940719962120056,0.6877603530883789,0.4703596353530884,0.7234278678894044,148.69107354555587,149.05973466538103,149.94627611312848,148.0871244154415,25.05796464808968,0.7055941104888916,145.64809462881902,0.7018913110097249,145.55431767807713,0.7012794017791748,54.525087575729806,0.7334543228149414,55.940422813566904,0.731439749399821
0.39551026821136476,0.7044519424438477,0.48869953155517576,0.7184478123982747,0.4523911476135254,0.7285978317260742,0.5351824760437012,0.6792257944742839,0.5029081344604492,0.6937432607014974,0.6057271003723145,0.7838858922322591,0.6090794563293457,0.786631711324056,0.3941507458686829,0.6876650174458823,0.4705453395843506,0.7235228220621744,134.1815684644394,149.000885481017,163.30910170271085,148.0436914967502,25.144243419811946,0.7055939197540284,137.38039271029933,0.7086330413818359,145.5764365084878,0.7013743082682291,41.18242350833982,0.7401874860127766,56.01863015701078,0.7315558433532715
0.3988179206848145,0.7097142537434896,0.4882795333862305,0.7179696400960286,0.443806791305542,0.7285057067871094,0.5343172073364257,0.6786242802937825,0.5027027606964112,0.6938127517700196,0.58367919921875,0.7711594263712566,0.6089430332183838,0.7870797475179037,0.39439178705215455,0.6902295748392742,0.4660431623458863,0.723237673441569,139.35285384910486,151.57876844605656,162.7937349006885,140.24192409367186,24.734409174765894,0.7067336241404216,141.2476394019553,0.7085252126057943,146.83755712470818,0.7009309768676757,41.2794891049984,0.7404462496439617,61.92273415182516,0.7248918533325195
0.4341273307800293,0.7252582550048828,0.4877917289733887,0.7177687962849935,0.42274746894836424,0.7348549524943034,0.5237189292907715,0.6763980865478516,0.48324899673461913,0.699284553527832,0.6091138839721679,0.7843433380126953,0.6090063095092774,0.7851665496826172,0.40400080680847167,0.6917439778645833,0.4552695989608765,0.7263118743896484,130.55618885195625,151.20471809885265,166.61833948148288,149.0142785383326,33.989751974731966,0.7090279261271158,135.99159782292227,0.7127982139587402,143.90017615112873,0.70135498046875,34.32989198047911,0.7422255516052246,51.6526531170682,0.7303707122802734
0.434615421295166,0.7248302459716797,0.480912446975708,0.7178889592488606,0.43095245361328127,0.7346261978149414,0.5359398365020752,0.6766377131144206,0.4848177433013916,0.6988808314005533,0.6091667175292969,0.7840667088826497,0.6090953350067139,0.7851450602213542,0.40384571552276616,0.6922611872355142,0.45593245029449464,0.726257578531901,131.86223094743622,154.93852000471978,166.26506726137387,144.9490111861424,33.13200599778229,0.7092593828837076,136.53589538250498,0.7125692049662271,148.19318063035638,0.7014476458231608,34.765495696567754,0.7420129458109538,55.72046413603884,0.7303522109985352
0.41449713706970215,0.7188803354899088,0.4959856033325195,0.7247564315795898,0.44948654174804686,0.7354700088500976,0.5360959529876709,0.6786628723144531,0.5368565082550049,0.6812054951985677,0.6087945461273193,0.7838878631591797,0.6090539932250977,0.7860075632731119,0.40468941926956176,0.6920045852661132,0.47273607254028316,0.7301132202148437,147.33663934686373,146.7196212442578,146.8577786321395,146.20560664310264,29.25043463568904,0.7110589027404784,142.66550045862914,0.7056593577067056,140.9222434498207,0.7043880462646483,55.437288215878375,0.7336065292358398,55.35990375320635,0.7312753677368165
0.4129806041717529,0.7176230112711589,0.49553990364074707,0.7248147328694662,0.45006871223449707,0.7353366851806641,0.5339774131774903,0.6764091491699219,0.5365668773651123,0.6818545023600261,0.6086485862731934,0.7838129679361979,0.6089723110198975,0.7858422597249349,0.40019325017929075,0.6918349266052246,0.47280430793762207,0.7300757090250651,147.08686546351095,145.31719970646208,147.1202066838504,146.3912320510384,27.773637930372953,0.7109553178151449,142.9011694699837,0.7059651056925456,138.7398436298538,0.7032424290974935,55.15096616784137,0.7338483810424805,55.19152101286514,0.7301110585530599
0.4123030185699463,0.7173174540201823,0.4972396373748779,0.7254683812459309,0.4505053997039795,0.7424253463745117,0.5354394912719727,0.6793765385945638,0.5006306171417236,0.6948712666829427,0.608615493774414,0.7837797164916992,0.608877420425415,0.7856663386027019,0.4010158538818359,0.6887997309366862,0.4738725185394287,0.7339468638102213,120.91460232935874,142.45751063012966,160.97230705399528,145.32277254835185,31.785277896502446,0.7113732973734538,124.40247446336897,0.714409065246582,138.44759564197128,0.7066617012023926,39.98919502761699,0.7402688026428224,54.97345428263878,0.7315781275431315
0.46005754470825194,0.7323853810628255,0.48558578491210935,0.7106590270996094,0.4269270420074463,0.7205320358276367,0.5407609462738037,0.6789255777994792,0.48517656326293945,0.6980986913045247,0.6091899871826172,0.7880066553751628,0.6087656021118164,0.7882062911987304,0.4344403862953186,0.6958744049072265,0.45625641345977785,0.7155955314636231,146.31559134645136,165.59947036496234,169.3640303947463,147.43764418571783,42.11276921962369,0.7057349681854248,148.82584493760163,0.706847111384074,156.54201705899115,0.6972605546315511,36.09543643870724,0.7431524912516276,57.899016236236754,0.733466116587321
0.45382280349731446,0.7330523173014323,0.4868624687194824,0.7104564666748047,0.42679266929626464,0.7203830718994141,0.541327428817749,0.6791509628295899,0.4847823143005371,0.698323122660319,0.6094502449035645,0.788232167561849,0.6089049339294433,0.788328488667806,0.4350510716438294,0.6958007494608561,0.4568275690078735,0.7154197692871094,145.64719443705474,165.67401996906227,169.66683247678375,147.4900066582332,42.01652205156376,0.7056102593739828,148.55075351829598,0.7068714459737142,156.7701506199646,0.6972853660583496,35.9470938873412,0.7433258056640626,58.0146161320008,0.7336915651957194
0.44588561058044435,0.7399823506673177,0.4951756477355957,0.7053155899047852,0.42803292274475097,0.7175462722778321,0.5429137229919434,0.6802821477254232,0.484650707244873,0.7162923177083333,0.6124170303344727,0.788491948445638,0.6113848686218262,0.7877174377441406,0.42256177663803096,0.6975746154785156,0.46160428524017333,0.7114309310913086,175.13501766571014,167.2151338346689,177.58589822189938,149.7784287054027,19.539942381184503,0.7045027732849121,11.911291539722772,0.713861624399821,159.03869351706277,0.6958565394083659,29.404834731961653,0.7520048777262369,57.28730971001399,0.7343870480855306
0.4519024848937988,0.7403379440307617,0.4953914642333984,0.7050022125244141,0.41927299499511717,0.7174156824747722,0.5430212020874023,0.6803558985392253,0.47605142593383787,0.7171934127807618,0.612552547454834,0.7884822209676107,0.6114671707153321,0.7876995086669922,0.4231947064399719,0.6975931803385416,0.4573322296142578,0.7112089474995931,177.3832105408646,168.38410886353594,178.8888654436405,149.20879427431345,21.744608351474476,0.7044010639190673,17.728906597228008,0.7142011801401774,160.19815286297924,0.6957824230194092,27.50436779164337,0.752446460723877,57.25668815009178,0.7344190597534179
0.44709124565124514,0.7408440907796224,0.4899080753326416,0.7055304845174154,0.4115296363830566,0.7177063624064127,0.5433026313781738,0.680250612894694,0.47505993843078614,0.7180444717407226,0.6128734588623047,0.7885339101155598,0.6116097450256348,0.7876895904541016,0.4238391160964966,0.695218817392985,0.4507188558578491,0.7116184234619141,170.7693849092972,168.42505147243818,178.2822008915203,148.09688758891753,31.38779667568009,0.7034186204274495,14.788683070434324,0.7148314476013183,161.28338248167307,0.6959345181783041,27.023152382737447,0.7528670310974122,57.27970120981655,0.7343922615051269
0.45542445182800295,0.7355605443318685,0.46950736045837405,0.6913896560668945,0.41485037803649905,0.7026562372843425,0.5414463520050049,0.680666987101237,0.48185439109802247,0.6852418263753255,0.5468700885772705,0.7483676274617513,0.6125602722167969,0.7882994969685873,0.43403172492980957,0.6955836613972982,0.44217886924743655,0.6970229466756185,175.66443894865841,178.54974076265162,169.924078276742,120.7055279675904,10.018577597431797,0.6963033040364583,163.461911030827,0.6911323865254719,170.64363719989,0.6888449668884278,38.25472052694361,0.7367706616719564,85.41961597180169,0.7145173072814941
0.44527058601379393,0.739661979675293,0.4963692188262939,0.7058552424112956,0.42963552474975586,0.724176025390625,0.5430774688720703,0.6798060099283855,0.48626127243041994,0.7090426127115885,0.572624683380127,0.7705693562825521,0.6093290328979493,0.7896595001220703,0.4227661371231079,0.6981208801269532,0.4630023717880249,0.7150156339009603,155.83746091582532,164.92017076129662,173.79970391947987,134.90690675249073,22.777001074391535,0.7065682570139568,165.59734114829914,0.7120291233062744,156.2645458195092,0.6974108219146729,33.227243564433486,0.7493510564168294,71.96779342957441,0.7251876831054688
0.45334773063659667,0.7404136021931966,0.48846864700317383,0.7058435440063476,0.4381812572479248,0.7157713572184244,0.5425371170043946,0.6802544275919596,0.47916183471679685,0.7091076532999675,0.612328290939331,0.7889373143513997,0.6115580081939698,0.7883031209309895,0.4452221870422363,0.7012574195861816,0.4633249521255493,0.710807450612386,160.85033172688748,171.0868634661922,176.71378180759663,150.3769780532968,27.81368324759301,0.7060324350992838,173.8738074833638,0.7099575519561767,158.90781197155127,0.6955309391021729,30.886613228822675,0.7487053871154785,57.29328049366166,0.7345958709716797
0.45199017524719237,0.7400037765502929,0.49601144790649415,0.7053107579549154,0.4391284942626953,0.715733019510905,0.5431217193603516,0.680125872294108,0.4796010971069336,0.7087984720865885,0.6121638298034668,0.7887203216552734,0.6096327304840088,0.7896085739135742,0.44115779399871824,0.7012733141581218,0.46756997108459475,0.7105218887329101,160.77260617440936,169.80116096980302,177.24529107496113,150.85251746305693,19.298380125564393,0.7058976014455159,171.84803670933627,0.7096601804097493,158.08406650922774,0.6953238805135091,31.859502305333287,0.7492035230000813,57.55264110704497,0.7344230969746908
0.45270528793334963,0.7410858790079753,0.4891669750213623,0.7058193206787109,0.4296851634979248,0.7158512115478516,0.5432181835174561,0.6801364898681641,0.4706244468688965,0.7102759679158529,0.6125574588775635,0.7890379587809245,0.6099067687988281,0.7895158131917318,0.4383388996124268,0.7014283180236817,0.4594260692596436,0.7108352661132813,161.8154649292664,171.35457880633996,177.96712014610213,149.53850119455043,24.041563453455453,0.7061317920684815,177.14076254809265,0.710555617014567,159.87876612780983,0.6954858779907227,29.63621045273325,0.7498958905537924,57.51445232029854,0.7345872243245444
0.4519853115081787,0.7404246012369792,0.48917245864868164,0.7060373942057292,0.42996988296508787,0.7160858790079753,0.5429057121276856,0.6795729319254558,0.47841501235961914,0.7093493779500325,0.6120774269104003,0.7891437530517578,0.6098836421966553,0.7898311614990234,0.433657705783844,0.7014573415120442,0.45957117080688475,0.7110616366068523,164.8078937802076,170.62796265605988,176.1823515810683,149.37621187527347,20.336192796231312,0.7062594890594482,174.80803743262416,0.7102055072784423,159.30047795672027,0.695317284266154,31.47391840360431,0.749590269724528,57.73591108638825,0.7343583424886068
0.45419883728027344,0.7456935246785482,0.4883874893188477,0.6978784561157226,0.4097716808319092,0.7089344024658203,0.5436243057250977,0.6800270716349284,0.4601263523101807,0.7168854395548503,0.6115622043609619,0.7904395421346029,0.6100857734680176,0.7897231419881184,0.4387165665626526,0.6984057744344077,0.44907958507537843,0.7034064292907715,170.13527021017933,176.04709701918557,177.71047421304053,149.7799374983546,25.759544493590983,0.7009061018625895,50.66355477010061,0.7101459344228109,166.1103336622135,0.6917167504628499,25.906591251436502,0.7533042907714844,58.39559818268642,0.7352333068847656
0.40900683403015137,0.6971591949462891,0.45726861953735354,0.7262460708618164,0.4448863506317139,0.7412714004516602,0.5350006103515625,0.676921272277832,0.5414124488830566,0.6817575454711914,0.6015419960021973,0.7807360331217448,0.6007938385009766,0.7848293304443359,0.3789707541465759,0.6886367479960124,0.4510774850845337,0.7337587356567383,152.4981358464851,150.1859188419094,138.78228167923106,139.99750912833505,32.036959537556186,0.7111977418263753,150.07318023184953,0.7077581405639648,145.89193215057077,0.7053400039672852,60.05303162187763,0.7332934379577636,57.34164479332023,0.7288286526997885
0.4094590187072754,0.6977456410725912,0.45725250244140625,0.726202646891276,0.4442768573760986,0.7354166030883789,0.5352547645568848,0.6769683202107747,0.5416493892669678,0.6817616144816081,0.6015574932098389,0.7807541529337565,0.6008080005645752,0.7848044077555338,0.38225990533828735,0.688586171468099,0.45076467990875246,0.7308096249898275,154.0971957596618,151.83516711270502,139.65270291896041,140.8976790022462,31.64792900680285,0.7096978982289632,151.64546797869582,0.7062856197357178,147.49267612586715,0.703888972600301,60.1391373958041,0.733283011118571,57.42785867109799,0.7288612365722655
0.40999689102172854,0.697338612874349,0.45644378662109375,0.7260734558105468,0.43683605194091796,0.7347352981567383,0.5351486682891846,0.676872189839681,0.5419013500213623,0.6816583633422851,0.6014285564422608,0.7807407379150391,0.6007960319519043,0.7848124821980794,0.3785753607749939,0.6887207349141439,0.4466399192810059,0.7304043769836426,155.3768031583347,153.16101669357838,139.1637760938961,140.55670639992718,31.48385759935163,0.7095625559488932,152.90082140945333,0.7060313701629639,148.83345791239037,0.7036382834116618,60.27628036516375,0.7332354227701823,57.45751643622026,0.72880646387736
0.408387565612793,0.6964725494384766,0.4567588806152344,0.7264595667521159,0.44626007080078123,0.7350332895914714,0.5294259548187256,0.6795979181925456,0.5423435688018798,0.681611442565918,0.6018024444580078,0.780910873413086,0.6053476810455323,0.7850805918375651,0.40148833990097044,0.6812935511271159,0.4515094757080078,0.7307464281717937,151.46035733816328,147.4763115627598,140.7906679845139,143.99931857676245,44.67269366489858,0.7060199896494548,151.58966604047546,0.7061789353688559,146.7169811431523,0.7051721731821696,58.66205907470283,0.7333460172017415,54.45854279716103,0.7302543958028158
