0,1,2,3,4,5,6,7,8,9,10,11,12,13,14,15,16,17,18,19,20,21,22,23,24,25,26,27,28,29,30,31
0.4555816173553467,0.8406667073567708,0.4390674114227295,0.7286019007364909,0.3626188993453979,0.7484938939412434,0.4143994808197021,0.7127627690633138,0.34804210662841795,0.7432833989461263,0.4049384593963623,0.6870559056599935,0.37615532875061036,0.6910850524902343,0.4347521305084228,0.7969885508219401,0.4008431553840637,0.7385478973388672,143.10247273109283,138.682448025102,124.21255856598779,155.24730279445518,59.87644017814206,0.7677682240804036,174.87509652615555,0.7409156481424968,117.73279110492368,0.7256553332010904,118.30621864149037,0.7171842257181803,69.79462662980013,0.6999093373616536
0.46404242515563965,0.8444983800252278,0.4382528781890869,0.7278621037801106,0.3625368356704712,0.7490195592244466,0.4249883651733398,0.7186309178670247,0.3622272253036499,0.7422967910766601,0.414438533782959,0.6917029062906901,0.38836514949798584,0.6927364349365235,0.43937681913375853,0.796727720896403,0.40039485692977905,0.7384408315022786,139.02724873642876,118.41218472988712,137.44684069571994,141.8814732205251,56.225604473297764,0.7675842761993408,174.23115523654374,0.7403688112894693,141.14877832044908,0.7285358746846516,117.80697654138855,0.7175166130065918,68.60579359425542,0.7051669120788574
0.4522830963134766,0.8531657536824544,0.43319129943847656,0.7327070236206055,0.3563682556152344,0.7543125788370768,0.3897629499435425,0.6655630747477214,0.35480048656463625,0.7500317255655925,0.4064511775970459,0.6907772699991862,0.3843186140060425,0.7055619557698568,0.43893659114837646,0.798245112101237,0.39477977752685545,0.7435098012288411,140.92035520832908,163.347263609319,131.0125551969491,45.97911544560665,51.1057156400382,0.7708774566650392,170.7348063426894,0.7467707633972168,86.31739352461368,0.7045364379882812,123.57539688401621,0.7277968406677247,56.50108100772727,0.6781701723734538
0.45275130271911623,0.8517169316609701,0.4318570137023926,0.7282555262247722,0.35599730014801023,0.7549893061319987,0.41937623023986814,0.7177706400553385,0.3540749788284302,0.7500424067179362,0.4074250221252441,0.6863949457804362,0.3853380441665649,0.6911609649658204,0.4405355930328369,0.79885835647583,0.3939271569252014,0.7416224161783854,138.62075031304047,118.51945094594262,142.3741447406357,145.41370297173884,50.84334543866706,0.7702403863271077,168.0699672604875,0.7458324114481608,136.8556756487581,0.7296965281168619,117.96603989420657,0.7206016858418782,69.14783408186388,0.7020827929178874
0.4520083427429199,0.856082534790039,0.42908005714416503,0.7375157038370769,0.35113985538482667,0.7675408045450847,0.42880959510803224,0.7299251556396484,0.3540386915206909,0.7701168060302734,0.42654004096984866,0.7040417353312175,0.38787643909454345,0.7284238179524739,0.4383488893508911,0.7944380442301432,0.39010995626449585,0.7525282541910807,137.91443980456026,111.87652171555767,135.64353835077722,138.06973832229917,40.983979524332625,0.773483149210612,154.00587651980265,0.7613225301106771,149.7123012791767,0.7412267049153646,129.06255088320702,0.7492703119913737,84.98891013712765,0.7169834454854329
0.45214085578918456,0.8558617273966471,0.42810869216918945,0.7369977315266927,0.34987750053405764,0.7612024943033854,0.42867441177368165,0.7355159123738607,0.3543769359588623,0.7694164911905924,0.42088747024536133,0.7089532852172852,0.38808088302612304,0.7282400131225586,0.43812558650970457,0.791946824391683,0.38899309635162355,0.749100112915039,134.53373756160366,99.38995644200601,138.19488924003622,125.19614150309783,41.09053471757571,0.770523468653361,149.59113815784013,0.7592583020528156,161.1022622093375,0.7423080126444499,129.30115843577454,0.7488282521565754,73.66128765104048,0.722234598795573
0.456740140914917,0.8559897740681967,0.42834129333496096,0.7326132456461588,0.34923837184906004,0.7616648356119792,0.42820005416870116,0.7299123128255208,0.36038644313812257,0.7623967488606771,0.42035708427429197,0.7040323257446289,0.39398057460784913,0.7182067235310873,0.43999165296554565,0.7914580345153808,0.3887898325920105,0.747139040629069,131.70073395588778,102.76485719770582,152.92840186932975,126.9249920739966,40.878631005893254,0.7692985375722249,151.7562356290438,0.754767894744873,156.3892267855111,0.738525676727295,127.24281528788202,0.7403017361958821,73.1404868797826,0.7169723192850749
0.4557255744934082,0.8521991729736328,0.43358826637268066,0.7438027699788411,0.3503638505935669,0.7678000132242838,0.4407533645629883,0.7486714045206706,0.36133203506469724,0.7750170389811198,0.4322702884674072,0.728558603922526,0.39779622554779054,0.755543835957845,0.43944969177246096,0.7899303436279297,0.3919760584831238,0.7558013916015625,137.1016281221985,100.12606362804992,154.42997824480906,101.19368770232904,35.712482821195465,0.7728658676147461,147.90981222991226,0.7654092152913412,171.6837285522566,0.7522363980611165,151.8961626499231,0.7652804374694824,67.1311998016115,0.7386150042215983
0.4553387641906738,0.856247075398763,0.43372535705566406,0.7420783996582031,0.35020296573638915,0.7667389551798502,0.4343122959136963,0.7415374120076498,0.36095213890075684,0.7687539418538412,0.4269838333129883,0.7100657145182292,0.39938356876373293,0.7340885798136393,0.43904038667678835,0.789606221516927,0.39196416139602663,0.7544086774190266,140.22499672406607,101.28849815872586,152.10911517321827,128.59199455538243,36.784411561943045,0.7720074494679768,155.17610427659903,0.7615813096364339,163.09390810093234,0.7479730447133381,137.9493656521853,0.7514212608337403,76.8917637759378,0.7258015632629395
0.45738954544067384,0.8599459966023763,0.4276373863220215,0.729887326558431,0.3502938747406006,0.7613804499308269,0.3906528949737549,0.6629136403401693,0.3662722587585449,0.7694388707478841,0.4334119319915771,0.705128288269043,0.39972667694091796,0.7193042755126953,0.4394721150398254,0.7929407437642415,0.38896563053131106,0.745633888244629,115.83054307784074,158.25263011618478,168.51521574020026,93.02296469284225,43.12643254935341,0.7692873160044352,133.63052198263458,0.7575363794962565,91.16851351882384,0.7042737642923991,123.71486808387259,0.7443715731302897,44.6329361201365,0.6840209643046061
0.45651917457580565,0.8611142476399739,0.4290910720825195,0.7305675506591797,0.3508904457092285,0.7610318501790364,0.39005634784698484,0.6626193364461263,0.36109461784362795,0.7696051279703776,0.4329511642456055,0.7109835306803386,0.3948319673538208,0.7196127573649088,0.4376078724861145,0.7936311721801759,0.389990758895874,0.745799700419108,123.08448414157391,160.00615454931867,156.46063195377874,92.54806536501025,45.128674487937076,0.7697154362996419,140.5173741085981,0.7577024141947428,90.0451785628603,0.7042095184326171,124.01344392208006,0.7446089426676432,48.42977499108157,0.6868014335632324
0.45625996589660645,0.8615318298339844,0.42933034896850586,0.7307013193766276,0.3502004861831665,0.7557154973347981,0.3908152341842651,0.6629367192586263,0.3542547941207886,0.7636234283447265,0.4189173221588135,0.6989196141560873,0.39031567573547366,0.7118980407714843,0.4381721496582031,0.7960291226704916,0.38976541757583616,0.7432084083557129,128.990783258486,159.6641449751383,146.12415611401502,71.34312295243309,47.49677788002455,0.7696187655131023,150.10544967438943,0.7534159183502197,90.7492882305585,0.7030725638071695,124.88267412794153,0.7377607345581054,52.01071043508731,0.6809281667073568
0.45307106971740724,0.8603453954060872,0.41510610580444335,0.724637222290039,0.35867695808410643,0.7550076166788737,0.37656166553497317,0.683067258199056,0.36459639072418215,0.7577494303385417,0.41210365295410156,0.7115894317626953,0.3875739097595215,0.7193290074666341,0.4361081480979919,0.8029163996378581,0.3868915319442749,0.7398224194844564,108.92144924587646,163.89507954066056,151.0253600485593,93.01814800345852,52.043899424860115,0.7713694095611572,141.19803792210797,0.748785924911499,79.68465249678944,0.7114448388417562,120.88173717338975,0.7385392189025879,38.74677686179432,0.6973283449808756
0.45299420356750486,0.8602693557739258,0.4156360626220703,0.7245922088623047,0.358506441116333,0.7552959442138671,0.3767897367477417,0.6830718994140625,0.36420750617980957,0.7577210744222005,0.41139993667602537,0.7043142318725586,0.3880486965179443,0.7190537770589193,0.4359612941741943,0.8028837521870931,0.38707125186920166,0.7399440765380859,109.94746019744805,163.96400079710972,151.02204152591955,92.78603983056296,52.16078958427792,0.7714139143625895,142.13425391756655,0.7488325754801433,79.75258504183977,0.7115079879760742,121.65684004051414,0.7383874257405598,31.539909028437307,0.6936930656433106
0.4528341293334961,0.8604249954223633,0.41759481430053713,0.7260752995808919,0.3582994222640991,0.755474599202474,0.37736966609954836,0.6830115000406901,0.35615274906158445,0.7498479207356771,0.4114845752716064,0.703704833984375,0.3883101224899292,0.7184407552083333,0.4342154741287232,0.8013013203938801,0.3879471182823181,0.7407749493916829,130.6831242022463,164.7095933846797,135.2549724053369,91.17321649132215,52.60451013747226,0.7710381348927815,164.0731560576576,0.74531143506368,79.62315124189675,0.7118932247161864,135.6761907119937,0.7341443379720052,31.24005482665964,0.6933581670125326
0.45275607109069826,0.8609286626180013,0.41713638305664064,0.725137201944987,0.3532208681106567,0.7552335739135743,0.38655967712402345,0.6641078313191732,0.35571238994598386,0.7498517990112304,0.4116335391998291,0.7038031260172526,0.3832640409469604,0.7102359135945638,0.4357262372970581,0.8013689676920573,0.3851786255836487,0.7401853879292806,129.06231310215645,159.25262822432742,141.52477515576103,68.3012063458763,50.43774136209754,0.7707771778106689,161.83790113998262,0.7450185934702556,91.03998784704747,0.7021466096242268,124.81744607098281,0.7300438563028971,57.72110597933746,0.6839554786682129
0.4530601978302002,0.8608729680379231,0.41065673828125,0.7198208491007487,0.3589006900787354,0.7496570587158203,0.37745668888092043,0.6832871119181315,0.3797616004943848,0.6930330912272136,0.40272369384765627,0.6892267862955729,0.3838738203048706,0.7036411921183269,0.43809807300567627,0.805338700612386,0.38477871417999265,0.7347389539082845,159.4102309481482,161.67878012609137,19.522029247088103,98.29011305199724,52.93864156943869,0.7700388272603352,83.14042004016108,0.713886022567749,81.90071622546706,0.709013032913208,68.8112278329277,0.6983371416727702,13.22869472521701,0.6862569491068522
0.4529872894287109,0.8609714508056641,0.4095940589904785,0.7149174372355144,0.3597259521484375,0.7435916264851888,0.3773966312408447,0.6837008158365886,0.3802782535552979,0.6930637995402018,0.4051154136657715,0.6904524485270183,0.3842398881912231,0.7037076314290365,0.4380349278450012,0.805048688252767,0.384660005569458,0.7292545318603516,159.62081050936428,162.5077574829803,19.473127435243374,104.10767342744239,54.84645110267826,0.7671516100565593,83.09657953387597,0.7111591657002767,80.9406550372017,0.7064776738484702,69.58473153266358,0.6983857154846191,13.68931123348275,0.6870766321818034
0.4529720783233643,0.8609549840291341,0.4143876075744629,0.7152506510416666,0.3595928430557251,0.7436411539713542,0.37742726802825927,0.683669916788737,0.38032875061035154,0.6930178324381511,0.40636343955993653,0.6952167510986328,0.3842049837112427,0.7036741256713868,0.4379879832267761,0.8050056457519531,0.38699022531509397,0.7294459025065104,163.1203722177072,165.2752674265535,13.820682204202491,97.75502234517006,55.983290591321534,0.7672257741292318,79.63702055691093,0.7112318674723308,78.20017314639385,0.7065579096476238,70.0111126321266,0.6983459790547689,21.7542232836557,0.689443333943685
0.4532660484313965,0.8616727193196615,0.4092118740081787,0.7146904627482097,0.35973031520843507,0.7431599934895833,0.37717082500457766,0.6838895161946614,0.3803438901901245,0.6931013743082682,0.4061418533325195,0.6953545888264974,0.38841845989227297,0.7040728251139323,0.4381495714187622,0.805150318145752,0.38447109460830686,0.7289252281188965,159.28291361048292,162.51095770442836,45.37668497194203,101.25252000287317,54.846407277138866,0.7670377731323242,83.4280263307011,0.7110133012135824,80.79246778832892,0.706407372156779,53.64834795285517,0.6985870997111003,21.59082024961867,0.6896220525105794
0.4530620098114014,0.861705462137858,0.41537017822265626,0.7155363082885742,0.35976352691650393,0.7434115727742513,0.37714884281158445,0.6838551839192708,0.38008599281311034,0.6929752349853515,0.40521788597106934,0.690564219156901,0.3883023500442505,0.7039822260538737,0.43650363683700566,0.8055233955383301,0.3875668525695801,0.7294739405314128,164.95956551919784,166.85906050411802,38.39279361066531,100.95840150638735,57.23927311992841,0.7674986680348714,78.41694503788993,0.7112245877583822,77.13590207472461,0.7066645622253418,53.2598693929499,0.6984787305196126,13.442576688594242,0.6872097015380859
0.4532629013061523,0.8617185592651367,0.41373443603515625,0.7159454981486003,0.36599619388580323,0.7432100296020507,0.3769169092178345,0.6844071706136068,0.3879957675933838,0.6884185791015625,0.4107984066009521,0.7049116770426432,0.3925037384033203,0.7112936655680339,0.436688220500946,0.8052789370218912,0.3898653149604797,0.7295777638753256,159.98059088512008,169.68276860338827,19.359556152951267,99.13828100979477,58.26226192285924,0.7674283504486084,87.39927800668873,0.708998171488444,74.00475099913099,0.7069924672444662,78.85163214493623,0.6998561223347981,31.181613471062125,0.694659423828125
0.45332865715026854,0.8616593678792318,0.4216042995452881,0.72523193359375,0.3587167978286743,0.7491743087768554,0.37822115421295166,0.6838705698649089,0.3878659963607788,0.6880204518636067,0.4221017837524414,0.707626215616862,0.3974852323532104,0.7113255182902019,0.4363423943519592,0.8057032267252604,0.39016054868698125,0.7372031211853027,160.28316745751928,167.11472870722392,38.23275726476031,108.77119370136542,56.012683205302025,0.7714531739552816,87.32887809216346,0.7126117865244548,77.38142345582071,0.7105368455251058,67.57146586956151,0.6996729850769043,28.429774342621858,0.6957483927408854
0.45294342041015623,0.8612624486287435,0.42196025848388674,0.7254030227661132,0.3585913896560669,0.7491888682047526,0.37818953990936277,0.6838470458984375,0.3876050472259521,0.6881511052449544,0.4219507694244385,0.7076706568400065,0.3927474021911621,0.7109665552775065,0.43823392391204835,0.8022510528564453,0.39027582406997685,0.7372959454854329,159.18267319646762,165.8516501488863,18.06432727144584,108.3511787831061,53.56055237245536,0.7697734991709391,86.88932020997343,0.7127235253651936,77.25812474321958,0.7105714956919351,77.29839582228327,0.6995588302612304,28.56387008702497,0.695758851369222
0.4789998531341553,0.839033571879069,0.40766267776489257,0.7199696858723958,0.34756424427032473,0.7558013916015625,0.38773293495178224,0.6633623758951823,0.35193428993225095,0.7515298207600911,0.3994661569595337,0.6908789316813151,0.3816593885421753,0.7134162267049153,0.44216251373291016,0.7980793317159016,0.3776134610176086,0.7378855387369792,124.72706319179889,150.26697865738095,151.43778413503998,48.026725639008546,43.00039288600769,0.7679824352264404,152.01665855611728,0.7447076797485351,97.73287671561923,0.7006239573160807,127.95095501416739,0.7324730237325032,66.9063136709698,0.6771206537882487
0.47399468421936036,0.8401780446370443,0.40869669914245604,0.7200757344563802,0.3471109390258789,0.7553323109944662,0.3879565238952637,0.6632074356079102,0.3451088905334473,0.7514605204264323,0.3993294477462769,0.6914984385172526,0.3816611528396606,0.7069063822428385,0.4404302477836609,0.7975892384847005,0.3779038190841675,0.7377040227254232,131.41973778320542,150.98505786956537,147.59026086410452,46.77727986544831,43.76395029397986,0.7676466306050619,157.24339904702924,0.7445822715759278,97.68517376124504,0.7004557291666667,129.36549017250428,0.7291834513346354,68.09997628636998,0.6773529370625814
0.4735128879547119,0.8404141108194987,0.40866479873657224,0.7197654088338216,0.3472257137298584,0.7552260716756185,0.3878305435180664,0.6629611333211263,0.3452475547790527,0.7513377507527669,0.3994598388671875,0.6913731892903646,0.381394100189209,0.7069384892781575,0.4402552843093872,0.797714360555013,0.3779452562332153,0.73749574025472,131.03683584235722,151.1869806467652,147.28954298651965,47.26713331209274,44.02212906624209,0.7676050504048665,157.05546434116525,0.7444167455037434,97.55486607665475,0.7002284367879231,129.14989416843054,0.7291381200154622,67.74029856940165,0.6771671613057455
0.4737504005432129,0.8401877721150716,0.408412504196167,0.7196836471557617,0.34732534885406496,0.7552911122639974,0.3878853559494019,0.6631386439005534,0.34536745548248293,0.7513708114624024,0.39963669776916505,0.6913174947102865,0.3815617084503174,0.706887690226237,0.44021131992340085,0.7977221488952637,0.37786892652511594,0.7374873797098795,130.82429434682436,151.08113806833083,147.74723867986523,47.87998226305917,44.014938253113456,0.7676047643025716,156.86961053778347,0.744429095586141,97.67281847330445,0.7003130118052165,129.13396072792978,0.7291292508443197,67.36254545139641,0.67722806930542
0.47403779029846194,0.8400491078694662,0.4081514835357666,0.7199721654256185,0.34733555316925047,0.7555061976114908,0.38778746128082275,0.6630758921305339,0.3451554536819458,0.751544698079427,0.3995749711990356,0.6910211563110351,0.3814478635787964,0.7068291346232096,0.44177186489105225,0.797915522257487,0.3777435183525085,0.7377391815185547,131.4021067758135,150.51919271916583,147.7701353590028,47.91716559835343,43.223634221178116,0.7678273518880208,157.04067702821533,0.7446419397989908,97.66161515020228,0.7004075368245443,129.06375639824245,0.7291869163513183,67.12963909171542,0.6770485242207844
0.47217812538146975,0.8451229095458984,0.4095179557800293,0.7196758270263672,0.3478309392929077,0.7496725718180338,0.3877983570098877,0.663196055094401,0.35228943824768066,0.7434623718261719,0.40480823516845704,0.6925163904825846,0.3861170053482056,0.7067082087198894,0.4398663282394409,0.7969895998636882,0.3786744475364685,0.7346741994222006,130.1450174293702,151.46142948560086,152.27699432400456,61.91463691276991,45.52119326936932,0.7658318996429444,161.57840194772848,0.7390682856241862,97.2742477631427,0.6989351272583009,132.62565182192174,0.7250852902730307,59.880295977458154,0.6778562227884928
0.4724271297454834,0.8448462804158529,0.40950517654418944,0.7195778528849284,0.3473860502243042,0.7496658325195312,0.38768460750579836,0.6632380803426107,0.3526350259780884,0.7505056381225585,0.4046072483062744,0.6919265747070312,0.3864744186401367,0.7065387725830078,0.4399448394775391,0.7975395202636719,0.3784456133842468,0.7346218427022297,120.08053283188978,151.3630450394995,158.37103968185082,62.03330564687733,45.65318907073049,0.7660806814829508,148.39192292142673,0.7425637404123941,97.37463114422177,0.6989299615224203,127.5839207941201,0.7285222053527831,59.46468558085014,0.677582327524821
0.47240500450134276,0.8448339462280273,0.40959830284118653,0.7195890426635743,0.34734492301940917,0.7495943705240885,0.3877384662628174,0.6632069905598958,0.3361499547958374,0.7442495981852214,0.40462794303894045,0.6919517517089844,0.38196253776550293,0.706698989868164,0.43988556861877437,0.7974300702412924,0.37847161293029785,0.7345917065938314,140.00298498906793,151.3717941196132,136.4737870057696,61.96300628030549,45.65680053227322,0.7660108884175619,167.14510993634585,0.7394206523895264,97.39652496229428,0.6988993485768636,140.65999740727148,0.7254742940266927,59.56290503701627,0.6775793711344401
0.4725008487701416,0.844716199239095,0.4096102714538574,0.7196422576904297,0.3472748279571533,0.7496001561482747,0.38780961036682127,0.6632266362508138,0.3456925868988037,0.7506142298380534,0.4046195030212402,0.6919660568237305,0.38203704357147217,0.7066768010457357,0.43980822563171384,0.7973622957865397,0.3784425497055054,0.7346212069193522,127.55803002905742,151.33624697359906,147.73261780874154,61.86061124372175,45.634954352708064,0.765991751352946,153.97202518425775,0.7426177183787028,97.47458737768169,0.698923921585083,129.59710011046303,0.7286455154418945,59.67632943388528,0.6775963465372721
0.4725395679473877,0.8449309666951498,0.4099887847900391,0.7195858637491862,0.34765233993530276,0.7491910298665364,0.388161301612854,0.6630914052327473,0.3457797527313232,0.7506952921549479,0.40440673828125,0.6920579274495443,0.38194873332977297,0.7067118326822917,0.43953044414520265,0.7974440892537435,0.3788205623626709,0.7343884468078613,127.22883381779747,151.6119691186367,147.01699874233836,60.43559120335737,46.08581203422449,0.7659162680308025,153.73197940034635,0.7425418694814045,97.46390170714997,0.6987399260203043,129.43153485714902,0.7287035624186198,60.71477036476626,0.6775746663411458
0.47251367568969727,0.844958750406901,0.4094869136810303,0.7196142832438152,0.3474707126617432,0.7496397654215495,0.3880349397659302,0.6635409037272135,0.34563403129577636,0.7515697479248047,0.4042344093322754,0.6963589986165365,0.386899471282959,0.7131086349487304,0.4395681619644165,0.7972863833109538,0.37847881317138676,0.7346270243326823,126.7617664143109,151.27153323702206,154.35707992219776,60.21339486813617,45.726877339142106,0.765956703821818,152.71340788616843,0.7430983861287435,97.65638666446284,0.699083964029948,137.014509353802,0.7323391914367676,63.72841069514197,0.679949951171875
0.4723073482513428,0.8448795318603516,0.40958075523376464,0.719676144917806,0.3481214761734009,0.7495354970296224,0.38777995109558105,0.6633801778157552,0.3460595369338989,0.7516119003295898,0.4045846939086914,0.6962304433186849,0.38675580024719236,0.713071060180664,0.43961277008056643,0.7975026448567708,0.37885111570358276,0.7346058209737142,126.4588662940822,151.72521683185707,153.59829681699716,60.93710341294209,45.9892087260005,0.7660542329152424,152.5882405719696,0.743108860651652,97.14531570106283,0.6989929993947347,136.5581867290441,0.7323414802551269,62.90772336208973,0.67980531056722
0.4513275146484375,0.8616420745849609,0.4318251132965088,0.7224061965942383,0.35218727588653564,0.7438716252644857,0.38513352870941164,0.6652737299601237,0.33894288539886475,0.7304187774658203,0.39011211395263673,0.6721323649088542,0.3627285957336426,0.6819621404012044,0.4387326955795288,0.796933619181315,0.3920061945915222,0.733138910929362,149.24911269975885,163.63119761641792,124.08181263504567,34.197061439127744,53.77904896075215,0.7650362650553385,2.9345298746572723,0.7317788441975912,84.21740502911324,0.6992063204447428,116.14484669670563,0.7061904589335124,54.02463795967951,0.6687030474344889
0.4513275146484375,0.8616420745849609,0.4318251132965088,0.7224061965942383,0.35218727588653564,0.7438716252644857,0.38513352870941164,0.6652737299601237,0.33894288539886475,0.7304187774658203,0.39011211395263673,0.6721323649088542,0.3627285957336426,0.6819621404012044,0.4387326955795288,0.796933619181315,0.3920061945915222,0.733138910929362,149.24911269975885,163.63119761641792,124.08181263504567,34.197061439127744,53.77904896075215,0.7650362650553385,2.9345298746572723,0.7317788441975912,84.21740502911324,0.6992063204447428,116.14484669670563,0.7061904589335124,54.02463795967951,0.6687030474344889
0.4512632369995117,0.8617017110188802,0.43163599967956545,0.7223335266113281,0.3521242380142212,0.7438521067301432,0.38511099815368655,0.6652189254760742,0.33889570236206057,0.7303884506225586,0.3901087760925293,0.6721249898274739,0.36161973476409914,0.6888528188069661,0.4387148976325989,0.7969408671061198,0.39188011884689333,0.7330928166707357,149.2293203061817,163.55158730398196,116.94472252766816,34.228304667835516,53.73864964338743,0.7650168418884278,2.921885820611436,0.7317406336466472,84.30467588413673,0.6991558710734049,118.68295055262664,0.7096206347147624,54.10750740025318,0.6686719576517741
0.45131897926330566,0.8616946538289388,0.43152570724487305,0.7222576777140299,0.3521039724349976,0.7438623428344726,0.38498740196228026,0.6652002970377604,0.3388798475265503,0.7304343541463216,0.3901034355163574,0.6720808664957683,0.36162729263305665,0.6888641993204753,0.4387266278266907,0.7969675381978353,0.3918148398399353,0.7330600102742513,149.1620137850833,163.55792627650516,116.97757470820693,35.02496591651661,53.719197089615975,0.7650137742360432,2.8396305399987227,0.7317471822102865,84.25474428475238,0.6991301536560058,118.68775064796871,0.7096492767333984,53.36742686489276,0.6686405817667643
0.45159149169921875,0.8617625554402669,0.42652254104614257,0.7219079971313477,0.351591157913208,0.7490762074788412,0.38480267524719236,0.6648356755574544,0.33776402473449707,0.7375584920247396,0.4039414405822754,0.6846014022827148,0.3697089910507202,0.6884138107299804,0.43653844594955443,0.7970972696940104,0.3890568494796753,0.7354921023050944,146.6124888270074,162.08200747161126,124.63408696820731,60.379960100967196,52.37710359832293,0.7662946859995524,177.69302194194967,0.736525297164917,86.55442060505118,0.7001638889312745,123.02462441496122,0.71298615137736,45.92326439482199,0.6747185389200846
0.45464115142822265,0.863653818766276,0.4221490859985352,0.7122286478678386,0.34798078536987304,0.7389698664347331,0.38642566204071044,0.6618740081787109,0.3405243635177612,0.7245522181193034,0.3923001766204834,0.676281992594401,0.3673489809036255,0.688272221883138,0.43965667486190796,0.8002623875935873,0.3850649356842041,0.7255992571512858,143.97663141951776,157.73753725678785,118.1319103485134,30.528229811795015,53.82669962569118,0.7629308223724365,1.3466344919395965,0.7250757376352945,91.22325189076825,0.6937366326649983,126.4783924136386,0.7064122200012206,67.81798430762439,0.669078000386556
0.4518765926361084,0.8635397593180338,0.42351703643798827,0.7169348398844401,0.34801607131958007,0.738720448811849,0.388561749458313,0.6626757939656576,0.3407666921615601,0.7246480941772461,0.3967228651046753,0.6787949879964192,0.3672570466995239,0.6889118830362956,0.4395302414894104,0.798650042215983,0.38576655387878417,0.7278276443481445,147.1979909070007,156.99538571833418,118.0142230778861,39.448788677477715,52.796632126273934,0.7632388432820638,4.041624586672128,0.7262378692626953,92.45664175787905,0.695251719156901,126.54861027592949,0.7067799886067708,63.14699775460559,0.6707353909810384
0.4519042491912842,0.8637870788574219,0.42238788604736327,0.7125977834065755,0.34809744358062744,0.7386826197306315,0.3884666919708252,0.662126096089681,0.3408346176147461,0.724803352355957,0.39258809089660646,0.6767882029215495,0.3672883749008179,0.6889451344807943,0.43964046239852905,0.7988303502400715,0.3852426648139954,0.7256402015686035,144.23841772249853,156.57126601541398,117.51087474702389,24.251223592873632,53.37881667107423,0.7622352759043376,1.079584816337416,0.7252217769622803,92.90588580835649,0.6938831488291423,126.41738593006298,0.7068742434183757,74.29975892699629,0.6694571495056152
0.4515370845794678,0.8642286936442057,0.4221217155456543,0.7125886917114258,0.3481053590774536,0.7387233098347982,0.3884263515472412,0.6622166315714518,0.34079506397247317,0.7247938791910807,0.3926551342010498,0.6768616358439128,0.36732869148254393,0.6889817555745442,0.43957831859588625,0.7989769299825032,0.38511353731155396,0.725656000773112,144.20905444724355,156.50359464491075,117.59416467365043,24.892252902361033,53.39403035968519,0.7623164653778076,1.1144268983883308,0.7252249399820964,92.98927974944293,0.6939363161722819,126.53518600172423,0.7068878173828125,73.89379077965074,0.6695391337076824
0.45139012336730955,0.8642704645792644,0.4221356391906738,0.7126204808553059,0.34810874462127683,0.7388261159261068,0.38842110633850097,0.6622399012247722,0.3408087730407715,0.7247790018717448,0.3926875352859497,0.6769046783447266,0.367302680015564,0.688957150777181,0.4383591294288635,0.7994333585103353,0.3851221919059753,0.7257232983907064,143.7942740445434,157.02394061101842,117.65514661915,25.030282294574647,54.161379453677824,0.7625783284505208,1.2207592933899605,0.7252511501312255,92.9746992489369,0.6939815998077392,126.48669749022062,0.7068680763244629,73.77868254682878,0.6695722897847494
0.4512660026550293,0.864276377360026,0.4217541217803955,0.7125763575236003,0.3486240148544312,0.733896001180013,0.3883512020111084,0.6619179407755534,0.3406323671340942,0.7248046875,0.39265358448028564,0.6770056406656901,0.3670783281326294,0.6886527379353841,0.43967198133468627,0.7987154642740886,0.38518906831741334,0.7232361793518066,141.25082082890597,156.48390047077353,116.17343333640537,25.08792200788848,54.1772681863487,0.7609758218129477,177.98387672677237,0.7240204334259033,92.95208356498615,0.69257706006368,126.18630630785131,0.706728712717692,74.08406120149708,0.6694617907206217
0.45127015113830565,0.8642487208048503,0.4219204902648926,0.7126712799072266,0.3486456871032715,0.7339855829874674,0.38841729164123534,0.6619810104370117,0.34067835807800295,0.7248265584309895,0.39280893802642824,0.6769093831380208,0.3670552492141724,0.6886035919189453,0.43965678215026854,0.798716386159261,0.385283088684082,0.7233284314473469,141.33410115985754,156.53261807374514,116.24260990541461,25.60203658439552,54.19890724985112,0.761022408803304,178.07634532087383,0.7240774949391682,92.92466420949827,0.6926547209421794,126.06141145042807,0.7067150751749673,73.6071090638832,0.6694451967875164
0.4499980926513672,0.8609841664632162,0.4162302017211914,0.7148329416910807,0.3496079444885254,0.7504287083943685,0.3877027750015259,0.6657955805460612,0.3377660036087036,0.751436424255371,0.3991456747055054,0.6858278274536133,0.3734804630279541,0.6912806193033855,0.4374399304389954,0.8019265492757162,0.3829190731048584,0.7326308250427246,130.52434983612656,155.8356527575176,136.44436636881676,48.857477368381716,51.80485155173315,0.7672786871592203,157.3889796639784,0.7420336246490478,94.09393763663718,0.6992132027943929,120.69757485798195,0.7213585217793783,60.263956458267586,0.6758117039998373
0.4475435256958008,0.86076234181722,0.4169324398040771,0.7194273630777995,0.3495210647583008,0.7504423141479493,0.3875422477722168,0.6653315862019856,0.3448660135269165,0.7581229527791341,0.39935030937194826,0.6855885823567708,0.38207311630249025,0.6982745488484701,0.43715457916259765,0.8017772356669108,0.38322675228118896,0.7349348386128745,123.53302196501778,156.47060252106212,146.32882768077516,48.332909920867024,51.103732076732086,0.7683560371398926,148.84807999546499,0.7465288956960043,93.54787402204146,0.70013321240743,121.86876791923646,0.7281987508138021,59.76154516322111,0.6754600842793782
0.45101542472839357,0.8572889963785807,0.41646590232849123,0.7191321055094401,0.3494344472885132,0.750465202331543,0.38711693286895754,0.6636491139729818,0.3449979782104492,0.7582061131795247,0.3994637966156006,0.6854310989379883,0.3821298837661743,0.6983036677042643,0.43731769323349,0.8022509574890136,0.38295017480850224,0.7347986539204916,122.8299478151853,156.73830873005627,146.9187358697279,48.041496813977396,51.130690477288596,0.7685248057047527,148.33530643025153,0.7465023835500082,93.35160678589928,0.6992238839467366,121.79365431896466,0.7282548904418945,60.45377382287474,0.674540106455485
0.4510353565216064,0.8573118845621744,0.41678948402404786,0.719137446085612,0.3495937824249268,0.7500937143961589,0.3873825311660767,0.6636575698852539,0.351753306388855,0.700666872660319,0.39992332458496094,0.6846688588460287,0.38178653717041017,0.6923759460449219,0.437343442440033,0.8021950085957845,0.38319163322448735,0.7346155802408855,177.33017754589312,156.7890611000843,103.5273816907602,49.35165306700707,51.294589773577314,0.768405294418335,47.1986562792259,0.7176412264506022,93.3800573512273,0.6991365750630697,164.56738403748844,0.6965214093526204,59.16872165322708,0.6741632143656413
0.4510353565216064,0.8573118845621744,0.41678948402404786,0.719137446085612,0.3495937824249268,0.7500937143961589,0.3873825311660767,0.6636575698852539,0.351753306388855,0.700666872660319,0.39992332458496094,0.6846688588460287,0.38178653717041017,0.6923759460449219,0.437343442440033,0.8021950085957845,0.38319163322448735,0.7346155802408855,177.33017754589312,156.7890611000843,103.5273816907602,49.35165306700707,51.294589773577314,0.768405294418335,47.1986562792259,0.7176412264506022,93.3800573512273,0.6991365750630697,164.56738403748844,0.6965214093526204,59.16872165322708,0.6741632143656413
0.45117712020874023,0.8604737599690755,0.4204229831695557,0.7191541035970052,0.3497131824493408,0.7503424962361653,0.3874051570892334,0.6637547810872396,0.3451650381088257,0.7579893112182617,0.4002995014190674,0.6883874893188476,0.3820570230484009,0.6982446034749349,0.43758870363235475,0.802778148651123,0.38506808280944826,0.7347482999165853,123.92689994408867,158.2663656339056,143.5894789448165,45.81791639182953,52.33102691520378,0.7687632242838541,149.78189352732377,0.7463688055674236,91.88547004951361,0.6992515405019124,121.69507182024012,0.7281169573465983,62.36954630165741,0.6760711352030436
0.45116090774536133,0.8605896631876627,0.42031044960021974,0.7152231852213542,0.34967086315155027,0.7501156489054362,0.3872708559036255,0.6637279510498046,0.34519429206848146,0.7579676946004231,0.40447378158569336,0.6894281387329102,0.3821191072463989,0.6984331766764323,0.4375630140304565,0.8027626673380535,0.38499065637588503,0.7326694170633952,121.68470969473623,158.2194050897992,143.39732736511414,58.05194223132565,53.12883637851917,0.7677160422007243,147.55615780786854,0.7453185558319091,91.89433456512548,0.6981986840565999,121.80823696424234,0.7282004356384277,56.202848743752774,0.6765780448913574
0.4524392127990723,0.8610350926717122,0.41564278602600097,0.7144161860148112,0.35608644485473634,0.7490487416585286,0.38608014583587646,0.6635534286499023,0.3542104959487915,0.757664680480957,0.41037869453430176,0.6987648010253906,0.393243408203125,0.7055984497070312,0.43839114904403687,0.8038270632425943,0.38586461544036865,0.7317324638366699,111.9352405126485,159.36732619774344,158.9086382791935,71.24239065992468,53.923745312693825,0.7677797635396322,140.67440725493384,0.7446985721588135,90.18112519265635,0.697642946243286,126.85809147690516,0.7316315650939942,55.39134624064726,0.6811591148376465
0.4524392127990723,0.8610350926717122,0.41564278602600097,0.7144161860148112,0.35608644485473634,0.7490487416585286,0.38608014583587646,0.6635534286499023,0.3542104959487915,0.757664680480957,0.41037869453430176,0.6987648010253906,0.393243408203125,0.7055984497070312,0.43839114904403687,0.8038270632425943,0.38586461544036865,0.7317324638366699,111.9352405126485,159.36732619774344,158.9086382791935,71.24239065992468,53.923745312693825,0.7677797635396322,140.67440725493384,0.7446985721588135,90.18112519265635,0.697642946243286,126.85809147690516,0.7316315650939942,55.39134624064726,0.6811591148376465
0.4525897026062012,0.8610403060913085,0.41539821624755857,0.7142763137817383,0.351811146736145,0.749601682027181,0.385921835899353,0.6635355631510417,0.3539589881896973,0.7578055063883463,0.40604076385498045,0.6969488779703776,0.3882294654846191,0.705487060546875,0.43862351179122927,0.8038474718729656,0.3836046814918518,0.7319389979044597,110.35652118460683,157.473491779496,156.69094625520927,63.721593552852966,52.57956448606781,0.7678932348887126,138.89459871474838,0.7448722521464031,91.94014264581331,0.6977372805277506,123.22625121901585,0.7316462834676107,58.946883568570904,0.6802422205607097
0.4523777484893799,0.8608919143676758,0.4163029670715332,0.7182641347249349,0.3559733390808105,0.7491533279418945,0.38597774505615234,0.6635883331298829,0.35371055603027346,0.7577531814575196,0.4100992679595947,0.6986132939656575,0.3882652997970581,0.7054584503173829,0.43850547075271606,0.8037246068318684,0.38613815307617183,0.7337087313334147,114.97950079563013,159.5834048006569,150.85054833524333,68.87797751202945,53.205902777230676,0.7687166690826416,143.4437641408983,0.7457309563954672,89.86892991553722,0.6986485322316488,123.45549665735673,0.7316058158874512,55.44500145358652,0.6811008135477702
0.4523409366607666,0.86092103322347,0.41637110710144043,0.718236796061198,0.3559553623199463,0.7491050084431966,0.3863115072250366,0.6631898880004883,0.3535109043121338,0.757601801554362,0.41002068519592283,0.6984296798706054,0.3883315324783325,0.7053074518839518,0.43836920261383056,0.8038823445638021,0.38616323471069336,0.7336709022521972,115.15486320341199,159.57445957887967,150.71359005707063,68.02953841806911,53.36722114404566,0.7687766234079997,143.76230383391606,0.7456363519032796,90.12053425801757,0.6984303951263428,123.6579916987569,0.7314546267191568,56.067506337131036,0.6808097839355469
0.4467552661895752,0.8601222356160482,0.42621479034423826,0.7322533925374349,0.3527857303619385,0.762936782836914,0.38870179653167725,0.6635446548461914,0.33433895111083983,0.7446073532104492,0.4167293071746826,0.7107892990112304,0.3895579814910889,0.7218241373697917,0.43488283157348634,0.7982409795125326,0.3895002603530884,0.7475950876871744,155.02329315486435,161.61985260069645,112.54923478183382,67.17236218836229,48.137242944396235,0.7729180335998536,3.1003156223530652,0.7461012204488118,89.45571689078717,0.7055698712666829,157.57909467537104,0.7332157452901205,59.32179886977256,0.687166976928711
0.44675359725952146,0.8601249694824219,0.42619614601135253,0.7322223663330079,0.35282485485076903,0.7629252751668294,0.3886911869049072,0.6635779698689779,0.334370493888855,0.7445994695027669,0.41679978370666504,0.705105972290039,0.3895269870758057,0.7218406677246094,0.43487470149993895,0.7982478459676107,0.3895105004310608,0.7475738207499186,154.9946868369387,161.63003101989966,112.4588460358062,66.81672417760761,48.164584547044484,0.7729108333587646,3.087645117998818,0.7460866451263428,89.44114241429557,0.7055758953094482,157.57786205946843,0.7332200686136882,55.90754489484429,0.6843419710795084
0.4467760562896729,0.8597644805908203,0.4260883331298828,0.7321131388346355,0.35296409130096434,0.7631846110026042,0.3888676166534424,0.6636223475138346,0.3344273567199707,0.7446056365966797,0.4166064739227295,0.7108226140340169,0.3897842884063721,0.7296223322550456,0.43492801189422603,0.7982337633768717,0.3895262122154236,0.7476488749186199,155.0765529093504,161.55950921398102,105.96541454947351,66.7710623124117,48.090855503161805,0.7729413191477458,3.161367470972124,0.7461272557576497,89.55092784890056,0.7056356112162272,164.85480187827912,0.7371139844258626,59.557913262215564,0.6872224807739258
0.4468088626861572,0.8597557067871093,0.4260068416595459,0.732018788655599,0.3528632164001465,0.7629828770955404,0.3884543180465698,0.6640574773152669,0.3345428705215454,0.7446158727010092,0.41672940254211427,0.7050836563110352,0.38970887660980225,0.7220172882080078,0.43472318649291997,0.7994626681009929,0.38943502902984617,0.7475008328755697,154.30866218819108,161.80772277819966,112.89198822142608,67.33471147322831,48.92570754037379,0.7734817504882813,3.0085189460599793,0.7460583527882894,89.32663286566536,0.7057791550954182,157.72369169467373,0.7333165804545085,55.42553824483069,0.684570566813151
0.4474806785583496,0.8609016418457032,0.42537646293640136,0.7315927505493164,0.3526604175567627,0.7628381093343098,0.3885688066482544,0.6641263326009115,0.344142484664917,0.758572769165039,0.4168095111846924,0.7047666549682617,0.39458556175231935,0.7216786066691081,0.434891939163208,0.80218931833903,0.38901844024658205,0.7472154299418131,140.127477605372,161.76232877892383,138.48008136631879,68.00782865516351,50.1563603841619,0.7747023741404215,165.7976280730516,0.7528940995534261,89.68994902016784,0.7056708812713623,143.81819143377055,0.7401256879170736,55.20480600135347,0.6844464937845867
0.4480250358581543,0.8611787796020508,0.42505755424499514,0.7366724650065104,0.3486101388931274,0.769114621480306,0.38845195770263674,0.6641153971354167,0.3449522018432617,0.7654378255208333,0.4218146324157715,0.710992940266927,0.39423460960388185,0.7370438893636068,0.4345849990844726,0.8002862930297852,0.3868338465690613,0.7528935432434082,142.08046859931196,160.24006211820122,144.97781965866562,75.29627071881801,44.78417043957967,0.7765899181365967,163.32612579020173,0.7591656843821207,91.04418349041055,0.7085044701894124,150.0517120019118,0.75124085744222,54.56060090678616,0.6875541687011719
0.44818735122680664,0.8611220677693685,0.4304093837738037,0.7374654769897461,0.35281968116760254,0.7687941233317057,0.3874285459518433,0.6634990056355794,0.3523966073989868,0.7647448221842448,0.4284988880157471,0.7171923319498698,0.40001730918884276,0.7360011418660481,0.4342229723930359,0.799697462717692,0.3916145324707031,0.7531298001607258,140.3724416489579,163.71246019910592,147.24613125425014,83.15755069487872,47.542137031063476,0.7764136314392089,163.5024936887197,0.7589373111724853,87.32608400614788,0.7083144028981526,148.88497359698675,0.7503729820251465,52.587412667587266,0.6903456687927245
0.44823927879333497,0.8610925038655599,0.43024678230285646,0.737303352355957,0.3526532411575317,0.7687422434488932,0.38734548091888427,0.6634977340698243,0.3523042917251587,0.7648836771647135,0.4284979820251465,0.7171867370605469,0.3998819589614868,0.7361239751180013,0.4343849062919617,0.7999165852864584,0.3914500117301941,0.7530227979024251,140.03023668226038,163.60002817232476,147.66974334625914,83.42270591330909,47.52348314553606,0.7764696915944418,163.1435586401627,0.7589532375335692,87.37495053879817,0.7082602659861247,148.84791819625784,0.7505038261413575,52.52991563184488,0.6903422355651856
0.44823927879333497,0.8610925038655599,0.43024678230285646,0.737303352355957,0.3526532411575317,0.7687422434488932,0.38734548091888427,0.6634977340698243,0.3523042917251587,0.7648836771647135,0.4284979820251465,0.7171867370605469,0.3998819589614868,0.7361239751180013,0.4343849062919617,0.7999165852864584,0.3914500117301941,0.7530227979024251,140.03023668226038,163.60002817232476,147.66974334625914,83.42270591330909,47.52348314553606,0.7764696915944418,163.1435586401627,0.7589532375335692,87.37495053879817,0.7082602659861247,148.84791819625784,0.7505038261413575,52.52991563184488,0.6903422355651856
0.45108461380004883,0.8621665954589843,0.4256570339202881,0.7369759241739909,0.3527735710144043,0.7685937881469727,0.38723163604736327,0.6634822845458984,0.3521667718887329,0.7650065104166667,0.42198638916015624,0.7168322881062825,0.3999799251556396,0.7364033381144206,0.4346840143203735,0.7999468167622884,0.3892153024673462,0.7527848561604817,138.7939173328021,162.0985601513888,154.19876484366685,75.43160302112392,46.04722551221863,0.776365836461385,161.7431920254179,0.7588956832885743,88.72750555455886,0.7081335703531901,149.11095022985845,0.7507049242655437,56.91784815889446,0.6901572863260905
0.4485659599304199,0.8611989974975586,0.424631929397583,0.7361281077067058,0.352653956413269,0.7687946955362955,0.3874965667724609,0.6631348927815756,0.34485108852386476,0.7649822235107422,0.4219081878662109,0.7117587407430013,0.39448111057281493,0.7300256729125977,0.43484045267105104,0.8000792503356934,0.388642942905426,0.7524614016215007,142.73745033958642,161.66416993154013,139.74456181045576,74.54570556885321,45.86737621332517,0.776270325978597,164.04388319862997,0.7587218125661215,89.26473216749343,0.7077981472015381,144.84132277286147,0.7475039482116699,54.71254604519696,0.6874468167622885
0.45151534080505373,0.863198725382487,0.4191304683685303,0.7235107421875,0.3471419334411621,0.7535587310791015,0.3881786823272705,0.6610851923624674,0.35319583415985106,0.7609918594360352,0.415972375869751,0.709037971496582,0.3957805633544922,0.7249476750691731,0.4347111344337463,0.8040666580200195,0.38313620090484624,0.7385347366333008,115.27470494980602,158.24775570579553,173.18674709784193,78.16343445444222,51.7965463861739,0.7713006973266602,143.12783940694294,0.749763298034668,93.72507959154443,0.6998099644978841,139.75505561578808,0.7429697672526041,59.90318411259652,0.6850615819295247
0.4721963882446289,0.845673942565918,0.41712145805358886,0.7373964945475261,0.3513741731643677,0.7674939473470052,0.3834978580474854,0.6811186472574869,0.36013991832733155,0.7628824234008789,0.41944088935852053,0.7047159830729167,0.3818345308303833,0.6843807220458984,0.441685962677002,0.7984273274739584,0.38424781560897825,0.7524452209472656,133.038637884445,154.21982256680508,162.52079002685483,93.11742694429425,38.67901686563857,0.775436274210612,156.59042474196136,0.7576638221740722,89.39759030184933,0.7167819341023762,105.44858993631281,0.7236315727233886,33.2857185331844,0.6929173151652018
0.4720661163330078,0.8455575942993164,0.41723995208740233,0.7375561396280924,0.35137486457824707,0.7675366719563802,0.3834961414337158,0.6811307907104492,0.3601221561431885,0.7629127502441406,0.41945610046386717,0.7047469456990559,0.3818336009979248,0.6843430836995442,0.44165018796920774,0.7983674049377442,0.38430740833282473,0.7525464057922363,133.29582771614687,154.26759105811408,162.4754629671723,93.0341081043341,38.62736616691592,0.7754569053649902,156.79893502462807,0.7577295780181885,89.34915956337001,0.7168385982513428,105.44726854222736,0.7236279169718425,33.2942974382404,0.6929388682047526
0.4720312118530273,0.8455730438232422,0.4172111988067627,0.7376618067423503,0.35126509666442873,0.7674383799235026,0.3851890563964844,0.6667588551839193,0.3603314638137817,0.7628098169962565,0.4196953773498535,0.7049005508422852,0.3818305492401123,0.6842894872029622,0.4416541337966919,0.7984572092692057,0.3842381477355957,0.7525500933329264,133.10305923092665,156.15794434760204,162.66751636079366,78.78912319145215,38.64418340522633,0.775503651301066,156.77306498711715,0.7576799551645914,90.63503946492784,0.7096544742584229,105.31245948828881,0.7235496520996094,47.86474479709344,0.6858297030131022
0.4720273017883301,0.8455582936604817,0.41720356941223147,0.7377120971679687,0.3513028144836426,0.7674905141194661,0.38520734310150145,0.6667627970377604,0.36039009094238283,0.7628543217976888,0.41969943046569824,0.7049424489339192,0.3817698240280151,0.6844049453735351,0.44163842201232906,0.7984548250834147,0.38425319194793706,0.7526013056437174,133.08720106745784,156.16762917047282,162.66995134316073,78.73514369430958,38.62651266287503,0.7755280653635661,156.74874565189785,0.7577278137207031,90.63685382685726,0.7096820513407389,105.24454647993834,0.7236296335856119,47.90485445933604,0.6858526229858398
0.4670158863067627,0.8464000701904297,0.4215103626251221,0.7376614252726237,0.3513216018676758,0.7672922770182292,0.3852893114089966,0.6667956670125326,0.3604276180267334,0.7628764470418294,0.4196741580963135,0.7051212310791015,0.38172643184661864,0.6844205220540365,0.4397286295890808,0.7986588478088379,0.38641598224639895,0.7524768511454265,133.90454568386497,158.3202356902975,160.86984749260927,76.97838135440946,40.90069557756581,0.7755678494771322,158.19051311636525,0.757676649093628,89.24662848385144,0.7096362590789795,105.18830913462463,0.723648484547933,48.10224888560896,0.685958449045817
0.4667731761932373,0.8469385782877604,0.4214517593383789,0.737503178914388,0.3513551473617554,0.7673512776692708,0.3851760387420654,0.6668102264404296,0.3604188680648804,0.7629290262858073,0.4202423095703125,0.7105446497599284,0.4023135662078857,0.7204573313395183,0.43986269235610964,0.7988105773925782,0.38640345335006715,0.7524272282918294,133.68689873208513,158.31751960301037,161.84950562512049,77.65898147719875,40.94619972391013,0.7756189028422038,157.9936613805395,0.7576781272888183,89.1786577671125,0.7096187273661295,134.6081500585807,0.7416931788126628,51.27735318533329,0.688677438100179
0.47174687385559083,0.8456872940063477,0.4169764041900635,0.7373605728149414,0.35137999057769775,0.7673872629801433,0.38510110378265383,0.6668191909790039,0.3660417079925537,0.7633289972941081,0.4194784641265869,0.7051057815551758,0.381693172454834,0.6844510396321615,0.4413849592208862,0.7990755399068197,0.3841781973838806,0.7523739178975424,123.48458083116896,156.32898317016694,166.68150232949102,78.67323130273431,39.22701112637478,0.775724728902181,148.86654287810126,0.7578514575958253,90.6180440577088,0.7095965544382732,101.22321008009733,0.7238900184631347,48.07947302468113,0.6859624862670899
0.4716765880584717,0.8456796646118164,0.41707472801208495,0.73756898244222,0.3515570878982544,0.7675867080688477,0.3852305173873901,0.6667531331380209,0.3603386163711548,0.7628955841064453,0.419571590423584,0.70499267578125,0.3817017078399658,0.6843556722005208,0.4413988351821899,0.7991787592569988,0.3843159079551697,0.7525778452555338,132.6035095251397,156.40521373298867,162.5890745152527,78.46008310564349,39.227243790895415,0.7758783022562663,156.7171646781679,0.7577367146809896,90.6105616375074,0.7096654891967773,105.21648662975474,0.7236256281534831,48.074531952225044,0.6858729044596354
0.4716053009033203,0.8458812713623047,0.4169149875640869,0.7373876571655273,0.35154831409454346,0.7675959904988606,0.3852221012115479,0.6667778015136718,0.36606507301330565,0.7633033116658529,0.419626522064209,0.7050167719523112,0.38159544467926027,0.68437074025472,0.44142968654632564,0.7992510795593262,0.3842316508293152,0.752491823832194,123.74139687107,156.34675064392997,166.65278322500993,78.68464404189022,39.26591539450598,0.7758714516957601,149.24182496415648,0.7578975677490234,90.66203988104647,0.7096348126729329,101.13104308542952,0.7238370259602864,48.021607152860405,0.6858972867329916
0.47185521125793456,0.8456318537394206,0.4169684886932373,0.743014399210612,0.3514385461807251,0.7726058959960938,0.384215259552002,0.6814512252807617,0.3663523197174072,0.7631923039754231,0.41994895935058596,0.7055534998575846,0.3864269733428955,0.6918589909871419,0.43911269903182987,0.7985536893208822,0.3842035174369812,0.7578101476033529,137.30223072392442,154.87408425477525,166.21323193806325,90.37399541552223,36.57604018013373,0.7781819184621175,163.221881343512,0.760501225789388,90.00881067473819,0.7196306864420573,105.71768804388121,0.7275256474812826,33.999547861916575,0.6935023625691732
0.46653118133544924,0.8457902272542318,0.4215259075164795,0.74310728708903,0.3514987945556641,0.7724739710489908,0.3846015214920044,0.6817461649576823,0.3524717569351196,0.7628821690877279,0.4156049251556396,0.7098438262939453,0.3818338871002197,0.6849303563435872,0.4394716739654541,0.7987496376037597,0.3865123510360718,0.7577906290690104,149.0882935286526,156.31463302636755,155.68609882348238,79.06274386044129,37.71854806164069,0.7782701333363851,171.49318548721754,0.7603363990783691,88.56058641979341,0.7197683970133464,110.63989985418492,0.7239062627156576,42.185282217872,0.6957949956258138
0.46636247634887695,0.8457811991373698,0.4215231418609619,0.743307367960612,0.3515528678894043,0.772683588663737,0.38452532291412356,0.6819084167480469,0.35326995849609377,0.7692489624023438,0.4156184196472168,0.7096949259440104,0.381893253326416,0.6848622004191081,0.4396276116371155,0.7992332458496094,0.3865380048751831,0.7579954783121745,142.16347773528585,156.3578846649348,157.62946802181744,79.26523867210226,37.83855370313614,0.778614362080892,161.31101553598845,0.7636222203572591,88.48474505779983,0.7199519475301107,108.73651314855195,0.7270555814107259,41.78573388647105,0.6958016713460287
0.4522664546966553,0.8567320505777994,0.4237059593200684,0.7377901077270508,0.3520830154418945,0.7682228724161784,0.3869457483291626,0.6620225270589193,0.3538846015930176,0.7760048548380534,0.42770161628723147,0.7350900650024415,0.40000052452087403,0.7547621409098307,0.43630887269973756,0.7971996943155925,0.3878944873809814,0.7530064900716146,131.5116343307171,160.53657676141827,147.01577581400736,94.92046175895943,42.390186143790146,0.7751030921936035,145.93242500226535,0.764505672454834,89.4025675333387,0.707514508565267,155.2674398645984,0.765383497873942,60.84794237189228,0.6985562960306804
0.45216779708862304,0.8565511067708333,0.42444491386413574,0.74364013671875,0.3518547534942627,0.768421745300293,0.38667562007904055,0.6620468775431315,0.3608330488204956,0.7760058085123698,0.42762093544006347,0.7416167577107747,0.39935553073883057,0.7605677922566731,0.43609181642532346,0.7971947034200033,0.3881498336791992,0.7560309410095214,128.10017181942123,160.81394291579815,136.11983544983147,97.16824050365294,40.64992232462711,0.7766128222147624,143.82458822977415,0.7660183747609456,89.10134454890742,0.7090389092763265,158.16138672940397,0.7682868003845215,62.77041525293657,0.7018318176269531
0.45215563774108886,0.8565713882446289,0.4244441032409668,0.7435054143269857,0.3517318248748779,0.7682346343994141,0.38666977882385256,0.6619716644287109,0.3610090255737305,0.7759607315063477,0.42763566970825195,0.7415871302286784,0.39939939975738525,0.7605843861897786,0.43603618144989015,0.7970748901367187,0.38808796405792234,0.7558700243631999,127.70945496411653,160.79311047130858,135.54729308865166,97.37045148238391,40.67450410223515,0.7764724572499593,143.42713030392443,0.7659153779347738,89.13470426038093,0.7089208443959554,158.1726115883124,0.7682725588480632,62.77205514809895,0.7017793973286947
0.4527226448059082,0.856320571899414,0.42359094619750975,0.7430123011271159,0.3514676332473755,0.7683297475179036,0.38663311004638673,0.6619311014811198,0.3610081672668457,0.7759956359863281,0.43477883338928225,0.7418392817179362,0.4059154987335205,0.7605419158935547,0.4361912250518799,0.7987163225809732,0.3875292897224426,0.7556710243225098,125.71997292256712,160.63198799411603,146.17240275150948,104.75274787615777,41.495280449095446,0.7771936734517415,142.53504583046305,0.7658333301544189,89.45225313516296,0.7088010629018148,161.01039656289603,0.7682687759399414,58.93048690336647,0.701885191599528
0.4465804100036621,0.8606233596801758,0.42297868728637694,0.7427803675333658,0.3496878623962402,0.7684148152669271,0.3876918315887451,0.6618598302205404,0.35089271068572997,0.7692014694213867,0.41948671340942384,0.7214874267578125,0.39296665191650393,0.7412038167317708,0.4331257104873657,0.7972135861714681,0.3863332748413086,0.7555975914001465,140.18961275013694,160.61442409735398,148.3839865663682,72.25272836260122,41.649075423960284,0.7764055887858072,159.00067626031114,0.7623995304107666,90.83033899519869,0.7087287108103435,146.358646399828,0.7552026430765788,61.932378182058606,0.6916736284891765
0.4463935375213623,0.8605225245157878,0.42314672470092773,0.7429182052612304,0.3497323989868164,0.7683866500854493,0.3876956939697266,0.6618615468343099,0.3509286165237427,0.7691443761189779,0.41947202682495116,0.7214841842651367,0.3930203914642334,0.7411154429117839,0.4330716013908386,0.7972552299499511,0.38643956184387207,0.7556524276733398,140.30442761847127,160.7046018269481,148.0157204623576,72.08743995912877,41.73776686985914,0.7764538288116455,159.19632598347317,0.7623984018961589,90.76731091546598,0.7087569872538249,146.34033495297942,0.755129909515381,61.9442798452026,0.6916728655497233
0.44602394104003906,0.8609335581461589,0.42817058563232424,0.7438117345174153,0.3494710922241211,0.7628050486246745,0.3874201774597168,0.6619874954223632,0.3508072137832642,0.7690170288085938,0.4140169620513916,0.7206863403320313,0.39317591190338136,0.7408928553263346,0.4331226468086243,0.7963635762532553,0.38882083892822267,0.7533083915710449,139.17043402866315,162.09510830736315,142.90569836519978,62.05678743443701,44.18241919908988,0.7748359839121501,157.5477742135169,0.7611627101898193,89.1212778027498,0.707647943496704,146.4239510669929,0.7549549420674642,65.62444609107368,0.6913369178771973
0.4460623264312744,0.8607774098714193,0.42812681198120117,0.7437252044677735,0.3493401765823364,0.762917963663737,0.38742091655731203,0.6619005839029948,0.35089612007141113,0.7691047032674153,0.4191398620605469,0.7213581085205079,0.3931633710861206,0.7408845901489258,0.43312281370162964,0.7961735725402832,0.3887334942817688,0.7533215840657552,139.13605368773776,162.0257637264258,143.33457556208822,71.6485547915406,43.990461496333126,0.7747475783030192,157.3574990755249,0.7612131436665852,89.1774319155195,0.707611083984375,146.27058588661296,0.7549946467081705,61.921312154095155,0.6916293462117513
0.44605770111083987,0.8607861200968424,0.4274773120880127,0.7380746841430664,0.34938056468963624,0.7628118515014648,0.3874439001083374,0.6624189376831054,0.35086498260498045,0.769186528523763,0.41393747329711916,0.720669174194336,0.39242103099823,0.7477563222249349,0.4331637501716614,0.7962128639221191,0.3884289383888245,0.7504432678222657,135.30239635359987,161.7748997984216,173.3366942175389,65.04500411930142,45.65506412497842,0.7733280658721924,153.48221213175583,0.7598148981730144,89.35885703046843,0.7064311027526855,152.7201120155915,0.758471425374349,65.54284630814051,0.6915440559387207
0.4460608005523682,0.8607846577962239,0.42800130844116213,0.7435020446777344,0.34937176704406736,0.7628744761149089,0.38755154609680176,0.6619204203287761,0.35091614723205566,0.7691762288411458,0.4191871643066406,0.7213692347208659,0.3931363821029663,0.7409873962402344,0.4331392526626587,0.7962047576904296,0.38868653774261475,0.7531882603963216,138.86054299336527,161.96083266215504,143.76721448417865,71.8076880413539,44.05930541374141,0.7746965090433756,157.05736551388077,0.7611822446187337,89.28751596352822,0.7075543403625488,146.27048241304794,0.7550818125406901,61.980375820735695,0.691644827524821
0.4459819793701172,0.8605122248331706,0.4291870594024658,0.743780517578125,0.3543551921844482,0.7620691299438477,0.38774154186248777,0.662191645304362,0.3512087821960449,0.7690793991088867,0.4193600654602051,0.72154541015625,0.39944412708282473,0.7403220494588216,0.43305535316467286,0.7966629028320312,0.391771125793457,0.7529248237609864,139.6597452286052,163.9202449490256,152.1373925143138,69.36690818882913,46.65317002045049,0.7747938632965088,158.2843219051156,0.7610021114349366,87.45708743545674,0.7075582345326742,149.19709639321255,0.7547007242838542,61.95519057436719,0.691868527730306
0.44611759185791017,0.8601030349731446,0.4286093235015869,0.7367979049682617,0.3544562339782715,0.7623116175333658,0.387631893157959,0.6620186487833659,0.3506596565246582,0.7697399775187175,0.4138030052185059,0.7210398991902669,0.39367587566375734,0.7417788823445638,0.4332124471664429,0.7981840451558431,0.3915327787399292,0.7495547612508138,134.705805999492,164.04393024066468,138.43303496788124,61.90336743997795,49.400454303916746,0.7738694032033284,153.717508921102,0.7596473693847656,87.44840729809634,0.7057867050170898,146.97561489511668,0.7557594299316406,66.08661778600735,0.6915292739868164
0.4498918056488037,0.8624385833740235,0.42054948806762693,0.7116113026936849,0.34587583541870115,0.7404115676879883,0.38836119174957273,0.6615341822306315,0.3403711557388306,0.7377801895141601,0.3935988903045654,0.6774385452270508,0.3752606868743896,0.6896094004313151,0.439985454082489,0.8038501103719076,0.38321266174316404,0.7260114351908367,131.08486890610433,155.49665881905537,131.7620236681182,30.297651191794348,53.89430390725431,0.7649307727813721,164.63949066815218,0.7318958123524983,94.56540030386498,0.6937728087107341,125.91536841747205,0.7136947949727377,71.7720124650248,0.6694863637288412
0.4498910903930664,0.862504514058431,0.42055463790893555,0.7116358439127605,0.3458841800689697,0.7404309590657552,0.3883711576461792,0.6615331649780274,0.34037735462188723,0.7377847671508789,0.39359591007232664,0.6774573008219401,0.37524988651275637,0.6896097183227539,0.440018630027771,0.8038825035095214,0.3832194089889526,0.7260334014892578,131.102719448899,155.4914929137637,131.75845035077515,30.222721336802262,53.885261718308556,0.7649579524993896,164.66130363234456,0.7319090843200684,94.56662140080547,0.6937832832336426,125.89969751178529,0.7136972427368165,71.83519548505396,0.6694952328999837
0.4499670028686523,0.8627777099609375,0.41557917594909666,0.7086458841959635,0.34604320526123045,0.7405225753784179,0.3883150815963745,0.6612863540649414,0.3406589269638062,0.7380538940429687,0.3948930263519287,0.683323351542155,0.3745884895324707,0.6956394195556641,0.4364276885986328,0.804598871866862,0.38081119060516355,0.7245842297871907,126.66169202700192,154.6813701639454,129.20879250715862,35.46427671259488,55.19764720005166,0.7645915508270263,161.45521867714848,0.7313190619150798,96.76079546440059,0.6929352919260661,128.65814681192956,0.7168466567993164,73.37987200377992,0.6723048528035482
0.449949836730957,0.86242249806722,0.4210212230682373,0.7120746612548828,0.3459713697433472,0.7399995803833008,0.3884270429611206,0.6613802591959635,0.3406198501586914,0.7380128224690755,0.3937680721282959,0.6779047012329101,0.3754229784011841,0.6895573933919271,0.43630532026290897,0.8032451311747233,0.38349629640579225,0.7260371208190919,130.11087221909318,156.98991823745234,131.83321435032016,29.958456892734063,55.62850668379147,0.7646411259969076,164.39456701025748,0.7320249716440836,94.36094800366999,0.6937086900075278,125.68781011546943,0.7137851079305013,72.08813299604377,0.6696424802144368
