0,1,2,3,4,5,6,7,8,9,10,11,12,13,14,15,16,17,18,19,20,21,22,23,24,25,26,27,28,29,30,31
0.6167987823486328,0.6892361323038737,0.5578264236450196,0.7320646286010742,0.5386819839477539,0.7308799107869466,0.49451532363891604,0.7178279240926106,0.5089923858642578,0.7376036961873372,0.48899049758911134,0.774305788675944,0.37533016204833985,0.7687163670857747,0.608436894416809,0.676638126373291,0.5482542037963867,0.7314722696940104,157.36520825918228,145.87549355227904,179.0511442503095,131.44501086104498,137.66246746124233,0.7040551980336507,171.12394583799403,0.7345379829406737,14.24640292806086,0.7246500968933105,166.896544793871,0.753160031636556,95.58706063442516,0.7460668563842774
0.5958291053771972,0.6719329198201497,0.60523362159729,0.7057820002237956,0.6143538951873779,0.7041596094767253,0.5239536762237549,0.65039488474528,0.5647799491882324,0.6402464548746745,0.547452163696289,0.6897764205932617,0.6040292739868164,0.6748460133870443,0.6117332935333253,0.68262144724528,0.609793758392334,0.7049708048502604,166.88341650863572,167.7120906748995,37.76997652648897,45.47846170695894,94.95984982169202,0.6937961260477702,55.18256589017105,0.6726086298624674,32.44762834341961,0.6776828447977702,41.397226945450676,0.6575462341308593,59.17598200873569,0.6700856526692709
0.6206617832183838,0.6935279210408528,0.5936830997467041,0.7292133331298828,0.5568992137908936,0.7246873219807942,0.4669105052947998,0.6720270156860352,0.5034452438354492,0.6855685551961263,0.46694388389587405,0.7418514887491862,0.465463924407959,0.7417147954305013,0.6161192893981933,0.6949392000834147,0.5752911567687988,0.7269503275553385,154.81305758785518,161.85581831300476,131.7337954761977,97.8034574798763,141.90192739353483,0.7109447638193767,29.94106018097858,0.7062594413757324,26.874208206618647,0.6994886716206868,124.07722277229598,0.7136416753133138,89.97261056563654,0.7069392522176107
0.6250484943389892,0.6496301015218099,0.6042771816253663,0.7156440734863281,0.6186635971069336,0.7217680613199869,0.45925178527832033,0.6750558853149414,0.5589044570922852,0.6553203582763671,0.5201361179351807,0.7167008717854818,0.5803253650665283,0.7122093200683594,0.6307393789291382,0.68677552541097,0.61147038936615,0.7187060674031576,153.3167162108894,167.9088089542102,57.58394441947853,33.11449742183075,121.10954419178826,0.7027407964070638,50.33099478472536,0.6870132128397624,16.000765081567664,0.6968809763590496,69.36669124629407,0.6837648391723632,34.37219391079894,0.6958783785502116
0.642395305633545,0.6541508992513021,0.6118532657623291,0.717400868733724,0.6120233535766602,0.7248863855997721,0.5125199317932129,0.6624062856038412,0.5438956260681153,0.6615443547566732,0.4005563735961914,0.7932170232137045,0.5727200984954834,0.7220656077067057,0.6391081571578979,0.6982345581054688,0.6119383096694946,0.7211436271667481,159.85875231955285,165.22810180445455,65.8796469478917,149.3883596301842,139.86308660326816,0.7096890926361084,41.21544457617327,0.6913439909617106,30.5750056336567,0.6917749563852946,64.53292909349553,0.6918049812316894,130.56088808180326,0.7278116544087728
0.6542892456054688,0.6438635508219401,0.602932071685791,0.7240555445353191,0.6052113056182862,0.7297798156738281,0.4773143768310547,0.6673121770222982,0.506590747833252,0.6769325892130534,0.3974203109741211,0.7941072463989258,0.5139435291290283,0.7497355143229166,0.6520580291748046,0.6854404131571452,0.6040716886520385,0.7269176801045736,156.19990572839936,160.7383152330314,98.44004054661396,140.2263384640693,139.16131739166437,0.7061790466308594,27.147291857742772,0.7019251346588136,25.184469903999315,0.6971149285634359,84.23292873409446,0.713334051767985,122.21518852474067,0.730709711710612
0.6319849967956543,0.6410932540893555,0.6039321899414063,0.7279696782430013,0.6112366676330566,0.7211068471272787,0.46829986572265625,0.6699350357055665,0.5141435146331788,0.6726444880167644,0.3808979749679565,0.784709612528483,0.4553396701812744,0.7412935892740885,0.6523304939270019,0.6746334393819173,0.6075844287872314,0.72453826268514,151.77836976317116,160.05598426831656,136.86331303755537,142.15531303924274,131.88029431694713,0.6995858510335287,29.04624230286143,0.6985913753509522,21.40649096132134,0.6972366491953532,130.58288993686963,0.7069690386454264,127.28960403643596,0.7273223241170248
0.6332010746002197,0.6314555486043294,0.6107919216156006,0.7184944152832031,0.6188644409179688,0.7118431727091471,0.46062769889831545,0.6736045837402344,0.5011202812194824,0.6632233301798502,0.40436382293701173,0.7933670043945312,0.47968473434448244,0.7400389353434245,0.6583617925643921,0.6732438723246257,0.6148281812667846,0.7151687939961751,159.09390083127573,164.81012207327674,116.01921066701188,135.5465298334903,136.07842058896838,0.6942063331604004,24.552461015365054,0.6891960620880127,15.08535766707567,0.6943866888682046,105.59186553592774,0.7016311327616374,115.16393838877568,0.7334857940673828
0.6329662322998046,0.6348838806152344,0.6048834323883057,0.7115904490152994,0.6138194084167481,0.7045024871826172,0.4565757751464844,0.6747374852498372,0.5036958217620849,0.6609138488769531,0.4021188735961914,0.7964251836140951,0.47400503158569335,0.7276774088541667,0.6534013748168945,0.6744463284810385,0.6093514204025269,0.7080464680989583,161.12366040230842,167.61577969295465,122.22821291233458,137.20601791365561,142.6645702613214,0.6912463982899983,24.041494940624403,0.6844801584879557,12.299464859132115,0.6913919766743978,113.97545646091598,0.69429562886556,114.1091657298606,0.7355813344319662
0.6270709991455078,0.6231859207153321,0.6050770282745361,0.7136450449625651,0.6119137763977051,0.7083449681599935,0.46426825523376464,0.6741844813028971,0.5083188533782959,0.6614744186401367,0.4030881404876709,0.7965597152709961,0.4645042896270752,0.736217753092448,0.6517523765563965,0.6547011057535808,0.6084954023361206,0.7109950065612793,150.99163615168638,159.74939858673457,130.31447183430816,139.1769600934028,127.53914955295441,0.68284805615743,26.304713079482752,0.686234712600708,14.317712208609066,0.6925897439320883,120.37884396121166,0.6988460858662924,116.56224108488222,0.7353720982869466
0.6654099464416504,0.6202174504597981,0.6048263549804688,0.7135582605997721,0.6116446018218994,0.7089270909627279,0.4640958309173584,0.675108528137207,0.4856429576873779,0.6665897369384766,0.4024313449859619,0.7971064885457356,0.465482759475708,0.7279436747233073,0.6585482835769654,0.6711637496948242,0.6082354784011841,0.71124267578125,161.50176013637133,164.76445957485478,114.86277148227666,139.46099603768528,141.45935016265148,0.6912032127380371,20.013580802602206,0.6889162063598633,14.07336347820464,0.6931756019592286,108.18992836143966,0.6972667058308919,116.81454654877484,0.7361075083414713
0.6256129264831543,0.6352499643961589,0.605932092666626,0.7126110076904297,0.6138453960418702,0.7071327209472656,0.45865602493286134,0.6804412206013998,0.5105377197265625,0.6664042790730794,0.4006859302520752,0.8003468195597331,0.468430757522583,0.7304430643717448,0.6521166324615478,0.6708677291870118,0.609888744354248,0.7098718643188477,158.1756125497278,166.15459698589441,131.59993738738692,139.18938446526548,137.2726328243082,0.6903697967529298,23.63010959651399,0.6881380716959635,11.012404733610254,0.6951565424601238,123.32583229873441,0.6984236717224122,115.80211605934139,0.7403940200805664
0.6238401412963868,0.6541254043579101,0.571745777130127,0.7273381551106771,0.6198575019836425,0.7164523442586263,0.4535876750946045,0.6829505284627279,0.5182223320007324,0.6751267751057942,0.3910863399505615,0.7891941706339518,0.42339315414428713,0.7715710957845052,0.6346210956573486,0.6931498209635417,0.5958016395568848,0.7218952496846517,157.71815418947617,167.90983309859587,150.58941070747494,138.665546227239,143.4804129598178,0.7075225353240967,31.083559654761046,0.698511012395223,15.314760983652263,0.7024228890736898,134.5161971296264,0.7233489354451497,120.46757820611896,0.7360723495483399
0.6197240352630615,0.6519034067789714,0.5758388042449951,0.7268497467041015,0.6194452762603759,0.7149398167928059,0.4551527976989746,0.683206049601237,0.5181282043457032,0.6734017054239909,0.39237973690032957,0.788419532775879,0.43572821617126467,0.7560946146647135,0.64401216506958,0.6874284108479818,0.5976420402526855,0.7208947817484537,155.50840818413727,166.46517947739582,147.1635122649491,139.0309418375203,144.1811615665789,0.7041615962982177,30.84958639269763,0.6971482435862223,14.815578721372248,0.7020504156748453,134.89834133702993,0.7147481600443522,120.82138524761025,0.7358127911885579
0.594915771484375,0.6765204111735026,0.5729830741882325,0.724152946472168,0.6028090953826905,0.7088621139526368,0.44956307411193847,0.6855820973714193,0.49744505882263185,0.6724089940388998,0.39656405448913573,0.787157948811849,0.4454806804656982,0.7500033060709635,0.6382998466491698,0.6955314636230469,0.5878960847854615,0.7165075302124024,163.33131862975247,170.41587382178048,137.04523426467662,137.82105578928605,157.40483910320575,0.7060194969177247,25.99110730029622,0.6944582621256511,12.60171261174142,0.7010448137919109,123.80994886440821,0.7112061500549316,117.55410764836708,0.7363700230916341
0.5848102569580078,0.694624392191569,0.5729659557342529,0.7192856470743815,0.5970945358276367,0.7049730936686198,0.4501808166503906,0.6848791122436524,0.5070126533508301,0.678067143758138,0.39655156135559083,0.7919917424519857,0.45386519432067873,0.7487987518310547,0.6234930038452149,0.6983341852823893,0.5850302457809449,0.7121293703715006,166.28446047327444,173.01481595241498,142.54028256168237,139.55964825629593,160.26894578568107,0.705231777826945,23.585924813469433,0.6950982570648193,11.424431316860677,0.6985042413075765,126.92105972675563,0.7134329477945964,116.59625591264762,0.7384354273478191
0.6216728687286377,0.6671243031819661,0.5627813339233398,0.7282875061035157,0.6055510520935059,0.7156795501708985,0.45047726631164553,0.6861409505208333,0.5072899341583252,0.6801840464274088,0.39219186305999754,0.79427064259847,0.4203805446624756,0.7776229858398438,0.6379714488983155,0.6956858317057292,0.5841661930084229,0.7219835281372071,158.23096839081722,167.90598357221265,150.49403576364975,138.95975495491524,153.95260311773046,0.7088346799214682,28.533995316361086,0.7010837872823079,15.008291973154996,0.7040622393290202,131.7309496002929,0.7289035161336264,118.32610417558185,0.7402057965596517
0.6154438018798828,0.6816177368164062,0.5464089393615723,0.7255311330159505,0.598588514328003,0.7148789087931315,0.4481071472167969,0.6888715744018554,0.5159263610839844,0.6808793385823567,0.39023714065551757,0.7909675598144531,0.4445009708404541,0.7527910868326823,0.6336997509002686,0.6984818458557129,0.5724987268447876,0.720205020904541,153.69586309617628,168.8259037383331,149.08871169799357,140.7639740640798,160.45778866417382,0.709343433380127,34.80468711159608,0.7005421797434488,14.138312698479268,0.7045382976531982,134.80559013196182,0.7168352127075195,119.54541485213556,0.7399195671081542
0.6306891918182373,0.6736831029256185,0.5538033008575439,0.7272711435953776,0.5966700077056885,0.721789296468099,0.4496933937072754,0.6903433481852214,0.5073117733001709,0.6957658767700196,0.3924709320068359,0.7933327992757161,0.40658860206604003,0.7946956634521485,0.6420415163040161,0.6956176122029623,0.5752366542816162,0.7245302200317383,156.98560949910544,166.3377372691763,158.10423108200004,139.68616017091685,156.59742652924496,0.7100739161173503,22.95133886637666,0.7101480484008789,15.232942812365621,0.7074367841084799,135.51464603135287,0.7452307701110841,119.05719724396181,0.7418380737304687
0.6299181938171386,0.6742581685384115,0.5525468349456787,0.7279949188232422,0.5962750434875488,0.7156400044759115,0.4489738941192627,0.6893717447916666,0.5068984985351562,0.6877623875935872,0.3924008131027222,0.7935693105061848,0.4119081974029541,0.7865791320800781,0.6416560411453247,0.695667298634847,0.5744109392166137,0.7218174616495768,156.5895433402764,167.3690231795938,155.59752221486684,140.01462930039625,158.75001994369805,0.7087423801422119,26.767594230836266,0.7047899246215821,14.50235097429308,0.7055946032206217,133.86892360587035,0.7371707598368327,118.49932850124193,0.7414705276489257
0.629172945022583,0.6743004480997722,0.5426901817321778,0.7275400797526042,0.5962634563446045,0.7223604202270508,0.4487306118011475,0.6898760477701823,0.5084507465362549,0.6881126403808594,0.3927818536758423,0.7935400644938151,0.40216894149780275,0.7947724024454753,0.6373265504837036,0.6956091245015462,0.5694768190383912,0.7249502499898275,152.2123011705229,165.54372669203207,157.55041571496045,139.57160658976457,156.61428018439653,0.7102796872456869,31.116744614231322,0.7065314451853435,16.197455951959938,0.7074131488800048,134.89830393384327,0.7414425214131674,118.35628796002925,0.7417080561319986
0.6300601959228516,0.6743900299072265,0.545159101486206,0.7275859832763671,0.5956175327301025,0.7158270517985026,0.44876809120178224,0.6896999994913737,0.5001045227050781,0.6867794672648112,0.39205162525177,0.7935365041097006,0.41258769035339354,0.7863922119140625,0.6420481681823731,0.6958676338195802,0.5703883171081543,0.7217065175374349,157.23868813866582,167.08361847217353,153.5913140988926,140.5822392307448,160.17186968910372,0.7087870756785075,26.424764297277648,0.7042429924011231,14.744089536251266,0.7057032585144043,131.30158997754992,0.7365858395894369,118.64377807738313,0.7416182518005372
0.6218967914581299,0.6758724848429362,0.5527132511138916,0.7278313954671224,0.595590877532959,0.7152475992838542,0.4490419864654541,0.6897652308146159,0.5058375835418701,0.6866978963216146,0.39177966117858887,0.792957878112793,0.4202136516571045,0.7774780909220378,0.6398104429244995,0.695788033803304,0.5741520643234252,0.7215394973754883,156.85921228412835,167.55814751574584,153.2960121310604,140.4118802270832,158.58470123588543,0.7086637655893961,27.02239084285,0.7041186968485514,14.250152526781022,0.705652364095052,133.32573079058338,0.7320879936218262,119.02620207052126,0.7413615544637044
0.6212953567504883,0.6826745351155599,0.5442911148071289,0.7272404988606771,0.5884419918060303,0.7146611531575521,0.44751739501953125,0.6946287155151367,0.5068030834197998,0.6869991938273112,0.3919448614120483,0.7933610280354818,0.42005672454833987,0.776630719502767,0.6400381326675415,0.6990367253621419,0.5663665533065796,0.7209508260091146,155.4790774376978,168.82363122453043,154.89774643798933,141.91895958634515,163.4345405939749,0.7099937756856283,29.683470050892907,0.7039750099182129,12.48800015177784,0.7077897707621257,134.06284657233266,0.7318149566650392,119.37344819791875,0.7439948717753093
0.5996340274810791,0.6815272649129231,0.5734567642211914,0.732419204711914,0.5829931259155273,0.7098586400349934,0.4527882099151611,0.6837772369384766,0.4792153358459473,0.6752752939860026,0.38817129135131834,0.7877919514973958,0.4238463878631592,0.7512478510538737,0.6383557319641113,0.6947025299072266,0.5782249450683594,0.7211389223734537,162.10530166677142,166.78308978408668,137.12067478860766,141.17582788911437,156.26739478115346,0.7079207261403402,24.85470490765198,0.6982071081797281,16.586311320552113,0.7024580796559652,126.0846387447497,0.7132615725199382,121.84973379250883,0.7357845942179362
0.6068839073181153,0.6730227788289388,0.5728037357330322,0.7258616765340169,0.5915132522583008,0.7102326075236003,0.45246410369873047,0.6842366536458333,0.48029351234436035,0.6753316243489583,0.38805446624755857,0.7879626592000325,0.41954874992370605,0.7580799738566081,0.6413522958755493,0.6893518765767415,0.5821584939956665,0.7180471420288086,162.22509325029665,166.93980007765435,140.11261579628822,141.64742513597466,154.13737352039905,0.703699509302775,22.749993204022303,0.6966893831888834,14.611430141729215,0.701141897837321,126.28203200735014,0.7167057991027832,121.83860189910436,0.736099656422933
0.6069226741790772,0.6727137883504232,0.5729316234588623,0.7258360544840495,0.5916934490203858,0.7101963043212891,0.4524999141693115,0.6842514038085937,0.4803164482116699,0.6753434499104818,0.3882580280303955,0.7882132848103841,0.41974592208862305,0.7582504908243816,0.6414069890975952,0.6893985748291016,0.582312536239624,0.7180161794026694,162.28314960664778,166.98096323422,140.0522956693122,141.60048940166857,154.1605373728737,0.7037073771158855,22.703270827371483,0.6966798146565756,14.579794759395668,0.7011337916056315,126.15125228705992,0.7167969703674317,121.71345043994646,0.7362323443094889
0.6074847221374512,0.6733344395955404,0.5728253364562989,0.7259352366129558,0.5915890216827393,0.7103677749633789,0.45239968299865724,0.6842955271402995,0.4802027702331543,0.6755026499430339,0.38686428070068357,0.7904468536376953,0.4196472644805908,0.7582832336425781,0.641221022605896,0.6892050425211589,0.5822071790695191,0.7181515057881673,162.17386601480325,166.87135885175078,140.05366998766684,141.9994737344743,153.87191388182939,0.7036782741546631,22.69019323635368,0.6968270778656006,14.61804455936317,0.7012235164642334,126.1861504371484,0.716892941792806,121.69023369056923,0.7373711903889975
0.6069436073303223,0.6622526168823242,0.5740094661712647,0.7324177424112955,0.5937219142913819,0.7108160018920898,0.4524533748626709,0.684453837076823,0.4821671962738037,0.6755808512369792,0.387479305267334,0.7903034210205078,0.41973128318786623,0.7584129969278971,0.6448248624801636,0.6894317944844564,0.5838656902313233,0.7216168721516927,160.51230766609046,165.69154569832406,139.64349645796815,140.82040705137143,152.166949547418,0.7055243333180745,24.354912717191667,0.6985988616943359,15.79075460585824,0.7030353546142578,127.00768212098782,0.7169969240824381,121.54301581017071,0.7373786290486654
0.6154682636260986,0.6535606384277344,0.58170166015625,0.7256373087565104,0.601778507232666,0.7055866241455078,0.4557653903961182,0.6827847798665364,0.49403905868530273,0.6728912989298502,0.3874056816101074,0.7911478042602539,0.4252925872802734,0.750772221883138,0.6461588621139527,0.6829519271850586,0.591740083694458,0.7156119664510091,160.1660214971001,166.4775927363643,143.36302029681767,142.53308774149937,149.02945278771213,0.6992819468180338,23.617794199859844,0.6942516326904297,13.572707483288724,0.6991983731587728,131.43524970397024,0.7118317604064941,122.2453602899216,0.7369662920633951
0.6175159454345703,0.6553091049194336,0.5744280338287353,0.7252510070800782,0.6002504348754882,0.7108157475789388,0.45348224639892576,0.6837802251180013,0.49341206550598143,0.6730447133382161,0.3880666732788086,0.7908266067504883,0.42550368309020997,0.751344108581543,0.6467426538467407,0.6831357638041178,0.5873392343521118,0.7180333773295084,158.172136146833,165.45532034676597,142.5656109275212,141.49590422661157,149.5671233475484,0.7005845705668131,25.59320531681439,0.6955390453338623,14.353617360837006,0.7009068012237549,130.93481391740556,0.7121944109598796,121.42891866171055,0.7373034159342449
0.599477481842041,0.6769217173258464,0.5747744560241699,0.7244228998819987,0.5922686576843261,0.7026248296101888,0.45342469215393066,0.6832234700520833,0.4835347175598145,0.6727582295735677,0.3893239498138428,0.791431999206543,0.42548375129699706,0.7511736551920573,0.6414518833160401,0.6920035362243653,0.583521556854248,0.7135238647460938,164.76713725502248,169.56270332279465,139.91251574462714,142.50137409030347,159.6206531148419,0.7027637004852295,22.18121396959316,0.6931410471598307,13.11082261917332,0.6983736673990886,126.51255882218294,0.7119659423828124,120.64172032954683,0.7373277346293131
0.599473237991333,0.679861577351888,0.5741222381591797,0.7245876312255859,0.5902178287506104,0.7027943929036459,0.4536138534545898,0.6837371190388998,0.4826854705810547,0.6728692372639974,0.3893367052078247,0.7914332707722982,0.4252313137054443,0.7515577952067057,0.6446882247924804,0.6920087178548178,0.582170033454895,0.7136910120646158,164.4279098000696,169.36274679814284,139.70017837961456,142.78756699062984,160.8726479360266,0.7028498649597168,22.3099490391335,0.6932801246643066,13.116036626449358,0.6987140655517579,126.134910857188,0.7122135162353516,120.83035502824276,0.7375851949055989
0.6146128177642822,0.6719465255737305,0.5723026752471924,0.7261499404907227,0.5889440059661866,0.70969664255778,0.45345268249511717,0.6843875249226888,0.48221869468688966,0.6726128896077473,0.38744773864746096,0.7906703313191732,0.420882511138916,0.760041618347168,0.65486798286438,0.6932428359985352,0.5806233406066894,0.7179232915242513,162.0902942849677,167.74444101810982,139.822645432179,142.47719584790352,161.61212538450226,0.7055830637613932,24.723698490819658,0.6952680905659994,14.772971605563129,0.7011554082234701,125.05182525985582,0.7163272539774577,121.84157307024455,0.737528928120931
0.6148209571838379,0.6719184875488281,0.5726669311523438,0.7262587865193685,0.5884129524230957,0.7092905680338542,0.4534445762634277,0.6843355178833008,0.48160638809204104,0.6723194122314453,0.38694047927856445,0.7882992426554362,0.4209914207458496,0.7599757512410482,0.6548045873641968,0.6931197802225749,0.5805399417877197,0.7177746772766114,162.1716494226344,167.75730921417036,139.47974762488258,142.62217219528438,161.6345043780047,0.7054472287495932,24.67653223606149,0.6950470447540283,14.7406159705086,0.7010550975799561,124.66412747033584,0.7161475817362468,122.60646161812402,0.7363173802693685
0.6235733032226562,0.6643758773803711,0.5724774837493897,0.7264014561971028,0.5897524356842041,0.7099637985229492,0.4530942440032959,0.6843358993530273,0.4830589771270752,0.6721654256184896,0.38642685413360595,0.7878177007039388,0.4208801746368408,0.7598018646240234,0.65764479637146,0.6935135841369628,0.5811149597167968,0.718182627360026,161.83101542328322,167.75971384805925,139.91623937801992,142.4722226244217,162.13351079706362,0.7058481057484944,25.14043979319345,0.6951740264892579,14.809285187762839,0.7012592633565267,125.35602654371648,0.7159836451212565,122.79136127709113,0.736076800028483
0.5888919830322266,0.7128770192464192,0.5781691551208497,0.7272344589233398,0.5616472244262696,0.7064119974772135,0.4607121467590332,0.678489621480306,0.46483154296875,0.674685541788737,0.4413548469543457,0.7519456227620442,0.46963253021240237,0.7356543223063151,0.6205972909927369,0.7028792063395182,0.5699081897735596,0.7168232282002767,168.40778269579306,169.3295073668293,96.1334211081014,120.04408988452536,164.61899997123302,0.7098512172698974,21.851701840648474,0.6957543849945068,19.3437806976213,0.6976564248402913,85.49753418101868,0.705169932047526,104.76309164606351,0.7152176221211751
0.5889337062835693,0.7128523508707683,0.5780860424041748,0.7272424697875977,0.5616770267486573,0.7064156214396159,0.4606729507446289,0.678491719563802,0.4648439884185791,0.6746786117553711,0.4413154602050781,0.751971944173177,0.46962757110595704,0.7356386184692383,0.6206493616104126,0.7028862317403157,0.5698815345764161,0.7168290456136068,168.39684088746597,169.32667815914573,96.13940202111523,120.04663487667737,164.6429920054647,0.7098576386769613,21.865058974199144,0.695753828684489,19.343461603413374,0.6976603825887044,85.51314673408218,0.7051586151123047,104.7585764156147,0.7152318318684896
0.5884415149688721,0.7125320434570312,0.5784592151641845,0.726964823404948,0.5622377872467041,0.7060522715250651,0.46062722206115725,0.6785074869791666,0.46503872871398927,0.6745992660522461,0.441327428817749,0.7519512176513672,0.4698200225830078,0.735483996073405,0.6243696689605713,0.7033535321553548,0.5703485012054443,0.7165085474650066,168.52931667238045,169.52505572288948,96.19897388368945,120.08400366142804,166.3139423647787,0.7099310398101807,21.70067309758349,0.6955539067586263,19.103105857999907,0.6975080172220867,85.50976266236408,0.7050416310628256,104.7234937114155,0.7152293523152669
0.5876687526702881,0.7122953414916993,0.5785967826843261,0.7266385396321614,0.5629390239715576,0.6996980667114258,0.46039490699768065,0.678472900390625,0.4655508041381836,0.6745576858520508,0.44320197105407716,0.7446967442830403,0.47011990547180177,0.7352654774983723,0.6206388473510742,0.7038473129272461,0.5707679033279418,0.7131683031717936,170.54361597782744,171.54762400236265,98.07858734096844,118.43641448729502,169.41343525406685,0.7085078080495198,20.151189271590397,0.6938629945119221,17.45037585238839,0.6958206017812093,85.69581477819152,0.7049115816752116,104.55374077004244,0.7115848223368326
0.578528881072998,0.7200824737548828,0.5791141986846924,0.726930300394694,0.5623652935028076,0.6998043696085612,0.4626613140106201,0.6786781311035156,0.4650728702545166,0.6744111378987631,0.45186758041381836,0.7432994206746419,0.47922825813293457,0.7356258392333984,0.6164506196975708,0.7065628369649251,0.57073974609375,0.7133673350016276,171.75366598709343,172.48235907520424,90.65037569899351,113.61591177927406,171.53315266291142,0.7099650859832763,20.237412592610724,0.6938892364501954,17.794720819349095,0.6960227330525717,76.9796874180068,0.7050184885660807,99.48261000389982,0.7109887758890787
0.5713251113891602,0.7223202387491862,0.5799832820892334,0.7270947774251302,0.561922025680542,0.6998881657918294,0.46291890144348147,0.6787691116333008,0.46455917358398435,0.6745774586995442,0.45240144729614257,0.7432329177856445,0.4793422698974609,0.7356753667195638,0.6117282152175902,0.7062947273254394,0.5709526538848877,0.7134914716084798,172.07185340666743,172.66213390097192,90.01067998501205,113.349704678626,169.99057983270356,0.7098930994669597,20.09027673071992,0.694034465154012,17.817555121693374,0.6961302916208902,76.39826648919507,0.705126412709554,99.26632608442593,0.7110010147094726
0.5766830921173096,0.7221724192301432,0.5801198959350586,0.7275197347005208,0.5610459804534912,0.7063434600830079,0.4627946376800537,0.6785630544026693,0.4638046741485596,0.6745152155558268,0.44377660751342773,0.7449047724405925,0.4707030296325684,0.7355400085449219,0.6106431484222412,0.7030083974202475,0.5705829381942749,0.7169315973917643,169.31659727191607,169.79457582183852,94.10421318264834,118.43596387343675,160.834755031548,0.7099699974060059,21.664855435428194,0.6957234064737956,19.593799001417437,0.6977473258972168,83.55055742204188,0.7050276120503743,105.99588897260878,0.711733913421631
0.597270154953003,0.7121871948242188,0.577171516418457,0.733570671081543,0.5612162590026856,0.7069665908813476,0.4595194816589355,0.6792669932047526,0.46468267440795896,0.6741641362508138,0.42177648544311525,0.7580585479736328,0.46057496070861814,0.7358563741048177,0.6245386838912964,0.7027705828348796,0.5691938877105713,0.7202686309814452,166.3413785413842,167.60789145287234,101.97603183270994,129.97347035834224,162.45490576698782,0.7115196069081624,23.80438620577098,0.6972163836161296,20.498193009233944,0.6997678120930989,93.80935721990873,0.7050102551778158,115.59551004764239,0.7186627705891927
0.5902337551116943,0.712376594543457,0.5775465965270996,0.7334356307983398,0.5618057250976562,0.7066511789957682,0.45925402641296387,0.6793485641479492,0.4647273063659668,0.6741643269856771,0.42169928550720215,0.758199946085612,0.4608006477355957,0.735692024230957,0.6282307147979737,0.702562967936198,0.5696761608123779,0.7200434048970541,166.24045342654284,167.59165777603437,101.83070528675053,129.9261991728228,163.37792631441624,0.711303186416626,23.612858272310092,0.6971038659413655,20.230799279975997,0.6996959845225017,93.65162811069726,0.704928175608317,115.46717355824707,0.7187742551167806
0.5986523151397705,0.7055589040120442,0.5782356262207031,0.7268708546956381,0.5687180042266846,0.7068454106648763,0.45910096168518066,0.6795719782511394,0.48337230682373045,0.6706460316975912,0.42140893936157225,0.758358891805013,0.46086959838867186,0.7356218973795573,0.6326841354370117,0.7027748107910157,0.5734768152236939,0.7168581326802572,164.99165773219642,169.55778618982498,118.56249286142449,130.8315003897548,166.62001189157678,0.7098164717356364,27.152028233745455,0.6937520821889243,18.05579916111813,0.6982150554656983,109.1022027713764,0.7031339645385742,115.56666721182725,0.7189654350280762
0.5845380783081054,0.7228749593098959,0.602778434753418,0.7186556498209635,0.566275691986084,0.6907094319661459,0.46315417289733884,0.6790943145751953,0.46457061767578123,0.674811045328776,0.48900771141052246,0.7387744903564453,0.5077636241912842,0.7250618616739909,0.6201865911483765,0.6979665120442708,0.584527063369751,0.7046825408935546,174.48008528698196,174.94800725187423,64.18738274457247,86.21973328388141,169.33399230059788,0.7013245264689127,13.983358034311777,0.6897467931111654,11.90494768810484,0.691888427734375,49.31934775099828,0.6999364535013834,66.57766939701342,0.7089344024658203
0.5838517665863037,0.7232990900675456,0.5951234340667725,0.7179973602294922,0.5663318634033203,0.6908137003580729,0.4631195068359375,0.6791797637939453,0.46454610824584963,0.6748600006103516,0.4796889305114746,0.7385620752970378,0.5003403186798095,0.7265837987263998,0.6170892953872681,0.698122501373291,0.5807276487350463,0.7044055302937826,174.40252994227882,174.90784702591512,70.73954660065097,93.08735433891268,170.19650848282237,0.7012640158335368,14.268148442450496,0.6896327654520671,12.105945656498761,0.691792647043864,55.31576040688862,0.7007218996683757,74.40932328353642,0.7088709195454915
0.6288837909698486,0.6739459991455078,0.5807255268096924,0.7208459854125977,0.5921236991882324,0.7054401397705078,0.4611781597137451,0.6784674962361653,0.48839731216430665,0.6702807744344076,0.4305448055267334,0.7538796106974284,0.45945396423339846,0.7357629776000977,0.6563579559326171,0.6919109662373861,0.5864246129989623,0.7131430625915527,163.72095540622783,168.46494869055556,123.94689653132247,126.75334677487722,163.1114598682796,0.7025270144144694,23.617280730024476,0.6917119185129801,15.475210647001859,0.695805279413859,113.84558540658206,0.7030218760172526,112.10761103660212,0.7161735534667968
0.6212738990783692,0.6749562581380208,0.5676167011260986,0.7328089396158854,0.5773085594177246,0.7158523559570312,0.45705838203430177,0.6803882598876954,0.4949528217315674,0.6711937586466471,0.3953691005706787,0.790191650390625,0.436644458770752,0.7448432922363282,0.6466816186904907,0.6932744979858398,0.5724626302719116,0.7243306477864584,153.8473896426825,163.04238145723946,136.95715606525425,139.72811090522106,157.29364404513265,0.7088025728861491,34.43260645060269,0.6977622032165527,20.845294111429354,0.7023594538370769,128.36867242547362,0.7080185254414877,119.32796615694234,0.7352899551391602
0.6302617073059082,0.6766607284545898,0.5657740592956543,0.7397420247395833,0.5674911975860596,0.7226959228515625,0.4582789897918701,0.6805486679077148,0.49199581146240234,0.6711727142333984,0.39384868144989016,0.7891719182332356,0.4412990093231201,0.7511218388875326,0.6499641418457032,0.6927245457967122,0.5666326284408569,0.7312189737955729,148.95185875031243,158.57196708868133,131.4025019255346,139.21627871374278,155.20574377236576,0.7119717597961426,38.817115753920774,0.7011958440144856,25.06258888947073,0.7058838208516438,122.37932693529422,0.7111472765604655,120.67446564146312,0.7348602930704753
0.6303029537200928,0.6765902201334636,0.5658356666564941,0.7397459665934245,0.5674607753753662,0.7226999282836915,0.4582677364349365,0.6805717468261718,0.4918396472930908,0.6712080001831054,0.39385988712310793,0.7891782760620117,0.44127817153930665,0.751156997680664,0.6499506950378418,0.6927006721496582,0.5666482210159302,0.731222947438558,149.0027779852489,158.57176531088524,131.34464324879286,139.211656454168,155.18235914748766,0.7119618097941081,38.73822138856869,0.7012154738108317,25.048853781803615,0.7058973471323648,122.31014598156105,0.7111824989318847,120.6695713133206,0.7348750114440918
0.6305733680725097,0.676462999979655,0.5657764434814453,0.7397355397542318,0.5675139427185059,0.7227418263753255,0.4583031177520752,0.6805671056111654,0.4918380260467529,0.6712226867675781,0.3938435077667236,0.7891532262166341,0.4412065029144287,0.7512042999267579,0.6499743461608887,0.6927067120869954,0.5666451930999756,0.7312386830647786,148.99746510515698,158.55853308976404,131.37912532774283,139.22308869216346,155.18385556943542,0.711972697575887,38.73923610070767,0.7012306849161783,25.06548713712172,0.7059028943379719,122.33542754260355,0.711213493347168,120.69449499794256,0.7348601659138998
0.6330233097076416,0.6636742273966472,0.5755919933319091,0.7370446523030599,0.5842570304870606,0.7157173156738281,0.45598549842834474,0.6806415557861328,0.4952541351318359,0.6712729136149088,0.3934196949005127,0.7848866144816081,0.43302021026611326,0.7504793167114258,0.6550073385238647,0.690356699625651,0.5799245119094849,0.7263809839884441,153.75389386883208,162.53816972762178,137.47325887852222,138.38772178353864,154.36859102403017,0.7083688418070475,33.05825980547513,0.6988269488016765,20.256474531318048,0.7035112698872885,128.1573707980514,0.7108761151631673,120.97134089190912,0.7327640851338705
0.6302493572235107,0.6752158482869466,0.5652642250061035,0.73960755666097,0.568521785736084,0.7236729303995768,0.4575793743133545,0.6811571756998698,0.47647533416748045,0.6729341506958008,0.3934195041656494,0.7854305903116862,0.4299172401428223,0.7616342544555664,0.6543761253356933,0.6963769594828289,0.5668930053710938,0.7316402435302733,154.51215045956238,159.63394283618965,130.04596887964902,138.83168283933347,158.04629079151766,0.7140086015065511,32.99472720421801,0.7022871971130371,24.788371143854448,0.7063987096150716,117.69468202720921,0.7172842025756836,121.60416030836763,0.733293883005778
0.6286169052124023,0.6841229756673177,0.5621447086334228,0.7273920059204102,0.5746945381164551,0.7119961420694987,0.4536882877349854,0.6821617762247721,0.47281336784362793,0.6738609949747721,0.39917161464691164,0.7897881189982097,0.4686317443847656,0.7500596364339193,0.6496899366378783,0.6924978574117024,0.568419623374939,0.7196940739949544,160.40207487431417,164.90409766655142,110.0661862215444,139.3607653970378,161.4977491581387,0.7060959657033284,25.61278638162173,0.6967775344848632,18.114579854162912,0.7009279251098632,93.14112286061265,0.7119603157043457,116.86387913212172,0.735974947611491
0.6290271759033204,0.6835201263427735,0.554475736618042,0.7269283930460612,0.5754635334014893,0.7125337600708008,0.45347914695739744,0.6822013219197591,0.4735217571258545,0.6741261164347331,0.3993997097015381,0.7899689356486003,0.4686609745025635,0.750340461730957,0.6466214418411256,0.6953557968139648,0.5649696350097656,0.719731076558431,160.48669570958955,165.29208371210106,111.28085934451778,139.63576290690543,163.37820830911994,0.7075434366861979,26.505384128362522,0.6969285964965821,18.604182237648416,0.7009661992390951,93.64925572261764,0.7122332890828451,116.64819789995755,0.7360851287841796
0.6296707630157471,0.6841559727986654,0.5539290904998779,0.7272659301757812,0.5673974990844727,0.7180120468139648,0.4534660816192627,0.6811023712158203,0.47309179306030275,0.6737154006958008,0.3992404222488403,0.7897202173868815,0.4682310104370117,0.7503971735636393,0.6466684341430664,0.6954415321350098,0.5606632947921752,0.722638988494873,157.9436673638729,163.06433698152685,110.34252086037193,139.09582228232838,162.45145205112286,0.7090402603149414,29.19079078180937,0.6981771945953369,21.18027934582682,0.7018706798553467,93.62707058961556,0.71205628712972,116.5299031986733,0.7354112943013509
0.6293557643890381,0.6835947036743164,0.5535517692565918,0.7270540237426758,0.5677522182464599,0.7180922190348308,0.4537497997283936,0.6818395614624023,0.4734952449798584,0.67366148630778,0.41008996963500977,0.7764938990275065,0.468395471572876,0.7502782821655274,0.6465808868408203,0.6953813552856445,0.5606519937515259,0.7225731213887533,157.85167215227222,163.15843934143095,110.5234217418968,134.46574122687542,162.4402865081213,0.7089772383371988,29.30077428687443,0.6981173038482666,20.85863030826161,0.7022063414255778,93.80810901644212,0.7119698842366537,114.76177185110014,0.7291667302449545
0.6299972534179688,0.6782091776529948,0.5530547142028809,0.7268073399861653,0.5677845001220703,0.7180138905843099,0.45135836601257323,0.682598876953125,0.47365965843200686,0.6738395690917969,0.40977940559387205,0.7764733632405599,0.469049072265625,0.7503400802612304,0.6460034370422363,0.6924489657084147,0.5604196071624756,0.7224106152852376,156.92130268927002,162.8428885671622,110.4459244310492,133.63192964880636,160.7055946688165,0.7074297904968262,29.241523523192996,0.6981250921885173,20.054115116060558,0.7025047461191813,93.44897012443673,0.7120898246765137,113.88954801183591,0.7295361200968424
0.6049640655517579,0.704443359375,0.5554903984069824,0.7316301981608073,0.5488797187805176,0.7137172063191731,0.459318733215332,0.6809577941894531,0.46834611892700195,0.6752206802368164,0.3943215847015381,0.7978315989176432,0.475069522857666,0.7402744293212891,0.6167716264724732,0.69625883102417,0.55218505859375,0.7226737022399903,158.55753064888117,161.36069146094894,96.95621080277836,144.53864535867197,157.7562250814137,0.7094662666320801,29.509955346810045,0.6989471912384033,24.1897982251636,0.7018157482147217,84.0993438743848,0.7077475547790527,119.07979339156495,0.7393946965535482
0.6056057929992675,0.6981195449829102,0.5554962635040284,0.7312632242838542,0.549102783203125,0.7133519490559895,0.4603783130645752,0.6786391576131184,0.4683664798736572,0.6751265207926432,0.3940221548080444,0.7978695551554362,0.47511000633239747,0.7402358373006185,0.6169576406478882,0.6961551666259765,0.5522995233535767,0.7223075866699218,158.71348230673053,160.9722556939317,97.1626605973361,144.61748100739246,157.97802981630616,0.7092313766479492,29.34153500331894,0.6987170537312826,25.410695280515114,0.7004733721415202,84.08682398032302,0.7076811790466309,119.09756759836627,0.7382543563842774
0.5958178520202637,0.7059143702189128,0.5559619903564453,0.7316682815551758,0.5492550373077393,0.7067537943522135,0.4592724800109863,0.6810146967569987,0.46807279586791994,0.6750783284505208,0.3939018249511719,0.7979351043701172,0.4844569206237793,0.7398964564005533,0.6083526849746704,0.6961890856424967,0.5526085138320923,0.7192110379536947,160.99097890988102,163.5558550535956,92.69857118196072,145.59274470707444,157.55971750149416,0.7077000617980957,27.567256520473848,0.6971446832021078,22.256079434188308,0.7001128673553467,75.81444201540697,0.7074873924255372,119.20972557033049,0.7394749005635579
0.5955853462219238,0.7058382034301758,0.5566158771514893,0.7255584716796875,0.5419925689697266,0.7061311721801757,0.4591821193695068,0.6810885111490885,0.46772027015686035,0.6751419067382812,0.43488731384277346,0.7586836496988932,0.48448987007141114,0.7397513071695964,0.6083938598632812,0.696264108022054,0.549304223060608,0.7158448219299316,162.02420358235432,164.71777273245172,95.69601713941975,127.91158148211512,161.66619427459972,0.7060544649759928,26.51499170308867,0.6954933643341064,21.08953245865328,0.6984666665395101,75.4497458543918,0.7074466069539388,107.3851820075093,0.7198860804239908
0.5956045150756836,0.7065659840901692,0.5560264110565185,0.7318590164184571,0.5494073867797852,0.7064026514689128,0.45931425094604494,0.6810498555501302,0.4682019233703613,0.6748751958211263,0.4238434314727783,0.7622697194417317,0.4845649242401123,0.7398989359537761,0.6083447217941285,0.6962517738342285,0.5527168989181519,0.7191308339436849,161.03425160529102,163.64323550148475,92.82266677717988,132.0995078692106,157.64321888401264,0.7076913038889567,27.638468163014892,0.6970030148824056,22.1811003159728,0.7000903447469076,75.8749992305511,0.7073870658874513,113.5921407780161,0.721659787495931
0.5764832973480225,0.721366818745931,0.5763139247894287,0.7262900034586589,0.551316499710083,0.706123415629069,0.4582974910736084,0.6808754603068033,0.46642341613769533,0.6743478139241537,0.3973850727081299,0.7960636774698894,0.4971918106079102,0.7391885121663412,0.600707197189331,0.6982220649719237,0.5638152122497558,0.716206709543864,166.82326672989143,168.4323990426985,83.64651133785203,143.5029831126306,154.01101498432624,0.7072143872578939,23.257984280871426,0.6952772617340088,18.512458066771757,0.6985410849253337,64.61459081193105,0.7067681630452474,117.87023163013482,0.7384695688883464
0.5590088844299317,0.7317376454671224,0.5879076957702637,0.7268202463785808,0.5498908042907715,0.6992076873779297,0.45935816764831544,0.6811159133911133,0.4644726276397705,0.6747178395589193,0.39750242233276367,0.7969594319661458,0.5067926406860351,0.7395454406738281,0.5874684572219848,0.6949081420898438,0.5688992500305177,0.7130139668782552,169.18282945948195,169.90932996174266,79.99496072409,144.19475591812483,135.72388330434495,0.7039610544840496,20.139382153742986,0.6938659032185872,16.235410521244688,0.6970649401346842,56.86315369074559,0.7071316401163736,118.100410618772,0.7390376726786296
0.5854606628417969,0.7143246968587239,0.5570964336395263,0.7276718775431316,0.5595727443695069,0.7090892791748047,0.45914397239685056,0.6821728388468424,0.4747933864593506,0.6733894348144531,0.3963061809539795,0.7971401214599609,0.4940509796142578,0.741640281677246,0.6046047687530518,0.6981903711954753,0.5583345890045166,0.7183805783589681,162.51152101669433,166.23015895908296,94.13472373761141,144.58342139188238,156.42572728555328,0.7082854747772217,28.30470022165224,0.6958850065867106,20.053695128822028,0.7002767086029053,74.24310760727705,0.7075148582458496,118.65974019104016,0.7396564801534017
0.5852710247039795,0.7138170878092448,0.5554840564727783,0.7274871826171875,0.5604565620422364,0.7089303334554037,0.459043025970459,0.6819030125935872,0.475147008895874,0.6731094360351563,0.3937356948852539,0.7994781494140625,0.4946877956390381,0.7414658228556316,0.6087917566299439,0.704183038075765,0.5579703092575073,0.7182087580362956,164.51984228303786,168.30969680792865,94.22552367680375,145.37798082357716,164.57154204028376,0.7111958980560302,28.569377847335602,0.6956590970357259,20.15284713163959,0.7000558853149415,74.0465524819353,0.7072876294453939,119.05006482204224,0.7406905810038249
0.6066357612609863,0.6885081609090169,0.5545298099517822,0.726235834757487,0.5781725883483887,0.7054367065429688,0.45598859786987306,0.6815733591715495,0.516201114654541,0.6715744018554688,0.3960225820541382,0.7946619669596354,0.4708847999572754,0.742416508992513,0.6280726194381714,0.6983386357625325,0.5663511991500855,0.7158362706502279,152.02335802644902,168.31712285169093,138.16479001867242,142.7691184103627,164.17229995321517,0.7070874532063802,41.431241014588096,0.6937053362528484,17.247354439660967,0.6987048149108888,122.606254628187,0.7069954554239909,117.93508034005607,0.7381176630655925
0.5991146564483643,0.6962312698364258,0.5543843746185303,0.7260691324869791,0.5778339385986329,0.7053045272827149,0.4591083526611328,0.6814033508300781,0.5254542827606201,0.6729374567667643,0.40823140144348147,0.7737787246704102,0.4806161880493164,0.7419961929321289,0.6240709781646728,0.6981844266255697,0.5661091566085816,0.715686829884847,147.92138919683015,168.04285650693654,140.0997230519509,139.0456925507944,163.19755620528298,0.7069356282552084,46.43854486159037,0.6943121433258057,17.765663354144237,0.6985450903574626,122.99464670357753,0.7074668248494467,118.8443528780016,0.7275910377502441
0.5657465934753418,0.7292781829833984,0.5877874851226806,0.7200382232666016,0.5502803802490235,0.6976514180501302,0.4601292610168457,0.6812145868937175,0.4645949363708496,0.6744621276855469,0.49062404632568357,0.7410485585530598,0.5071060180664062,0.7397224426269531,0.5909181356430053,0.6949079195658365,0.569033932685852,0.708844820658366,170.9715416062745,171.74083124037298,83.42057656254202,85.32248427131115,147.50907739398633,0.7018763701121012,18.222225652552055,0.6916534741719564,14.23614613572093,0.6950297037760418,56.91946306122803,0.70709228515625,62.99402958347522,0.7111315727233887
0.644591999053955,0.6672187805175781,0.5457393169403076,0.7343896865844727,0.5772057056427002,0.7285263061523437,0.45250754356384276,0.6862218221028645,0.5046402454376221,0.6824530283610026,0.3929962158203125,0.788179079691569,0.4283774375915527,0.7760440826416015,0.6393655776977539,0.7009129524230957,0.561472511291504,0.7314579963684082,147.03169043393268,161.9499566839881,147.695474018692,138.8785255131593,158.58783164914792,0.716185474395752,40.770333822310505,0.7069555123647054,22.54549781953716,0.7088399092356363,129.1749200226372,0.7292485555013021,120.27163843879555,0.7372004508972168
0.6446067810058593,0.6671836853027344,0.5457162857055664,0.734391721089681,0.577423095703125,0.7286759694417317,0.4522416591644287,0.6863211313883464,0.5048166275024414,0.6825790405273438,0.3929734230041504,0.7881840387980144,0.42841081619262694,0.7760561625162761,0.6393026113510132,0.7010033289591471,0.5615696907043457,0.7315338452657063,147.02000569386465,162.02029013692456,147.74929555019145,138.76560494704458,158.55699972063246,0.7162685871124267,40.78083076461408,0.707056442896525,22.46758849875647,0.7089274883270263,129.26168647330167,0.7293176015218099,120.19269224961056,0.7372525850931804
0.6369041919708252,0.6688009262084961,0.5458813190460206,0.7341887156168619,0.5771361351013183,0.7277028401692708,0.4517601490020752,0.6859720865885417,0.5045729637145996,0.6819983800252278,0.39298548698425295,0.7881356557210286,0.42824673652648926,0.7757630666097005,0.6405596494674684,0.6987300872802734,0.5615087270736694,0.7309457778930664,146.3288906026782,161.58259912859336,147.73452777042237,138.65690712747724,157.82758789354097,0.7148379325866698,40.68548791689119,0.7064720789591471,22.28324802407488,0.708458932240804,129.14624069405966,0.7288807233174641,119.9118013922559,0.7370538711547852
0.6262578964233398,0.6896031697591146,0.5471025943756104,0.7320864359537761,0.5593945026397705,0.7149177551269531,0.4532052516937256,0.684117317199707,0.5027817249298095,0.673803965250651,0.39101989269256593,0.7905519485473633,0.4500100135803223,0.7504422505696614,0.6331555128097535,0.6955029487609863,0.5532485485076905,0.7235020955403646,144.88919680305187,162.1318996396344,139.17580168998845,142.75151366666478,160.68970102185972,0.7095025221506754,44.56030512814621,0.6986530303955079,21.48843532624332,0.7038097063700358,124.55058202300205,0.7121231079101562,120.29597976158801,0.7373346328735352
0.6271581649780273,0.6913392384847005,0.5462007522583008,0.7344868977864584,0.5671611309051514,0.718747901916504,0.45285906791687014,0.6855701446533203,0.4929348945617676,0.6763114293416341,0.3931127071380615,0.7882209777832031,0.4413602828979492,0.7631055831909179,0.6420473098754882,0.7014864603678386,0.5566809415817261,0.7266173998514811,151.30385520507352,163.23696765273544,138.27722538541389,140.83842991735472,163.59613902736413,0.7140519301096598,38.2791671000802,0.7014644145965576,21.571974489984314,0.7060937722524008,120.71952575052666,0.719708506266276,120.20089607258619,0.7368955612182617
0.6271963119506836,0.6921784083048502,0.5452462673187256,0.7345561345418294,0.5599566459655761,0.7187613169352214,0.4525998592376709,0.6856210072835286,0.4782421112060547,0.6740826924641927,0.3931206464767456,0.788219706217448,0.4505343437194824,0.7616053899129231,0.6377219200134276,0.7012616157531738,0.5526014566421509,0.7266587257385254,154.40920934223817,162.51753519654528,126.46728906109963,141.20903989221975,163.3866497181698,0.7139601707458496,35.262353323437054,0.7003707091013591,22.311806310729963,0.706139866511027,107.56664558875877,0.7178440411885579,120.102017686564,0.7369203567504883
0.6259787082672119,0.6991221110026041,0.5442395687103272,0.7355160395304362,0.5567378520965576,0.7252779006958008,0.452524995803833,0.6857654571533203,0.4753574848175049,0.6733712514241537,0.3932701587677002,0.7876869837443033,0.44788212776184083,0.7622889836629232,0.6345428228378296,0.7040244102478027,0.5504887104034424,0.7303969701131185,153.70057694961096,161.23476661205038,124.4372241792994,140.19433977222988,162.58038951703168,0.7172106901804607,37.199039346720014,0.7018841107686361,24.493643951983188,0.7080812136332194,107.17101831297809,0.7178301175435384,120.17273668507119,0.7367262204488119
0.6276105403900146,0.6856513977050781,0.5347072124481201,0.7340488433837891,0.5670023918151855,0.7260531107584636,0.45081276893615724,0.6859293619791667,0.47516889572143556,0.6757184982299804,0.3932992696762085,0.7881099065144856,0.44154372215271,0.7627475102742513,0.6352774620056152,0.7033267021179199,0.5508548021316528,0.7300509770711263,154.1101958122438,161.58882039610663,127.77759569492008,139.6022382463716,162.43464277915237,0.7166888395945231,35.673350634545415,0.7028847376505534,23.798955296178264,0.7079901695251465,111.12490704113796,0.7192330042521158,119.373487177427,0.7370196342468261
0.6265590190887451,0.6961084365844726,0.5370933055877686,0.7339783350626627,0.5485904216766357,0.7251965840657552,0.45182480812072756,0.6849407196044922,0.4718304634094238,0.6754205067952473,0.39219233989715574,0.7879513422648112,0.4388324737548828,0.763425064086914,0.6280328273773194,0.699602476755778,0.5428418636322021,0.7295874595642089,151.46409185062146,158.62704933853328,128.57529790458878,141.2435054750629,160.6092698054188,0.7145949681599935,37.33611105245478,0.7025039831797282,26.129409156021495,0.7072640895843505,110.55392224247312,0.7194227854410806,120.06639126521209,0.7364460309346517
0.629454517364502,0.6936716079711914,0.5461982727050781,0.734811528523763,0.5509762763977051,0.7190013885498047,0.44921197891235354,0.6876794179280599,0.4676142692565918,0.676939582824707,0.3971486806869507,0.7880804697672527,0.43078765869140623,0.7653034210205079,0.6318260431289673,0.6975140889485678,0.5485872745513916,0.7269064585367838,155.4635847797478,161.5417321739675,130.6779320692854,139.40551926353703,160.55140826466317,0.7122102737426759,31.677932999414338,0.7019230206807454,21.540951089075236,0.7072929382324218,112.62447512320158,0.7211215019226074,117.40914664406192,0.7378799438476562
0.6274855613708497,0.7014366149902344,0.557794713973999,0.7268726984659831,0.5653324604034424,0.7174551010131835,0.45206775665283205,0.6835626602172852,0.4727677345275879,0.6735916137695312,0.42839698791503905,0.7626815795898437,0.5036165714263916,0.7496402104695638,0.641800045967102,0.7002890586853028,0.5615635871887208,0.7221638997395834,160.29618276389763,165.61865352335846,93.28880511573671,123.57918069617695,164.75008531605576,0.7112264792124431,28.67913342610595,0.6978777567545573,19.419396901094643,0.7028632799784342,67.92024418237985,0.7116159121195476,106.65611161711662,0.7231221199035645
0.6267072677612304,0.6861557006835938,0.5447259426116944,0.732835324605306,0.5579738616943359,0.7226888020833333,0.4507446765899658,0.6855358759562175,0.4940981388092041,0.678020159403483,0.3917370080947876,0.7904869079589844,0.4370373249053955,0.7679071426391602,0.6357534170150757,0.6977049191792806,0.5513499021530152,0.7277620633443196,146.9262877608178,160.9943922822922,141.75823991303156,140.8003228762961,160.39855147408588,0.7127334912618001,40.98500799713932,0.7028911113739014,22.7688456511643,0.7066489696502685,122.40763333084621,0.7229636510213215,119.34643605273473,0.7380113919576009
0.6252760887145996,0.6935982386271159,0.565886402130127,0.7290990829467774,0.5678527355194092,0.7141656875610352,0.45522799491882326,0.6845115025838217,0.4745967864990234,0.6733595530192057,0.3942464828491211,0.7923327128092448,0.4320725440979004,0.7603380839029948,0.6434041023254394,0.7016035715738933,0.566869568824768,0.7216323852539063,161.88199439366196,166.79795078075247,132.075163876544,141.76390471645652,165.33477811004346,0.7116179784138998,27.61647423847461,0.697495969136556,18.391993675925647,0.703071943918864,116.05424233227025,0.7168488184611003,119.49162900095864,0.7384221076965332
0.6253545761108399,0.6931516011555989,0.566197395324707,0.7293444951375325,0.5672946453094483,0.714204216003418,0.4549614429473877,0.684314473470052,0.4739967346191406,0.6733716328938802,0.39421188831329346,0.7923534393310547,0.432097053527832,0.7602731068929036,0.6389843225479126,0.7013155937194824,0.5667460203170777,0.7217743555704752,162.05442696969675,166.75193752960533,131.69737320543683,141.59689618984973,164.1872358084641,0.7115449746449788,27.558536648831648,0.6975729942321778,18.526401785058226,0.7030444145202637,115.74111285350469,0.716822369893392,119.34874335955074,0.7383339564005533
0.625570011138916,0.6934913635253906,0.5666298866271973,0.7294382095336914,0.5600419521331788,0.7134305318196614,0.4552278518676758,0.6843776067097982,0.4735820770263672,0.6733569463094076,0.3943009614944458,0.7922751744588216,0.43191871643066404,0.7602375666300456,0.6421106338500977,0.7013024012247722,0.563335919380188,0.7214343706766764,161.23901846790122,166.25435760863724,132.07006249950717,142.1903172223078,165.66411838392202,0.7113683859507243,28.176114354679555,0.697395658493042,18.920442942580507,0.7029059886932373,115.6199179367237,0.7167972564697266,119.45226318470297,0.7383263905843098
0.6255234241485595,0.6937347412109375,0.5664956569671631,0.7295277913411459,0.5599728107452393,0.7134762446085612,0.45517992973327637,0.6843578338623046,0.4736610412597656,0.6733537038167318,0.3942890644073486,0.7922837575276692,0.43187689781188965,0.7602241516113282,0.6388350486755371,0.7012306213378906,0.5632342338562012,0.7215020179748535,161.32032481277196,166.27849708392054,132.11197481851775,142.16318280554586,164.98994589755767,0.711366319656372,28.2593810253031,0.6974278608957927,18.970653010470727,0.7029299259185791,115.68726416461216,0.71678892771403,119.43131239764323,0.7383207956949869
0.6164653301239014,0.6942571004231771,0.5664886474609375,0.7293847401936849,0.5603524208068847,0.7136631011962891,0.4548017501831055,0.6845401763916016,0.4740155220031738,0.6735230127970377,0.3946091175079346,0.7962957382202148,0.43201165199279784,0.7601427714029948,0.6387945652008057,0.7016310056050619,0.5634205341339111,0.721523920694987,161.449303615602,166.50363593306972,132.2469617159956,142.19737744574186,165.21546477776326,0.7115774631500245,28.231031203506234,0.6975234667460124,18.803258835952875,0.7030320485432944,115.86979035076129,0.7168328921000162,118.30733751513569,0.7404179573059082
0.6158161163330078,0.7012664159138997,0.5671059131622315,0.729550298055013,0.5593612670898438,0.7135894775390625,0.4550173282623291,0.6845844268798829,0.47297234535217286,0.6735605239868164,0.39473485946655273,0.7961425145467123,0.43178019523620603,0.7601272583007812,0.6371077060699463,0.7011375427246094,0.5632335901260377,0.7215698877970378,161.52919067504752,166.32518222698275,131.79435247856145,142.25817225162413,164.5394458405702,0.7113537152608236,28.008218496708224,0.697565205891927,18.869073520316363,0.7030771573384603,115.4471007862018,0.7168438911437989,118.38538748912939,0.7403634707132976
0.6357526779174805,0.6939888636271159,0.5651487827301025,0.7296012878417969,0.5600252151489258,0.7143847783406575,0.45566225051879883,0.6851251602172852,0.47465152740478517,0.6737293879191081,0.3946199893951416,0.787700335184733,0.41879563331604003,0.7744345347086589,0.6469234943389892,0.6988794644673666,0.5625869989395141,0.7219930330912272,159.54565144031776,165.08897211143102,139.05203819834597,142.121809330581,164.673637092234,0.7104362487792969,28.76031273480433,0.6978612105051676,19.024298598178632,0.7035590966542562,119.01484746231114,0.7240819613138835,120.75678386400268,0.7364127477010092
0.6356467723846435,0.681793212890625,0.5672738552093506,0.7224456151326497,0.5776309490203857,0.7148262023925781,0.45909605026245115,0.6832549413045247,0.47659125328063967,0.6736080169677734,0.39566383361816404,0.796223258972168,0.43290181159973146,0.7605952580769857,0.6504798650741577,0.6992123285929361,0.5724524021148681,0.718635908762614,163.21597441927912,167.43196762270543,133.40285299408248,143.00967593811,166.02133033425244,0.708924118677775,25.16037950573201,0.6961219628651937,17.334271388795713,0.7009454250335694,116.66814324459,0.7171016375223795,119.31440577822629,0.7397391001383463
0.6353538990020752,0.6817821502685547,0.5673344612121582,0.7288387934366862,0.5775654315948486,0.7149319330851237,0.4588956356048584,0.6835063298543295,0.4760927677154541,0.6739857355753581,0.394836950302124,0.7925169626871745,0.43292527198791503,0.76072203318278,0.6504258632659912,0.6969709078470866,0.5724499464035034,0.721885363260905,161.07871725900176,165.34707736282127,132.01345107211404,142.1263706458292,162.28055226447697,0.7094281355539958,26.432196912373,0.6979355494181316,18.674201029193085,0.7026958465576172,116.45891605489336,0.717353884379069,120.44007238697736,0.738011646270752
0.6353127002716065,0.6829907099405924,0.5673596382141113,0.7226865132649739,0.5699538707733154,0.7141778945922852,0.45878148078918457,0.683685302734375,0.4757035255432129,0.6740690231323242,0.3947155237197876,0.7924670537312826,0.43289575576782224,0.7607402801513672,0.647246527671814,0.6992197672526042,0.5686567544937133,0.7184322039286295,162.8275442556189,167.16301184098248,133.59414828126071,143.55167248478787,166.26262876839291,0.7088259855906168,25.513438528103933,0.6962506135304769,17.54901159935787,0.7010587533315022,116.28521034947019,0.7174046516418457,120.4955455100794,0.7380761782328288
0.6360021591186523,0.6833642323811849,0.5680483818054199,0.7227293650309244,0.5694389343261719,0.7143616358439128,0.4589181900024414,0.6833655039469401,0.4748520374298096,0.6739292780558268,0.39526278972625734,0.7965604146321614,0.43311142921447754,0.7610619227091472,0.6505029678344727,0.6992995580037435,0.5687436580657959,0.7185455004374186,162.80219171693554,166.99269830291908,133.00115969090146,143.5649231302226,166.75386404859245,0.7089225292205811,25.416531499239284,0.6962373892466227,17.761634072375756,0.7009555021921794,115.5965984431022,0.717495600382487,119.35131762569391,0.7399629592895507
0.6199644565582275,0.670303217569987,0.5774952888488769,0.7196226755777995,0.5963157653808594,0.7132298151652018,0.45528354644775393,0.683681869506836,0.49495906829833985,0.6726660410563151,0.39764406681060793,0.793988037109375,0.44004077911376954,0.750420888264974,0.642531943321228,0.6924301783243816,0.5869055271148682,0.7164262453715007,162.1768740831114,168.70471916789123,138.26626112990255,139.87335888293805,156.66564774905575,0.7044282118479411,25.451242377626357,0.694546143213908,13.970214006132721,0.7000540574391683,125.23358115022539,0.7115434646606446,117.58890666354918,0.7388349533081056
0.6488810539245605,0.6534388224283855,0.5841368675231934,0.7286786397298177,0.5989820003509522,0.7289071400960286,0.45807523727416993,0.6823347727457683,0.492402172088623,0.6827034632364909,0.3966140508651733,0.7938600540161133,0.41080389022827146,0.7897271474202474,0.6576916456222535,0.6912481307983398,0.5915594339370728,0.7287928899129232,158.0297382416708,163.36665054124984,145.95246342300385,137.31653069916706,150.41543808996397,0.7100205103556315,24.929542622789768,0.7057481765747071,19.19004703128155,0.7055638313293457,127.32305679584404,0.7362153053283691,118.85900316745477,0.7380974133809408
0.6575768947601318,0.659321403503418,0.5846477508544922,0.7290430704752604,0.5977229118347168,0.7289297103881835,0.4579184532165527,0.681210708618164,0.4866781711578369,0.6824553807576498,0.39621522426605227,0.7954568227132162,0.40087299346923827,0.7953133265177409,0.6606469869613647,0.6922141710917155,0.5911853313446045,0.728986390431722,159.20999353174224,163.38421639240784,146.45977122726597,137.19864817698968,152.10375875455384,0.7106002807617187,24.000651608929587,0.7057208855946859,19.72256853662438,0.705098549524943,127.24549676016153,0.7388843536376953,118.37305611612186,0.7383337656656901
0.6541166782379151,0.6584076563517253,0.5839219093322754,0.7292867024739583,0.5923314571380616,0.7281916936238607,0.4578976631164551,0.6814460754394531,0.4880362987518311,0.6807172139485677,0.4007580757141113,0.7904364267985026,0.41510281562805174,0.7824859619140625,0.6600533485412599,0.6905014991760254,0.5881266832351685,0.7287391980489095,157.62441282611005,162.60614313242274,142.8840854537277,135.89216752688284,152.0039668577438,0.7096203486124675,25.631048489410773,0.7047282059987385,19.9586670379135,0.7050926367441813,125.62761483782548,0.7316015879313151,117.66635105679657,0.7359412511189778
0.6540771484375,0.6640721003214518,0.5778280258178711,0.7283873875935872,0.592228364944458,0.7284684499104818,0.4578271389007568,0.6814605712890625,0.4875313758850098,0.6809054056803385,0.40090246200561525,0.7903947830200195,0.41515002250671384,0.7825396855672201,0.6600950241088868,0.6906194051106771,0.5850281953811645,0.7284279187520345,157.2360879309823,162.32660674152854,143.12588671074536,136.1902520705805,153.26721656328039,0.7095236619313559,25.985821198121073,0.7046666622161866,20.266015985345433,0.7049442450205485,125.45750430241937,0.7317225456237793,117.58977438940512,0.735927677154541
