0,1,2,3,4,5,6,7,8,9,10,11,12,13,14,15,16,17,18,19,20,21,22,23,24,25,26,27,28,29,30,31
0.6197466850280762,0.7908511479695638,0.5901305675506592,0.7874128977457683,0.5131646633148194,0.7875207901000977,0.635283088684082,0.8772215525309245,0.4946626663208008,0.8422924041748047,0.6320032596588134,0.8736802419026692,0.5095683097839355,0.8729396184285482,0.5927525758743286,0.7549956639607747,0.5516476154327392,0.787466843922933,177.7744257508593,156.2074106917795,127.85187320655231,0.1812041819949446,141.6927567831936,0.7712312539418538,136.10641199644044,0.8148796240488688,47.02122694666725,0.8323441982269287,64.06346773950085,0.8576160113016764,47.19530180213735,0.8754508972167969
0.6331767082214356,0.7794553756713867,0.5942343235015869,0.7995617548624675,0.5203555583953857,0.7942231496175131,0.6159210205078125,0.8684517542521158,0.491359281539917,0.8622929255167643,0.6036338329315185,0.8813735326131185,0.48555474281311034,0.8815923055013021,0.6068475484848023,0.7471071243286134,0.5572949409484863,0.7968924522399903,179.8416523995579,144.94971381789787,156.47496918678132,107.69671478246553,134.8657726190486,0.7719997882843018,135.23347525357175,0.8295926888783773,50.67341427159046,0.8326721032460531,106.73934095893266,0.8719426155090332,133.55798542115105,0.8749126434326171
0.6237815856933594,0.7810050964355468,0.5961790561676026,0.7903292338053386,0.52437744140625,0.7901278813680013,0.6135387420654297,0.85979798634847,0.49271330833435056,0.8484561284383138,0.6192317962646484,0.8763779322306315,0.4917122840881348,0.8698111216227213,0.5995168209075927,0.7479692776997884,0.5602782487869262,0.7902285575866699,177.5002218630326,149.71017330659177,141.93659217060375,164.5663987603933,132.8773107438263,0.7690989176432291,139.24518538905656,0.8193423430124918,52.563297986271486,0.82501327196757,92.68379909490454,0.8591336250305175,71.04907164451063,0.8680879592895507
0.6235601425170898,0.7645138422648112,0.5800435543060303,0.7822476704915364,0.5295082569122315,0.7815091451009114,0.591411018371582,0.8317628224690755,0.49758191108703614,0.8264827092488607,0.6056241989135742,0.8777870178222656,0.5181961059570312,0.8751535415649414,0.6071578979492187,0.7483311017354329,0.5547759056091308,0.781878407796224,177.5473017070655,133.01818258581193,135.63157879675722,169.2303292941148,147.3630443003434,0.7651047547658285,142.05013817202,0.8041805585225423,53.70644076203755,0.8068206151326498,67.04524880030134,0.850818125406901,72.83827884317847,0.8547749201456706
0.6162129878997803,0.760896873474121,0.5976216316223144,0.7934090932210286,0.5501900672912597,0.7879522323608399,0.5959764003753663,0.8141447067260742,0.491290807723999,0.8248964309692383,0.6005248069763184,0.8598514556884765,0.5259074687957763,0.8560787200927734,0.6059611797332765,0.7558172861735026,0.573905849456787,0.7906806627909342,171.43194701906688,127.0388522304217,95.73565261630068,164.63475945066776,132.59716110584546,0.7732489744822184,157.5026654000777,0.8077885468800863,46.752872909441045,0.8024126847585042,42.01216179412589,0.8404875755310058,84.31704627545005,0.8369980812072754
0.5542291641235352,0.7945093790690104,0.5791530609130859,0.7950243631998698,0.5401654243469238,0.7980798085530599,0.5889343738555908,0.8287380854288737,0.5243132591247559,0.8374656677246094,0.6154215812683106,0.8741517384847005,0.535114049911499,0.8810747146606446,0.5635191440582275,0.7697249094645182,0.5596592426300049,0.7965520858764649,169.23636785244986,161.01168186926927,149.896115076163,174.55193841401382,98.1875426465663,0.7831384976704916,130.82432828069395,0.8170088768005371,47.71156639749801,0.8126450856526692,76.08930053010664,0.859270191192627,59.747413213728,0.8514449119567871
0.594197130203247,0.788711675008138,0.579712963104248,0.7886445999145508,0.5249788761138916,0.7876284281412761,0.5888998985290528,0.8186510721842448,0.49205570220947265,0.8257895787556966,0.5972349643707275,0.8588972091674805,0.5352504253387451,0.8567525227864583,0.5691152811050415,0.7472161293029785,0.5523459196090699,0.7881365140279135,166.42871604910331,145.33507903331497,111.64354822586827,159.3105184873695,112.2840435757821,0.7676763216654461,148.01397513889648,0.806963046391805,39.854479273187266,0.8033937931060792,35.63380100184007,0.8412710507710774,78.29932899712834,0.8387741406758626
0.5893337249755859,0.7824171702067058,0.5862407684326172,0.7921667098999023,0.5389715671539307,0.7938374837239583,0.5755943298339844,0.7949190139770508,0.5084327220916748,0.7322826385498047,0.5938731670379639,0.8420378367106119,0.5324070453643799,0.8487951914469402,0.5824924945831299,0.7633330027262369,0.5626061677932739,0.7930020968119303,154.48550075127253,86.07608224791248,139.9474116887888,168.6797120914027,123.83279163063438,0.7781675497690836,48.26089633739255,0.7626423676808676,8.395649286597887,0.7939605553944906,78.37276097368309,0.7905389149983724,68.79719873489141,0.8184784253438313
0.5693830013275146,0.7925600051879883,0.6048322677612304,0.7846322377522786,0.5568132400512695,0.7870292027791341,0.5840550899505615,0.7881906509399415,0.5087177276611328,0.7307341893513998,0.5989285945892334,0.8402139663696289,0.5506403923034668,0.8448172887166341,0.5706578016281127,0.7736848513285319,0.58082275390625,0.7858307202657064,177.3543355841301,168.85820230353556,132.7248858544535,177.54109932840322,50.073830485569886,0.7797577857971192,37.38398723632139,0.7582824548085532,36.133206311055496,0.787010685602824,69.82289176061347,0.787775739034017,74.04472754461881,0.8142023086547852
0.5614114284515381,0.8033035278320313,0.6335509300231934,0.7817752838134766,0.5824648857116699,0.7878125508626302,0.58650803565979,0.7779838562011718,0.5140658855438233,0.7307397842407226,0.593106746673584,0.8480980555216472,0.5507647037506104,0.8490377426147461,0.5854189157485962,0.7774130185445149,0.6080079078674316,0.7847939173380534,176.7266901827046,10.08472649365124,121.06286619202147,161.3777899007001,18.094678901286567,0.7811034679412842,29.91607376063544,0.757766850789388,17.575541530922777,0.7813888867696126,72.76487657723781,0.7898887634277343,84.62351525865637,0.8130409558614096
0.62490816116333,0.7624775568644205,0.6216785907745361,0.7827807108561198,0.5905056953430176,0.7784978866577148,0.5860464572906494,0.7681839625040691,0.5090582370758057,0.7310111363728841,0.6079643249511719,0.8370133717854817,0.5785407543182373,0.8433174133300781,0.6278140544891357,0.7549043973286946,0.6060921430587769,0.7806392987569173,164.28828442568997,130.50784204443798,124.52660192718386,164.23866471853904,130.1665170842394,0.767771848042806,27.087553393826,0.7558252175649007,31.85464678145493,0.7744116306304931,58.255429029059755,0.7871642748514811,72.33657204026126,0.8025986671447753
0.6148839473724366,0.7636929194132487,0.6379171371459961,0.7823078155517578,0.5996874809265137,0.7776406606038412,0.5892727851867676,0.7597819010416667,0.5107669830322266,0.7294700622558594,0.6177326202392578,0.8125923156738282,0.5884247303009034,0.8167471567789714,0.6246796607971191,0.7561333656311036,0.6188023090362549,0.7799742380777994,168.11886046475536,139.75228212748442,98.77820753240651,149.80121312987436,103.84865612163648,0.7680538018544515,25.055070802858808,0.7547221501668294,34.36438475201706,0.769878069559733,48.33782942124058,0.7731086095174153,61.67951806933487,0.7861871083577474
0.5010971546173095,0.8633474349975586,0.5892412662506104,0.7795890808105469,0.5407608985900879,0.7947537740071614,0.5934412956237793,0.7753142674763998,0.563048267364502,0.8321301778157552,0.6419786930084228,0.8072919845581055,0.5722882747650146,0.8440436045328776,0.5087521553039551,0.8204813003540039,0.5650010824203491,0.7871714274088542,99.6217581716664,174.55978299229457,149.5046670715452,161.2704115750412,149.3665420182327,0.803826363881429,92.48711929209706,0.8096508026123046,157.36799797602708,0.781242847442627,52.20298362461881,0.8380868911743165,33.37794532588453,0.7913031260172526
0.48860864639282225,0.8788395563761393,0.579684066772461,0.7856966018676758,0.5317502498626709,0.7936392466227213,0.5864736080169678,0.788547960917155,0.5606534004211425,0.8320257186889648,0.6316840648651123,0.8121602376302083,0.5700300216674805,0.8423061370849609,0.5170472621917724,0.8105762799580891,0.555717158317566,0.7896679242451985,122.83921230426256,164.48170562076473,152.84404040025024,168.9160646938478,151.60043466134212,0.8001221021016438,83.35291557879206,0.8108468214670816,177.91455669148996,0.7891079425811767,47.63250820141756,0.8371659278869629,27.576925310591477,0.8003540992736816
0.4880388259887695,0.8786965688069661,0.5860947608947754,0.7717098871866862,0.5536198139190673,0.7888923645019531,0.6032539367675781,0.7066255569458008,0.5616658687591553,0.832047971089681,0.6460087776184082,0.807585334777832,0.5804967880249023,0.8364754994710286,0.5028216600418091,0.8203591664632162,0.5698572874069214,0.7803011258443197,92.23981450982455,162.93841267221555,113.95593117852255,132.66389751333878,149.13900393282356,0.800330146153768,98.99516473173861,0.8061745484670003,114.38447326699075,0.7434633413950602,13.231074306082926,0.8342617352803547,67.04812433486626,0.7571054458618164
0.4846615791320801,0.8820117314656576,0.5959950923919678,0.7800029754638672,0.5477258205413819,0.7870494206746419,0.5870383739471435,0.7813239415486654,0.5132898330688477,0.7315006891886393,0.6374045372009277,0.8167572021484375,0.5646582126617432,0.8421779632568359,0.5327145338058472,0.8033467292785644,0.5718604564666748,0.7835261980692545,146.74226724104636,166.18823383538262,148.10199778741196,171.75822394823305,153.145798987268,0.7934364636739095,41.61316765093744,0.7575134436289469,171.74422051658323,0.7824250698089599,65.10268354398505,0.7868393262227376,35.126892268470925,0.7990405718485514
0.4848743438720703,0.8816891988118489,0.5958794116973877,0.7790155410766602,0.5472241401672363,0.7873218536376954,0.5865588665008545,0.7811015446980795,0.511189603805542,0.7322060267130533,0.637016773223877,0.8178229649861654,0.564543628692627,0.8427876154581706,0.5228603839874268,0.806691869099935,0.571551775932312,0.7831686973571778,139.07874831860033,165.9554807434541,147.53906178701993,171.84900196386053,154.214468059444,0.7949302832285563,40.173786656968446,0.7576873620351156,172.15714332134024,0.7821351210276286,64.24335975389074,0.7874968210856119,36.045758708401465,0.7994622548421224
0.4881597995758057,0.8789024353027344,0.596651554107666,0.7728066126505534,0.5417577266693115,0.7824761072794596,0.6017826557159424,0.7875134785970052,0.5396931171417236,0.7978815078735352,0.6516679286956787,0.8103639602661132,0.5643520832061768,0.8369059880574544,0.5179468154907227,0.8128811836242675,0.5692046403884887,0.7776413599650065,0.15242183441617868,146.30643655595867,143.03093372959898,177.03322562746135,145.4914246071223,0.795261271794637,145.55615819923227,0.7877614339192709,16.85838712995624,0.7825774192810058,57.7118405853389,0.8173937479654948,24.610653170933954,0.7989387194315591
0.4892221450805664,0.8820980072021485,0.5965003967285156,0.7727101643880209,0.5475165843963623,0.7880456924438477,0.6007849216461182,0.7807339350382487,0.5306509017944336,0.7975314458211263,0.6508445262908935,0.8163080851236979,0.563675832748413,0.8432662328084309,0.5177211761474609,0.8133213678995768,0.572008490562439,0.7803779284159342,28.160576526739522,157.870214325448,136.6193925670365,169.1025413232613,148.7491604280636,0.7968496481577555,157.47322975103896,0.7889546871185302,0.7087965957495421,0.7805559317270915,54.167080272272976,0.8203988393147786,35.3989663452506,0.7985210100809733
0.4898084163665771,0.8786825815836589,0.5969469547271729,0.7789697647094727,0.5477715969085694,0.7889930089314778,0.6012092113494873,0.7879645029703776,0.5316250324249268,0.7978903452555338,0.643460464477539,0.8160929997762044,0.5626109600067138,0.8423535664876302,0.5184375762939453,0.8134860038757323,0.572359275817871,0.7839813868204752,30.929851494587513,155.00282182197012,135.64672747500552,170.65205245939072,151.31361454422319,0.7987336953481038,161.1472133592833,0.7909358660380046,7.860747690646214,0.7859729448954265,55.127785606631356,0.820121955871582,33.65343299677391,0.802028751373291
0.4893355369567871,0.8783079783121744,0.6036185264587403,0.7790938059488932,0.5469611644744873,0.7887428283691407,0.5997975826263428,0.7810597737630208,0.5088494777679443,0.7324168523152669,0.6434690475463867,0.8170090993245442,0.555643892288208,0.8425593058268229,0.5269911050796509,0.8081950505574544,0.5752898454666138,0.7839183171590169,141.24462576270062,166.212193925432,138.45969170435114,166.42921165300532,153.31420572884372,0.7960566838582357,37.781168481314324,0.7581675847371419,173.34717243498983,0.7824890454610189,66.98161464754436,0.7874880790710449,39.46041043219963,0.7990344365437825
0.48912911415100097,0.8783399581909179,0.597392988204956,0.7797110239664714,0.5409551620483398,0.7891569137573242,0.6002705574035645,0.7810340881347656,0.5083431720733642,0.7319815953572592,0.6514103889465332,0.8165273030598958,0.5556376457214356,0.8423685073852539,0.5241922855377197,0.8082928021748861,0.5691740751266479,0.7844339688618978,142.50304146362777,166.5270381190587,143.6563869117051,166.5562956898061,152.05803169001476,0.7963633855183919,40.77005604692246,0.7582077821095785,173.760447196635,0.7827340284983317,66.8076378143483,0.7871750513712565,34.76229025508608,0.7987806955973307
0.4893495559692383,0.8782269795735677,0.5973561763763428,0.7739097595214843,0.5475976467132568,0.7892311731974284,0.6085287570953369,0.7817153930664062,0.5317183494567871,0.7991247812906901,0.6603315353393555,0.8164563496907552,0.5613518714904785,0.8421350479125976,0.5229140281677247,0.81039400100708,0.5724769115447998,0.7815704663594564,28.699426118033895,161.25022517154358,135.0250912122628,167.8100164249903,149.81965088058985,0.7959822336832683,156.69892698021033,0.7903476238250733,0.23032507188842405,0.7816429297129313,55.43365657952456,0.8206299146016438,33.84734140994041,0.7990858713785807
0.4896958827972412,0.8781201680501302,0.5962928295135498,0.7794768015543619,0.5411100387573242,0.7900879542032878,0.6089922904968261,0.7896662394205729,0.52240891456604,0.8054177602132161,0.6602262496948242,0.8168478012084961,0.5553186416625977,0.8417167663574219,0.5229000806808471,0.8102009455362955,0.5687014341354371,0.7847823778788249,71.83749372867732,159.67308069208315,124.57602634693343,171.36009522109046,150.97085720929226,0.7974916617075603,155.9745693565624,0.7951000690460205,6.911397224000233,0.7872243086496988,47.80363994076127,0.823567263285319,27.947649170384224,0.8032570203145345
0.5552074432373046,0.8072980880737305,0.6199458599090576,0.7839953104654948,0.5639650344848632,0.7856683731079102,0.58737211227417,0.7710568110148112,0.5131834983825684,0.7292893091837566,0.6117217540740967,0.8298357645670573,0.5640284061431885,0.8422419865926106,0.5657209634780884,0.7879269282023111,0.5919554471969604,0.7848318417867024,167.04721511028788,109.5212522244045,129.82491507376116,178.79046047722747,173.27147309584024,0.7863793849945068,35.18787338105554,0.7570605754852295,71.59628475060681,0.7779443264007568,65.76542011248318,0.7857656478881836,67.49783508226963,0.8004462877909342
0.5554737091064453,0.8088529586791993,0.6199694633483886,0.7839474360148112,0.5634066104888916,0.7907039006551106,0.5890270709991455,0.771245829264323,0.5127766132354736,0.7294304529825847,0.6158922672271728,0.8227168401082356,0.5725552082061768,0.835956064860026,0.5649619817733764,0.7908367156982422,0.5916880369186401,0.787325668334961,166.62565124780784,119.75190221657336,129.2239833410626,173.1937681954808,172.51581485343675,0.7890811920166017,36.26650750466308,0.7583780606587729,80.60358672279158,0.779285748799642,60.700323313534646,0.7826932589213054,62.4377780783096,0.7969813346862793
0.5529686450958252,0.8168819427490235,0.6120442867279052,0.7838144938151042,0.5541497230529785,0.7910994211832683,0.5823922157287598,0.7636203765869141,0.5126986026763916,0.7303914388020833,0.6184553623199462,0.8113948822021484,0.5715871334075928,0.829038429260254,0.5579300642013549,0.7937218030293782,0.5830970048904418,0.7874569574991862,164.5634805623138,139.2071019757313,133.69215040861042,161.14611092009883,166.02138768907557,0.7905893802642823,39.028506402338934,0.7589241981506347,88.30639792504677,0.7755386670430502,59.16439254796069,0.7797149340311686,52.95224127394348,0.7875076293945312
0.5701020240783692,0.7980227788289388,0.6215155601501465,0.7837565104166667,0.5715593814849853,0.7900887807210286,0.589864444732666,0.7703896204630534,0.5132695198059082,0.7293644587198893,0.6157901763916016,0.8224318822224935,0.5722785472869873,0.8352467854817708,0.566839051246643,0.7881669998168945,0.5965374708175659,0.7869226455688476,166.98754384722469,105.69102038983274,124.21189752082138,178.01491873256,177.60072861139577,0.7875448226928711,34.65380159439914,0.7581435521443685,68.02011151859988,0.7786561330159505,60.86874300172397,0.78230562210083,63.5190340174047,0.7964107513427734
0.5525655746459961,0.8149750391642253,0.6271772861480713,0.7834705988566081,0.5720826148986816,0.7855276743570964,0.606849479675293,0.7100657145182292,0.5137243747711182,0.7293940226236979,0.6270369529724121,0.8145859400431316,0.5799158096313477,0.8354349136352539,0.5601950645446777,0.7913691520690918,0.5996299505233764,0.7844991366068522,159.5421978424311,155.69143585912096,126.86892406102405,148.6003773615078,170.1175888198294,0.7879341443379719,32.678606409498,0.756946579615275,95.53996654354174,0.7472824255625408,58.02731347950111,0.7824144681294759,79.06826213030851,0.7623258272806803
0.5763938426971436,0.805012321472168,0.6190298557281494,0.7840523401896159,0.5536314964294433,0.7906489690144857,0.5905454635620118,0.7644002278645833,0.5127942562103271,0.730015246073405,0.618337869644165,0.8108519872029623,0.5708192825317383,0.8285305658976237,0.566710638999939,0.7934055010477702,0.5863306760787963,0.7873506546020508,168.32581011867958,150.994918969181,128.86205256453076,157.18040807903427,162.8494994776598,0.7903780778249105,37.943087921613426,0.7586829503377279,100.40626948654774,0.7758754412333171,59.5021295119047,0.7792729059855144,59.107627642449174,0.7876261075337727
0.5975139141082764,0.7926364262898763,0.6373379230499268,0.7782756805419921,0.5818828582763672,0.7807167689005534,0.597102689743042,0.7666673024495443,0.5126055717468262,0.73028990427653,0.6238219261169433,0.8142709732055664,0.5900271892547607,0.8268103281656901,0.6050589799880981,0.7736080169677735,0.6096103906631469,0.7794962247212728,178.20826965168888,175.37363544694125,118.78141246434978,172.92370477276452,52.2970361675888,0.7765521208445232,26.896696177229217,0.7548930644989014,45.726365214573605,0.7730817635854086,51.265966398433626,0.77855011622111,60.69514686217809,0.7904691378275553
0.597360372543335,0.7924050649007162,0.6372774600982666,0.7782854715983073,0.5818278312683105,0.7805881500244141,0.5970154762268066,0.7667134602864584,0.5126031875610352,0.7302946090698242,0.6238749027252197,0.81424560546875,0.5900359153747559,0.826697031656901,0.604923391342163,0.7736058870951334,0.6095526456832885,0.7794368108113607,178.25348747380323,175.6526582208636,118.78891563578019,172.89507942359486,51.553432828931285,0.7765213489532471,26.87975498734491,0.7548657099405924,45.42228728059226,0.7730751355489096,51.22773784836077,0.7784958203633626,60.530112144189616,0.7904795328776042
0.5900232791900635,0.7927485783894856,0.6463429450988769,0.7733275731404622,0.5924532413482666,0.7751626332600912,0.5971773624420166,0.7674730936686198,0.5716202735900879,0.7749414443969727,0.6247941493988037,0.820704968770345,0.5898102283477783,0.8331038157145182,0.6055479526519776,0.7738134702046713,0.6193980932235718,0.7742451032002766,178.930823527448,159.80674479041366,135.94486220647605,159.20454422521826,1.7850177828873708,0.774029286702474,179.16499774664675,0.7745932737986246,16.949170661210758,0.7708590984344482,72.63322003263899,0.8040226300557454,62.57963919466703,0.7940890312194824
0.6030240535736084,0.7918831507364908,0.6373692989349365,0.7782500584920248,0.5816801071166993,0.780536397298177,0.5969161033630371,0.7668196996053059,0.5123027801513672,0.7300966262817383,0.6238492965698242,0.814218266805013,0.5898512363433838,0.8267325083414714,0.607688808441162,0.7705626487731934,0.609524703025818,0.7793932278951009,176.10092803759045,154.23945034508174,118.68661181620836,172.7523990802896,78.25540162728332,0.7749779383341471,26.887393031444077,0.7547449270884197,44.9202037112031,0.7731064637502034,51.25362036147426,0.7784145673116049,60.3935488700428,0.7905189832051595
0.6028174877166748,0.7917219797770182,0.6374658107757568,0.7783088048299154,0.5815168857574463,0.780624262491862,0.5968995094299316,0.7669453303019206,0.5122518539428711,0.7300633748372396,0.6238698482513427,0.8142363230387369,0.5896886348724365,0.8267179489135742,0.6076043128967286,0.770519224802653,0.6094913482666016,0.7794665336608887,176.0572495514592,153.62320433782304,118.56113462286882,172.77039868091333,78.09054777881038,0.7749928792317708,26.933143427972453,0.7547649542490642,44.83884453137543,0.7732059319814046,51.29932648951293,0.7783906618754068,60.303626729217264,0.7905908266703288
0.6027582168579102,0.792279307047526,0.6312739849090576,0.7789441426595052,0.5807051181793212,0.7811262130737304,0.5963404178619385,0.7670000712076823,0.5122533798217773,0.7300195693969727,0.6139371395111084,0.821782938639323,0.5842574119567872,0.8276112874348959,0.6049288749694823,0.7704760551452636,0.6059895515441894,0.7800351778666178,175.4997320142107,148.5449285954398,119.02947026081192,172.9710561172025,83.66838264262722,0.7752556165059408,28.083423301088544,0.7550273736317952,53.48959977399136,0.77351762453715,53.579765841632806,0.7788154284159343,72.1925412106472,0.7943915049235026
0.5980851173400878,0.796908950805664,0.6621949195861816,0.7857346216837565,0.6068585395812989,0.7853494644165039,0.6062539100646973,0.7099400838216146,0.5133241176605224,0.7297159194946289,0.6294734954833985,0.8185406366984049,0.5856063842773438,0.8280669530232747,0.6187889337539673,0.7818980852762858,0.6345267295837402,0.7855420430501302,178.4054668249053,169.37745959113724,94.68568716840414,159.22511139331874,13.036637201166338,0.783720064163208,24.730875569357607,0.7576289812723795,69.49574120125888,0.7477410634358723,53.68628583940834,0.7788914362589519,77.931456005003,0.7642403602600097
0.5622065544128418,0.8060888926188151,0.6220567703247071,0.782295036315918,0.5746939659118653,0.7776205698649089,0.6055395603179932,0.7088642120361328,0.5124104976654053,0.7297580083211263,0.5930863857269287,0.8501472473144531,0.5471070289611817,0.8468567530314127,0.5838232278823853,0.7917497316996256,0.5983753681182862,0.7799578030904135,169.32260948182147,171.0726328191484,126.03043743355606,179.27203323017082,140.98136709451143,0.7858537673950196,30.28309460336297,0.7548579057057698,95.75434336476214,0.7444110075632732,73.49536561496915,0.7883073806762695,95.0372295748059,0.779505729675293
0.5619379043579101,0.8062828063964844,0.6221163272857666,0.7822772979736328,0.574171495437622,0.7825823465983073,0.6055588722229004,0.7088668823242188,0.5123528957366943,0.7297661463419597,0.6254212856292725,0.8472511291503906,0.5470848560333252,0.8468856811523438,0.5835838317871094,0.7917394955952963,0.5981439113616943,0.78242982228597,170.51971705935188,170.90469062681072,125.09750919904812,165.34614445551082,147.40526778894332,0.7870846589406332,31.544100837760595,0.7560979843139648,95.75583085470534,0.7456483523050944,73.4822035903999,0.7883259137471517,81.83207069400513,0.7780590057373047
0.5975222587585449,0.7972633361816406,0.6622191905975342,0.7854948043823242,0.6072392463684082,0.7852459589640299,0.6060375213623047,0.7096378326416015,0.5132888793945313,0.7297566095987956,0.636483907699585,0.8179367701212565,0.5898610591888428,0.8337619145711263,0.6153984069824219,0.784453550974528,0.6347292184829711,0.7853703816731771,176.42888915955396,166.38227157658088,100.80187770276898,167.3817196854655,2.715415967287676,0.7849119663238525,24.60547746650346,0.7575634956359864,69.25052863369406,0.7475041071573894,53.63825839077615,0.7817592620849609,74.29758381477006,0.763787301381429
0.5710514545440674,0.8001626968383789,0.6221229076385498,0.7763694127400717,0.5822651386260986,0.7767771402994792,0.6050275325775146,0.708765983581543,0.5123340129852295,0.7297910690307617,0.592561149597168,0.8500763575236002,0.5484788417816162,0.8447746276855469,0.5847357511520386,0.7886058807373046,0.6021940231323242,0.7765732765197755,168.41370149473892,168.1327330482475,124.3257109666305,177.5752834104111,145.42458053806982,0.7825895786285401,27.502030223976732,0.7531821727752686,92.39286552060149,0.7426696300506592,72.54957412323968,0.7872828483581543,95.0415742232815,0.7794211705525715
0.6050967216491699,0.7975103378295898,0.6617012977600097,0.7793888092041016,0.6087268829345703,0.7801011403401693,0.6057863712310791,0.7096539815266927,0.5135494232177734,0.7298453648885092,0.6299794673919678,0.8134947458902995,0.6012901306152344,0.8186384836832682,0.6163348436355591,0.7847883860270182,0.63521409034729,0.7797449747721354,174.17419068051385,165.21667874557534,94.24575818221356,158.06865103520445,165.04323999162193,0.7822666803995768,22.300521399533807,0.7547951698303224,67.22488946832206,0.7446994781494141,45.34156636355278,0.7742419242858887,76.88503455185037,0.7615743637084961
0.5620249271392822,0.8248717625935872,0.6313449382781983,0.7842084248860677,0.5920082569122315,0.7899651845296224,0.6065517902374268,0.7088231404622396,0.5678634166717529,0.7724611282348632,0.6330519199371338,0.8170539855957031,0.5942461013793945,0.8331610361735026,0.5769843339920044,0.8045815785725912,0.6116765975952149,0.787086804707845,124.31241026391459,159.09435965547215,135.7859467474244,158.2581725399203,153.238894537681,0.7958341916402181,18.459994135593973,0.7797739664713541,86.253545804414,0.7479549725850423,66.50824562069936,0.802811082204183,76.24190355590444,0.7629385630289713
0.4837668418884277,0.8712596257527669,0.6314794540405273,0.7842929840087891,0.5921916484832763,0.7900705337524414,0.6066025733947754,0.7088917414347331,0.513412618637085,0.7295797348022461,0.6395260334014893,0.81649169921875,0.6010196208953857,0.8323066711425782,0.5722122669219971,0.8051191647847493,0.6118355512619018,0.7871817588806153,158.23538078041975,156.50982093261206,126.06311432249208,153.64048693076583,155.64380316675516,0.7961504618326822,30.338305944131832,0.7583807468414308,86.17598469443959,0.7480367501576741,49.541980216379855,0.7809432029724122,72.98692496569973,0.7626917203267416
0.5605396747589111,0.8125662485758464,0.6285690784454345,0.7826778411865234,0.5742587089538574,0.782406997680664,0.6052045345306396,0.708871587117513,0.5127641201019287,0.7298288981119792,0.5926251411437988,0.8504723230997722,0.5551913261413575,0.8445554733276367,0.5793282985687256,0.794742488861084,0.601413893699646,0.7825424194335937,166.4561065481762,166.17589224170007,123.00534667633231,177.7047005725374,151.08376594491784,0.7886424541473389,30.73684623048598,0.7561856587727864,92.94548535673681,0.7457070032755533,69.70502697784801,0.7871921857198079,95.07666167313171,0.7796719551086426
0.5971194267272949,0.7984243392944336,0.6625865936279297,0.7853773752848308,0.6089784622192382,0.7854472478230794,0.6055771827697753,0.7098150253295898,0.5137106418609619,0.7299148559570312,0.630474042892456,0.8137744267781576,0.5992841720581055,0.8262595494588216,0.6159100770950316,0.787895139058431,0.635782527923584,0.7854123115539551,174.8806150083842,165.7590790843359,96.60661963348063,155.93080869754243,172.87847215872466,0.786653725306193,24.44793584449539,0.7576635837554931,68.22052703058995,0.7476136684417725,48.38845954966549,0.7780872027079264,76.53209578084675,0.7617947260538738
0.5973016738891601,0.7982021967569987,0.6620604515075683,0.7796089808146159,0.6088458061218261,0.7851809183756511,0.605622673034668,0.7097148259480794,0.5137125492095947,0.7299079895019531,0.6304579734802246,0.8138078053792318,0.5992043495178223,0.8262301127115885,0.6160401344299317,0.7875651677449544,0.6354531288146972,0.7823949495951334,173.92331556094035,165.30674215356927,98.82047977873074,157.54549295990861,165.0867163117157,0.784980058670044,23.322698136535593,0.7561514695485433,67.68504443749318,0.7460548877716064,48.408976504682414,0.7780690511067708,76.5808050921983,0.7617613156636556
0.6046331405639649,0.802183469136556,0.6618281841278076,0.7915424346923828,0.6058419704437256,0.7863956451416015,0.6053699970245361,0.7098285675048828,0.5137921810150147,0.7296681086222331,0.6293793201446534,0.8188734690348307,0.5862574100494384,0.8268219629923502,0.6227699518203735,0.7901599248250326,0.6338350772857666,0.7889690399169922,177.25531864599301,172.4390607986736,91.78729060293713,159.1081194079935,173.8571826097238,0.7895644823710124,26.28927238032125,0.7593185742696127,70.21746207951547,0.7493988037109375,53.28143638427892,0.7782450358072917,77.58283657873562,0.7643510182698567
0.4863753318786621,0.8834701538085937,0.5747457981109619,0.7948006312052409,0.5408065319061279,0.8026092529296875,0.5882587909698487,0.7917813618977865,0.512885332107544,0.7296655019124348,0.5946710109710693,0.855087407430013,0.5480995178222656,0.8447046915690104,0.5128389358520508,0.8278722763061523,0.5577761650085449,0.7987049420674642,146.94019889305184,167.22393080481342,151.10063650333183,152.58429244275928,147.013672683949,0.8132886091868083,56.96726738647918,0.7641852219899495,167.20340056011153,0.7952431519826253,72.980336314266,0.7871850967407226,84.21628070160658,0.8234343846638997
0.4852766513824463,0.8837241490681966,0.5738933563232422,0.789742914835612,0.5417325973510743,0.7978590647379558,0.5932322978973389,0.7910324732462565,0.5129329681396484,0.7297369639078776,0.5953953266143799,0.8558314005533855,0.5486568450927735,0.8481447855631511,0.5095705986022949,0.8280632336934408,0.5578129768371582,0.7938009897867839,143.0283367190572,160.5940017212172,153.64765501083485,150.70145439448203,144.61723009476708,0.8109321117401124,54.98686259284651,0.7617689768473308,175.5306187933321,0.7924167315165203,73.21133205570948,0.7889408747355143,88.08814094432739,0.823431936899821
0.48532562255859374,0.8832695643107097,0.5737325191497803,0.7896595637003581,0.5417383670806885,0.7978235880533854,0.6090084552764893,0.7089813868204753,0.5129930019378662,0.729747200012207,0.5951736450195313,0.855732790629069,0.5487292766571045,0.8482152303059896,0.509588098526001,0.8281307856241862,0.5577354431152344,0.7937415758768718,143.05808631871474,171.32830730551862,153.82606000444852,143.48549298918022,144.46370172578537,0.810936180750529,55.04021333590549,0.7617443879445394,121.17052252552429,0.7513614813486735,73.21388867207409,0.7889812151590982,95.38557278121199,0.7823570887247722
0.48514981269836427,0.8789548873901367,0.5729405879974365,0.7947948455810547,0.5395710468292236,0.8024085998535156,0.5925344467163086,0.7969280878702799,0.5131607532501221,0.7297636032104492,0.5951657772064209,0.8554660161336263,0.54180908203125,0.847698465983073,0.513433074951172,0.8255204836527507,0.5562558174133301,0.7986017227172852,148.11494014509384,162.76818070625663,149.94982761332838,148.19148793785214,147.84616222016723,0.812061103185018,57.95199788961992,0.7641826629638673,177.3586578466431,0.7977649052937825,76.3463672573589,0.7887310345967611,87.42623773489325,0.826197052001953
0.4909660816192627,0.8663731892903646,0.5910740375518799,0.7920052210489908,0.5459911346435546,0.7976973215738933,0.6079161643981934,0.709927495320638,0.5136434078216553,0.7296823501586914,0.5930214405059815,0.8460680643717448,0.5394587993621827,0.8479904810587565,0.5834672689437865,0.7920248985290528,0.5685325860977173,0.7948512713114421,171.8663111657784,171.70410559076353,139.00656331801315,148.20189628149402,169.28357227207903,0.7934380849202474,49.89390417236214,0.7622668107350667,114.87961099930183,0.75238938331604,77.69073211567063,0.788836415608724,96.24372307680372,0.7779977798461915
0.49104743003845214,0.8662372589111328,0.5912327289581298,0.7920161565144856,0.5461699485778808,0.7976260503133138,0.607725191116333,0.7099414189656575,0.5136689662933349,0.7296627044677735,0.5963035583496094,0.8472330729166667,0.5395167827606201,0.8479823430379232,0.5874598503112793,0.7919857660929361,0.5687013387680053,0.7948211034138997,170.36833552384184,169.18376869637027,138.91091825233477,147.47130529085413,171.40483998025752,0.7934034347534179,49.815774852471094,0.7622419039408366,114.69083937194196,0.7523812611897787,77.67690553026453,0.7888225237528483,94.75562678365772,0.7785872459411621
0.4899138450622559,0.8666679382324218,0.5900698184967041,0.7918388366699218,0.5464602947235108,0.7971904118855794,0.6067183971405029,0.7096692403157552,0.5141651630401611,0.7297419865926107,0.5932032585144043,0.8464207331339518,0.5403507232666016,0.846110979715983,0.5784800052642822,0.7952993392944336,0.5682650566101075,0.7945146242777505,175.41770562840657,173.8702732504693,138.9044339643735,148.6939133997479,4.392849014913622,0.7949069817860921,50.13043660085256,0.7621283054351806,114.38082502119525,0.7520919322967529,77.31842768484607,0.7879264831542969,95.64420840506082,0.7780449867248536
0.49009995460510253,0.8665937423706055,0.5901608943939209,0.7918121973673503,0.5468641757965088,0.7973936080932618,0.6063302993774414,0.7096057256062825,0.5142778873443603,0.7297577540079753,0.593502426147461,0.8463356018066406,0.5466290473937988,0.8462538401285807,0.5780041933059692,0.7982707977294923,0.5685125350952149,0.7946029027303061,176.9812175415969,173.73158344460177,141.51851691218252,148.8570163105358,21.128203584273166,0.7964368502298992,50.091843026223586,0.7621803283691406,113.98569942671782,0.7521043141682944,74.47993628020188,0.788005797068278,95.35974937202204,0.7779706637064616
0.4900801658630371,0.8666224161783854,0.5901433944702148,0.7918418248494467,0.5467990398406982,0.7974191029866536,0.6063324928283691,0.7096125284830729,0.5142679214477539,0.7297451655069987,0.5935194969177247,0.8464475631713867,0.5466046810150147,0.8462966283162435,0.5779350996017456,0.798319403330485,0.5684712171554565,0.7946304639180501,176.99949278786346,173.74625105320746,141.55411551028453,148.8514931479439,21.295405847140472,0.7964749336242676,50.125596931621544,0.7621878147125245,114.00497851173061,0.7521214962005616,74.49352803728458,0.7880208969116211,95.34947908852732,0.7780300458272298
0.4892909049987793,0.871243667602539,0.5820922374725341,0.7962610244750976,0.5465996742248536,0.7956742604573568,0.5845729351043701,0.7859554926554362,0.5119359016418457,0.7312050501505534,0.5960461139678955,0.8460149765014648,0.532427453994751,0.8503894805908203,0.593885087966919,0.7919283231099447,0.5643459558486938,0.7959676424662272,165.51997163648562,59.0111242897462,139.8527368750731,158.46461515508136,172.2134010863792,0.793947982788086,51.01798933795047,0.7635863463083903,153.66505622723707,0.7909615675608317,80.24443335416656,0.7907972653706868,79.18507081649516,0.8159852345784505
0.49018073081970215,0.8703422546386719,0.5905690670013428,0.7919153849283854,0.5471744060516357,0.7973697026570638,0.6063172340393066,0.709614117940267,0.5143251419067383,0.7298251469930013,0.5968394756317139,0.8477254231770833,0.5400992870330811,0.8459200541178385,0.5791530132293701,0.7924211502075196,0.5688717365264893,0.7946425437927246,174.0785864886841,174.3935695188456,138.18549460782532,148.2909166482414,167.80797083930543,0.793531847000122,49.91796302780591,0.762233845392863,113.76811629406745,0.7521283308664958,77.48282011558828,0.78787260055542,93.92571428851237,0.7786697705586751
0.4894565105438232,0.8710416793823242,0.582283353805542,0.7960763931274414,0.5465221881866456,0.7957415262858073,0.5851845264434814,0.7860735575358073,0.5120774269104004,0.73120543162028,0.5962855815887451,0.8460700988769532,0.5392671585083008,0.8500063578287761,0.5898030757904053,0.7918875058492025,0.5644027709960937,0.7959089597066243,166.94217318105106,76.86351659738176,142.18756087819796,158.0424259634685,171.00343107270095,0.7938982327779134,51.037745566781666,0.7635571956634521,154.6731637227639,0.7909912586212158,77.10885031393626,0.790605894724528,79.51721673398612,0.8160718282063802
0.4836167335510254,0.8810529708862305,0.574662733078003,0.7747372309366862,0.5280534744262695,0.7836585998535156,0.5936953544616699,0.7825769424438477,0.5469707489013672,0.7989801406860352,0.6370246887207032,0.874782943725586,0.5672882080078125,0.8471524556477864,0.5126791954040527,0.8205569903055827,0.5513581037521362,0.779197915395101,45.31636762662484,150.3197797362234,170.32483734949935,163.30192748864079,133.08209968494768,0.7998774528503418,102.50480643752164,0.789089028040568,4.563226593255306,0.7808874289194743,67.13162201889558,0.8230662981669108,64.83028584124412,0.8286799430847168
0.48819918632507325,0.8795375823974609,0.5878838062286377,0.774015744527181,0.5488966941833496,0.7792966206868489,0.581688404083252,0.7816271464029948,0.5109845161437988,0.7300860087076823,0.6063059329986572,0.8536862055460612,0.5586745262145996,0.8479719797770182,0.5733035326004028,0.794845740000407,0.5683902502059937,0.776656182607015,172.95024930024735,101.8917641318486,150.21658016066172,172.65438833921291,74.88425409427126,0.785750961303711,39.05055497849028,0.7533710956573486,20.496173642974334,0.7791416645050049,67.97452319063339,0.7890289942423503,71.13829901386745,0.8176566759745281
0.5588991165161132,0.8288229624430339,0.5964267253875732,0.7723545074462891,0.5572254180908203,0.778923225402832,0.5886317729949951,0.7684867223103841,0.5123756408691407,0.7302204767862955,0.5977853298187256,0.8455901463826497,0.570076847076416,0.8450775146484375,0.5624089717864991,0.8000122706095377,0.5768260717391968,0.7756388664245606,160.80897329451494,160.9618926713091,147.77469293515676,170.09073662611002,120.6047176339082,0.7878255685170492,35.17245464787692,0.7529296716054281,148.7916303349547,0.7720627943674723,63.32622940343283,0.7876489957173665,83.22965348810722,0.8070384343465169
0.48826937675476073,0.8796109517415365,0.5881450653076172,0.773652712504069,0.549302625656128,0.7795202891031902,0.5812843799591064,0.774952507019043,0.5111768245697021,0.7302811304728191,0.605457353591919,0.8479912439982097,0.5693144798278809,0.8478418350219726,0.5280735969543457,0.8165090878804525,0.5687238454818726,0.7765865008036296,139.9088866307581,149.42281500086048,154.16099528402142,171.0893947840055,135.51742992916698,0.796547794342041,38.821991325172974,0.7534338156382243,172.58804457515404,0.7757695039113363,63.68608234413525,0.7890614827473958,71.68747019163455,0.8114718755086263
0.4882963180541992,0.8796532313028972,0.5882943630218506,0.7736663182576498,0.5492929458618164,0.7794745763142904,0.5813512802124023,0.774866231282552,0.5114455223083496,0.730250358581543,0.6054795265197754,0.8479366938273112,0.5693767547607422,0.8477816899617513,0.5281400442123413,0.816526985168457,0.5687936544418335,0.77657044728597,139.87919869160197,149.66997663328976,154.23044241517977,171.0680278236217,135.49545012564948,0.7965487162272136,38.927811761526044,0.7534104029337565,172.27151178101397,0.775718339284261,63.76129682241025,0.7890160242716471,71.72650849850255,0.8114014625549316
0.559839916229248,0.8299076716105144,0.5966216564178467,0.7729043960571289,0.5644913673400879,0.7800407409667969,0.5896838188171387,0.7749876022338867,0.576900577545166,0.8070465087890625,0.6109991073608398,0.8322242101033529,0.5863206863403321,0.8457578659057617,0.5628553390502931,0.7991697311401367,0.5805565118789673,0.7764725685119629,112.46548394732359,147.21051889200822,171.07909445660093,171.78937979106664,127.95012798037683,0.7878211498260498,96.81886957624666,0.7917595386505127,170.7592345059247,0.7757300853729248,76.32333713210677,0.8264021873474121,69.5743389226063,0.8036059061686198
0.5690524578094482,0.8276763916015625,0.5966643810272216,0.7729286193847656,0.5573247909545899,0.7846651713053385,0.5836441040039062,0.7742803573608399,0.5122402667999267,0.7305318196614583,0.6156261920928955,0.8380567550659179,0.5785257816314697,0.8456143697102865,0.56307110786438,0.7990188280741374,0.5769945859909058,0.7787968953450521,163.2819447603288,163.9330128135033,151.37158366140713,173.53209038320014,124.54871338782517,0.7889078617095948,36.699256959693656,0.7546643575032552,145.814560064187,0.776538626352946,60.05881785817484,0.7880730946858724,63.36750959724227,0.8061685562133789
0.4881103038787842,0.8794867833455403,0.588129711151123,0.7740150451660156,0.5492424488067627,0.7802412033081054,0.5811753273010254,0.775165303548177,0.5109998703002929,0.7303468704223632,0.6061792373657227,0.841832160949707,0.5695567607879639,0.8461320241292317,0.5672160387039185,0.7977233250935872,0.5686860799789428,0.7771281242370605,168.88094093989048,130.68152492817717,153.89547780329255,170.4685228017391,94.08272572307852,0.7874257246653238,39.04069699112273,0.7537374973297118,171.06840399306432,0.7761467138926188,63.17256665593813,0.7882394472757974,69.44106258580358,0.8084987322489421
0.48809566497802737,0.8795188903808594,0.5884444236755371,0.7740168889363607,0.5494125366210938,0.7801383336385092,0.5811080455780029,0.7751141866048177,0.5110505104064942,0.7303472518920898,0.6063193798065185,0.8417186101277669,0.5695975303649903,0.8460501352945964,0.5675032377243042,0.797667407989502,0.5689284801483154,0.7770776112874349,168.8994383829125,130.25735658915846,153.7158186158892,170.68604878950393,93.95974398146382,0.7873725096384685,38.917218584404424,0.7537124315897623,170.8423359041945,0.7760958989461263,63.160053084860614,0.7881986935933432,69.267171948824,0.8084163983662923
0.485164213180542,0.8796061833699544,0.597513484954834,0.7730099360148112,0.5575504779815674,0.7853688557942708,0.5889461517333985,0.7678615570068359,0.5123615741729737,0.7301071802775065,0.6253573894500732,0.8290112813313802,0.5861050128936768,0.846676254272461,0.5219080448150635,0.8203138033548991,0.5775319814682007,0.7791893959045411,133.02580495805114,173.257991701347,154.92156344941418,166.9427257876151,143.52339686318282,0.7997515996297201,36.98473963360962,0.7546482880910238,135.2175005383878,0.7735254764556885,57.681907928910725,0.7883917172749837,59.22856930938719,0.798436419169108
0.48451743125915525,0.8793067296346029,0.5979660987854004,0.7730173746744792,0.5645298004150391,0.7857341766357422,0.5892938137054443,0.7678390502929687,0.512074613571167,0.729998779296875,0.62745361328125,0.8218481063842773,0.591623067855835,0.8474026362101237,0.5224958419799804,0.8184752782185873,0.5812479496002197,0.7793757756551107,132.23748017726987,162.05638671963155,154.55154715918746,167.8321831676669,146.35625169223965,0.798925526936849,35.519832625355775,0.7546872774759928,124.89242614667677,0.7736074129740398,55.87990447195025,0.7887007077534993,54.757094953765694,0.794843578338623
0.484493350982666,0.8792736689249675,0.5982002258300781,0.7731952667236328,0.5646989822387696,0.7857048034667968,0.5892453193664551,0.7678675969441732,0.5121124744415283,0.7299733479817708,0.6279014110565185,0.8219113032023112,0.5916301250457764,0.8473536809285481,0.5226330518722534,0.8186296145121257,0.5814496040344239,0.7794500350952148,132.2778741181511,161.252342959568,154.4114957280655,168.00539116629258,146.33115143182198,0.7990398248036703,35.510400910397834,0.7547116915384928,123.94305421820962,0.773658816019694,55.884877572707765,0.7886635144551595,54.424821400004646,0.7948894500732422
0.5711822986602784,0.8136033376057943,0.5804600238800048,0.7916848500569661,0.5295251846313477,0.7925750096638997,0.5845966815948487,0.8119674682617187,0.5095441341400146,0.7311855316162109,0.5882157802581787,0.8483885447184245,0.5543883323669434,0.8450032552083333,0.5633462429046631,0.7886960665384928,0.5549926042556763,0.792129929860433,173.62136917128308,166.2268125080957,157.84076700624428,155.1110414086184,157.6542992522052,0.7904129981994629,53.286757364122536,0.7616577307383219,33.825834012578404,0.8020486990610758,68.49555316550811,0.7880943934122722,84.32524727511613,0.8301780064900717
0.5731186866760254,0.8074443181355794,0.5800488948822021,0.7967217763264974,0.5289762020111084,0.7925718943277995,0.5844567298889161,0.8119220097859701,0.5095519065856934,0.731324831644694,0.5921892166137696,0.8444679260253907,0.5464358329772949,0.8458508809407552,0.5641818284988404,0.7855825106302897,0.5545125484466553,0.7946468353271485,170.18009608744958,157.56856331405214,153.18473140492227,156.2669320543604,136.84958251608728,0.7901146729787192,54.62403344206906,0.7629858334859212,29.981187391380477,0.8032844225565593,72.14847767191915,0.7885878562927247,76.63506286644638,0.8281949679056804
0.5709166049957275,0.8142672220865885,0.5804039001464844,0.7918656031290691,0.5288990020751954,0.7925322850545248,0.5839760780334473,0.8120060602823893,0.5096705913543701,0.7314423243204753,0.5880015373229981,0.8485956192016602,0.5465953826904297,0.8460389455159505,0.5633695363998413,0.7887980779012045,0.5546514511108398,0.7921989440917969,173.40016548630044,165.63889969497558,153.6302421259698,155.68035734608247,158.68957924810223,0.7904985109965007,53.48578822177923,0.7618206342061361,34.03678657478199,0.8021025021870931,72.14026222220876,0.7887406349182129,83.721761120474,0.8303008397420247
0.5707513809204101,0.8144092559814453,0.5804045677185059,0.7919015248616537,0.5289414882659912,0.7925418217976888,0.5838802337646485,0.8120288213094076,0.5096745967864991,0.7314086278279622,0.5880692005157471,0.8486631393432618,0.5465936183929443,0.8460795720418294,0.5633200407028198,0.7888448397318522,0.5546730279922485,0.7922216733296712,173.45399417228157,165.71103078421086,153.62219550766332,155.91055854840423,158.66834788740496,0.7905332565307617,53.500520732392204,0.7618151505788167,34.143536203175124,0.8021252473195394,72.15371520683085,0.7887440999348958,83.47682107509412,0.8303459803263347
0.5705635070800781,0.8142821629842122,0.5799278259277344,0.7918877283732096,0.5286856174468995,0.7924474716186524,0.5833475112915039,0.8120704015096029,0.5098501682281494,0.7315998077392578,0.5879280090332031,0.8488655726114909,0.5466391086578369,0.846245002746582,0.5599624395370484,0.7892385482788086,0.554306721687317,0.792167599995931,175.2741950731475,170.11018271487129,154.1387319262287,156.42855465634588,152.62071691700908,0.7907030741373697,53.72145762524838,0.7618837038675944,34.42438259247981,0.802119000752767,72.20888266979507,0.7889224052429199,82.90396085864883,0.8304679870605469
0.5905227661132812,0.7860439936319987,0.5783047676086426,0.7948909123738607,0.5276179790496827,0.7948294321695963,0.5803319931030273,0.8037409464518229,0.5105497360229492,0.7317816416422526,0.592705488204956,0.8424877166748047,0.5377455234527588,0.847848637898763,0.5769517183303833,0.7782793998718263,0.5529613733291626,0.7948601722717286,158.9169052469517,115.53873293530364,150.79122821501767,157.86626007119582,145.3499602293954,0.7865697860717774,56.084594114692635,0.7633209069569906,17.976368110754137,0.7993005593617757,76.81285902207209,0.7898151397705078,72.28950137005424,0.8231143315633138
0.5828680038452149,0.7914770762125651,0.5779444694519043,0.7998939514160156,0.5276695251464844,0.7951192220052083,0.5809295654296875,0.8037300109863281,0.5104883193969727,0.7315900166829427,0.5926692485809326,0.8424538930257162,0.5447581291198731,0.8471392313639323,0.5733448266983032,0.781338914235433,0.5528069972991942,0.7975065867106119,161.06108874818716,121.19149801414743,154.26919561515447,155.29667123831013,141.7896738378196,0.7894227504730225,57.29938937380179,0.7645483016967773,12.478250683042617,0.80061829884847,73.48059470494493,0.7893646240234375,73.13459066312109,0.8230919520060221
0.5710775852203369,0.8062182744344075,0.5786069393157959,0.7941764195760092,0.5345935344696044,0.7941863377888997,0.5699976444244385,0.7849085489908855,0.5111560344696044,0.7313987731933593,0.5975670337677002,0.8302306493123373,0.5562918663024903,0.8404078801472982,0.5635712146759033,0.7916714668273925,0.5566002368927001,0.7941813786824544,174.88697946285342,168.22708851124628,157.12551874987543,162.6586949207812,160.19850532764102,0.7929264227549235,54.101691484099575,0.7627900759379069,145.31149226107104,0.7895449638366699,67.50772529178342,0.7859033266703288,58.68789159905616,0.8075695991516114
0.4884042739868164,0.8687109629313151,0.5728260517120362,0.7856792449951172,0.5277070522308349,0.7917804718017578,0.576398229598999,0.7864197413126628,0.5118133544921875,0.7316231409708659,0.6135096073150634,0.8213741302490234,0.563945198059082,0.8419347763061523,0.5279447317123414,0.8026617685953776,0.5502665519714356,0.7887298583984375,158.8390861807035,166.52038932120368,169.12331943715517,164.01589894064577,148.0301204522412,0.7956958134969075,56.04537767045201,0.7601764996846516,174.9480179690504,0.7875747998555501,64.70519130157719,0.7867789586385091,43.28560113984459,0.8038969357808431
0.4883385181427002,0.8687505722045898,0.5727615356445312,0.7855346043904622,0.527771282196045,0.791655158996582,0.5764381408691406,0.7863083521525065,0.5114082813262939,0.7317551930745443,0.6135302543640136,0.821352767944336,0.5641591072082519,0.8418114980061849,0.5278174161911011,0.8026825586954752,0.5502664089202881,0.7885948816935221,158.66803374320153,166.38084830072933,169.02230225525085,164.00101141722843,147.89001841935718,0.7956387201944987,55.64175971288452,0.7601750373840332,175.00695304739492,0.7874516169230144,64.39124467150168,0.7867833455403646,43.374014669320175,0.8038305600484212
0.5518179416656495,0.8218578338623047,0.5719987869262695,0.7886067708333333,0.5350860118865967,0.7889238357543945,0.5685761451721192,0.7763278325398763,0.512136173248291,0.7314544041951497,0.6118074417114258,0.8272101084391276,0.5640530586242676,0.8407304763793946,0.5522728204727173,0.7997292200724284,0.553542399406433,0.788765303293864,174.60242903917873,164.4653050116513,166.02226325457616,163.7702268884887,96.60521080410726,0.7942472616831462,54.152478897864114,0.7601098537445068,140.39892607866213,0.7825465679168702,64.58768275962647,0.7860924402872722,49.647649789643154,0.8017689704895019
0.5512592792510986,0.8222197850545248,0.5720864295959472,0.7885505040486653,0.5351884365081787,0.7889415105183919,0.5685489654541016,0.7762420018513997,0.5120808124542237,0.7313610076904297,0.6120034217834472,0.8273970921834309,0.5641655445098877,0.8406193415323894,0.5331908464431763,0.8021097183227539,0.553637433052063,0.7887460072835286,160.70306560689338,176.2075237690988,165.98511880527042,163.86002956753637,146.8317186983974,0.7954278628031413,54.0889894220408,0.7600535074869792,140.018620505454,0.7824940045674642,64.51231351353319,0.7859901746114095,49.65326552530098,0.8018195470174153
0.4912444591522217,0.8741607030232748,0.5980416297912597,0.7622973124186198,0.559417724609375,0.7789803822835286,0.6086320400238037,0.7083932240804036,0.5740110397338867,0.7821708679199219,0.6614207267761231,0.8101312001546224,0.6148015975952148,0.8169801712036133,0.5025584697723389,0.8221350034077962,0.5787296772003174,0.7706388473510741,38.52803083552006,162.65724480103987,168.37339957396924,142.9520388052499,145.93902484574875,0.7963869253794351,112.25324853279899,0.776404857635498,115.65930460747299,0.7395160357157389,40.47633736137147,0.7995755195617675,62.5765985939326,0.759262212117513
0.4896839141845703,0.875560442606608,0.6112878322601318,0.768287467956543,0.5700223445892334,0.7828271865844727,0.6074901103973389,0.708497428894043,0.5145669460296631,0.7295707066853842,0.6548333168029785,0.8052960077921549,0.6088908195495606,0.8125089009602865,0.5166813850402832,0.8218778928120931,0.5906550884246826,0.7755573272705079,122.46040390967177,155.40060842263696,157.59139701906778,140.92468571883154,147.94618511463736,0.7987176100413005,31.148184852468688,0.752564016977946,104.09255739622509,0.7420273780822755,41.32489636368982,0.7710398038228353,63.93721046312516,0.756896718343099
0.4898657321929932,0.8754700342814128,0.6194171905517578,0.7749028523763021,0.5626667976379395,0.7879770278930665,0.6073789119720459,0.7082601547241211,0.5138588428497315,0.7294738133748372,0.6610055446624756,0.8053695678710937,0.6015408515930176,0.8131161371866862,0.5219730615615845,0.8218856811523438,0.5910419940948486,0.7814399401346843,128.9697073486594,155.6544578318086,151.98668593189234,137.7909752912128,149.64739398043952,0.8016628106435141,33.95172406067201,0.7554568767547607,102.58456171079256,0.7448500474294026,43.64926357467244,0.7712949752807616,61.09124753364185,0.7568148612976073
0.4899300098419189,0.875463358561198,0.6191156387329102,0.7799177169799805,0.5625542163848877,0.7881441752115885,0.607503080368042,0.7080877939860026,0.5138375282287597,0.7294841130574544,0.6610761642456054,0.8052591323852539,0.6015409469604492,0.8130126317342122,0.5220720529556274,0.8218221346537272,0.5908349275588989,0.7840309460957845,130.4107313677713,155.46722911688653,153.87786805217465,135.6848670383676,151.20737269684815,0.8029265403747559,35.314686082945656,0.7567575295766195,102.37910488356549,0.7460593700408935,43.603316796760716,0.7712483723958333,61.13091004565718,0.7566734631856282
0.4933990478515625,0.8713111877441406,0.6124034404754639,0.7799401601155599,0.5518855571746826,0.7925919850667318,0.6068294048309326,0.7082446416219076,0.5132200241088867,0.7293505986531575,0.6524144649505615,0.8057169596354167,0.6019843101501465,0.8135774612426758,0.5260742425918579,0.8108671188354493,0.5821444988250732,0.7862660725911459,138.50982668955493,159.35691739610812,169.49329960398038,130.53637890723647,156.31034661614265,0.7985665957132976,39.54872903969391,0.7578083356221517,107.5566538972064,0.7472553571065268,43.497520701294675,0.7714640299479167,64.93583101537372,0.7569808006286621
