0,1,2,3,4,5,6,7,8,9,10,11,12,13,14,15,16,17,18,19,20,21,22,23,24,25,26,27,28,29,30,31
0.5423837661743164,0.8338596979777019,0.6577705383300781,0.7816375732421875,0.6001923084259033,0.7582894007364909,0.6107224464416504,0.7481847763061523,0.6088967323303223,0.6569058736165364,0.5929449081420899,0.7682133356730143,0.5818319320678711,0.7383673350016277,0.5688849687576294,0.8089601834615072,0.6289814233779907,0.7699634869893393,155.18382426161315,105.48066173724705,74.55146827843645,128.81211718249241,147.0203889347563,0.7894618352254232,79.92649603773692,0.7134346803029379,50.023985840970056,0.7590741316477458,108.37857937675643,0.697636604309082,131.59256238906528,0.7581990559895833
0.5366059303283691,0.8405162175496419,0.6573667049407959,0.7884693781534831,0.6005546092987061,0.7575499852498372,0.6052539825439454,0.7542698542277019,0.5334138393402099,0.7306030909220378,0.5818255424499512,0.7745780944824219,0.5618834972381592,0.748132832845052,0.5662555694580078,0.8058659235636394,0.628960657119751,0.7730096817016601,137.50766464684745,91.24245107689195,11.273764697939221,140.9864043806805,152.34633906055004,0.7894378026326497,23.93310758849475,0.7518063863118489,38.32592611227818,0.7636397679646809,31.622027819698467,0.7393679618835449,139.0806004063624,0.7644239743550618
0.5423029899597168,0.8486443201700846,0.6570075035095215,0.7830780665079753,0.595414686203003,0.7511734008789063,0.6049754619598389,0.7557936986287435,0.5357842445373535,0.7387310663859049,0.5824759483337403,0.768212636311849,0.5638368606567383,0.7480761210123698,0.5658017635345458,0.8030681927998861,0.6262110948562623,0.7671257336934407,132.44481496847516,78.43923331358783,1.4411450651890305,152.52646927230492,149.24812009386076,0.7850969632466633,17.432655589805222,0.7529284000396728,28.08585384375047,0.7614597161610921,18.424254612892565,0.7434035936991373,151.10285184410387,0.7620031674702963
0.5393298149108887,0.8485634485880534,0.6573698997497559,0.7827799479166667,0.5963968753814697,0.7490688959757487,0.6184619903564453,0.762635612487793,0.6101564884185791,0.656665547688802,0.5939154624938965,0.7628519694010417,0.5830478668212891,0.7358887354532878,0.5653510570526123,0.803512159983317,0.6268833875656128,0.7659244219462077,154.32807977883,58.915632190699334,74.47136557260177,174.17068619463836,148.58084415136565,0.7847182909647623,81.2959305217901,0.7112949848175049,21.332143758605042,0.7642800172170003,108.889940940053,0.6962771415710449,179.49499916807326,0.7627437909444174
0.5379292964935303,0.8487263361612956,0.6571369171142578,0.7826303482055664,0.5967987060546875,0.7492191950480144,0.6110552787780762,0.7553780873616537,0.6105459213256836,0.6561954498291016,0.5893487453460693,0.7499451955159505,0.5776019096374512,0.732046635945638,0.5649261474609375,0.8032917340596517,0.6269678115844727,0.7659247716267904,154.2578726299401,79.6231505044575,79.0159951886933,171.0372994434114,148.93994047634385,0.784608252843221,81.48838940150688,0.711060110727946,33.5360608552549,0.760651429494222,113.47647653438132,0.6941210428873699,14.051790344577142,0.7526616414388021
0.5345232963562012,0.8548636118570964,0.6572328090667725,0.7782183329264323,0.6013738632202148,0.744691276550293,0.6201546669006348,0.7528111139933268,0.6096769332885742,0.6564603169759115,0.6640612125396729,0.6635023752848307,0.664369535446167,0.6635534922281902,0.5611509323120117,0.8007877667744954,0.6293033361434937,0.7614548047383627,150.82825703183948,82.48926017657382,102.31692095911826,173.35699158312696,150.00936208328855,0.781121285756429,79.41201169647248,0.708957560857137,43.37428133982078,0.7571329593658447,7.389539382494913,0.6600069046020508,116.17995569916795,0.7081567446390787
0.5336798667907715,0.8541851043701172,0.656401252746582,0.7724919001261393,0.5958603382110595,0.7402794520060222,0.6178493022918701,0.6877243041992187,0.6096962928771973,0.6573686599731445,0.6612985134124756,0.6654654820760091,0.6604471683502198,0.6664889017740886,0.5610950469970704,0.8011925379435221,0.6261307954788208,0.7563856760660808,151.9049143168043,146.54938746062467,100.70573671953073,138.27219892771012,145.43481235656324,0.7787891070048014,80.57615426297791,0.7068771680196126,83.12257317664498,0.7220549901326497,10.187662013952487,0.6619287808736165,152.8741545823926,0.6765948931376139
0.5383040904998779,0.8553810119628906,0.6587145328521729,0.7714489618937175,0.5959217548370361,0.7402344385782877,0.6211919784545898,0.7574389775594076,0.6105925083160401,0.6569526672363282,0.6594861030578614,0.6670298894246419,0.6600274562835693,0.6668976465861003,0.5631336450576783,0.7997210184733072,0.6273181438446045,0.7558417002360026,152.0123390128917,21.451256309862043,98.81653246221258,176.95475509501316,145.64178816116498,0.777781359354655,80.40010839981915,0.7063971837361653,165.38659380078775,0.7566403388977051,11.374543754927728,0.6619251569112142,112.95581500479592,0.7122344334920248
0.5381946086883544,0.8585976918538412,0.6585309028625488,0.7660275777180989,0.5980599880218506,0.732801882425944,0.6251236438751221,0.7578293482462565,0.6113796710968018,0.656997807820638,0.660374927520752,0.6664464314778645,0.6651151657104493,0.6621089299519857,0.5632187366485596,0.7996431986490885,0.6282954454421996,0.7494147300720215,150.97146405682443,35.309420589420085,107.43333169772484,179.9554297386821,142.33779053536898,0.7745289643605551,79.62753470175575,0.7032062689463298,110.65340545872569,0.7536220391591391,5.433417070202601,0.6595533688863118,111.0942973117125,0.7121378898620605
0.532837963104248,0.8579390207926433,0.6582680225372315,0.7660339991251628,0.6037983894348145,0.7328355153401692,0.6208874225616455,0.7570446014404297,0.609906005859375,0.6572704315185547,0.6643157005310059,0.6637721379597982,0.664793872833252,0.663592783610026,0.5617294549942017,0.8020869255065918,0.631033205986023,0.7494347572326661,148.6880281843828,0.41357792770984114,104.89839355801448,176.26564074037844,142.77495775939056,0.7757608413696289,77.0889241420886,0.7033525943756104,143.12827128123968,0.7532396793365479,6.570753495267408,0.6604316075642904,114.96699936727849,0.710408369700114
0.5216204166412354,0.8521066665649414,0.6588630676269531,0.7719651540120442,0.6105498790740966,0.7269515991210938,0.6203123569488526,0.7577445348103841,0.612352991104126,0.6581982294718425,0.5930054664611817,0.808204714457194,0.6667396068572998,0.6620722452799479,0.5615159034729004,0.7991441726684569,0.6347064733505249,0.749458376566569,146.40319755695177,5.222627496607271,106.05706370959139,173.0513711426506,145.82917571453123,0.774301274617513,76.23681105951219,0.7038283030192057,150.07256396396537,0.7536014556884765,4.074356990326565,0.6601352373758952,118.42035605117601,0.782974624633789
0.5319527626037598,0.8578532536824545,0.6586091995239258,0.7663448333740235,0.610175895690918,0.7316580454508463,0.6205654144287109,0.7580331802368164,0.6104197978973389,0.6585792541503906,0.5934811115264893,0.807977040608724,0.667644739151001,0.6617765426635742,0.5616989135742188,0.799212900797526,0.6343925476074219,0.7490014394124349,146.04329111971424,1.8223347856664327,107.67010699657132,173.72166743402894,145.36611205604427,0.7741071701049804,75.15133697591534,0.7037903467814128,146.84784460706683,0.7535173098246257,3.1979215104127556,0.6601778984069824,118.47075297880482,0.7830051104227702
0.5228158950805664,0.8524382909138998,0.6567363262176513,0.769137954711914,0.614209508895874,0.7295675913492838,0.6138272285461426,0.7593858083089192,0.6108183860778809,0.6579699834187825,0.5816762924194336,0.7939982732137044,0.5738721370697022,0.7322662989298503,0.5640077829360962,0.7941707293192546,0.6354729175567626,0.7493527730305989,145.93417826970006,10.055220197441281,100.93770173154215,172.57757277539784,147.9069264843303,0.7717617511749267,74.90142457421258,0.7036613782246908,155.1317140721556,0.754369290669759,116.44034954255459,0.6951181411743164,132.88849348023032,0.7766920407613118
0.5229100704193115,0.8525376001993815,0.6565842151641845,0.7693077087402344,0.6137032032012939,0.7298946380615234,0.6138077259063721,0.7596041997273763,0.610897445678711,0.6574446996053059,0.5815948486328125,0.7936588287353515,0.5739281654357911,0.7323033650716145,0.563927412033081,0.7943860054016113,0.6351437091827392,0.749601173400879,146.32794446004496,9.76950413896074,100.50385037433418,172.8540568134323,147.83599833121215,0.7719935894012451,75.25960040233194,0.7035229365030924,154.8812371388361,0.7546026865641275,116.282665070745,0.6948740323384602,133.40800643386618,0.7766315142313639
0.5234026432037353,0.8525636672973633,0.6567291259765625,0.7689839045206706,0.607501220703125,0.7304145177205403,0.6145306587219238,0.7525579452514648,0.6108109951019287,0.6581605275472006,0.5907440662384034,0.7994192759195964,0.5745844364166259,0.7271186192830403,0.5617146968841553,0.7961132049560546,0.6321151733398438,0.7496992111206054,147.3082861745525,30.277213558353196,96.2850014230648,167.14894749197438,146.60372542310856,0.77290620803833,76.89853976634933,0.703929869333903,170.76614409311048,0.7511285781860351,117.71481679588767,0.6926395734151205,116.91213659138646,0.7759886105855306
0.5228935241699219,0.8519507090250651,0.6570090293884278,0.7629314422607422,0.6079767227172852,0.7299349466959636,0.6144078731536865,0.7527718226114909,0.6104028224945068,0.6580922444661458,0.590752649307251,0.7995594024658204,0.5751767635345459,0.7215185165405273,0.5617293596267701,0.7957835833231608,0.6324928760528565,0.7464331944783529,146.4924726656571,19.916380644804047,95.55312678108719,168.66456818446986,145.1081288541862,0.7711083889007568,75.9608167338578,0.7022627194722493,160.6849028872225,0.7496025085449218,119.04717681398407,0.6898053805033366,116.82059859432316,0.7761656125386556
0.5220065593719483,0.8520528157552083,0.6568605422973632,0.7631505330403646,0.6137527465820313,0.7258721669514974,0.6212658882141113,0.6922159830729167,0.6103815078735352,0.657834815979004,0.5867656230926513,0.7937133153279622,0.5748294830322266,0.7212759653727213,0.5594049453735351,0.7961992899576823,0.6353066444396973,0.744511349995931,143.73169333592548,134.22218885277812,98.24917441972782,154.1609977417513,145.7457129015146,0.7703553199768067,73.95661742956459,0.7011730829874675,74.97112101595353,0.7183636665344239,119.26599863793605,0.6895553906758627,108.77356612195341,0.7429646492004394
0.5219635009765625,0.8519467035929362,0.6563707828521729,0.7633621851603191,0.6137547016143798,0.7259923299153646,0.621591854095459,0.6964603424072265,0.6108280658721924,0.6576521555582683,0.5868050575256347,0.7936564763387044,0.5749824047088623,0.7212525049845377,0.5594954490661621,0.7961877504984538,0.6350627422332764,0.7446772575378418,144.10703756141615,132.4817213865943,98.10561503587975,155.11759369541332,145.71967701534209,0.7704325040181478,74.43858875717729,0.7011647065480551,74.39064853339958,0.7205687999725341,119.40595260605183,0.6894523302714031,109.69244544325215,0.7450584093729655
0.5219635009765625,0.8519467035929362,0.6563707828521729,0.7633621851603191,0.6137547016143798,0.7259923299153646,0.621591854095459,0.6964603424072265,0.6108280658721924,0.6576521555582683,0.5868050575256347,0.7936564763387044,0.5749824047088623,0.7212525049845377,0.5594954490661621,0.7961877504984538,0.6350627422332764,0.7446772575378418,144.10703756141615,132.4817213865943,98.10561503587975,155.11759369541332,145.71967701534209,0.7704325040181478,74.43858875717729,0.7011647065480551,74.39064853339958,0.7205687999725341,119.40595260605183,0.6894523302714031,109.69244544325215,0.7450584093729655
0.5207889556884766,0.8487065633138021,0.6561824798583984,0.7635103861490885,0.6141944408416748,0.726007588704427,0.6214745044708252,0.696708869934082,0.6106688976287842,0.6577410380045573,0.5860916614532471,0.7990241368611654,0.5746810913085938,0.7212001164754231,0.5572288274765014,0.7960061391194662,0.6351884603500366,0.7447589874267577,143.1317053833483,131.16774789709453,98.28396377348074,156.93904290337989,146.68088240618138,0.7703825632731119,74.26344186857291,0.7012500127156576,74.0707549292823,0.7207339286804199,119.55768346889023,0.6894705772399903,109.07649771667039,0.7478665033976237
0.5215371608734131,0.8521422704060873,0.6563192844390869,0.763293965657552,0.6141384601593017,0.7259348551432292,0.6144951820373535,0.7464168548583985,0.6107495784759521,0.6578435262044271,0.5862378597259521,0.7990569432576498,0.5749842643737793,0.7209926605224609,0.563202691078186,0.7979448000590006,0.6352288722991943,0.7446144104003907,145.4995556532208,40.16279439506152,98.11558456010727,166.24402034255456,143.48261978463088,0.7712796052296956,74.24549001657932,0.7012289683024089,175.03158982887223,0.7455156326293946,119.52559761514105,0.689418093363444,118.22700722635771,0.7727368990580241
0.5216856002807617,0.8520842870076497,0.6565188884735107,0.7633450826009115,0.6136413097381592,0.7314200083414714,0.6140011787414551,0.7527373631795248,0.6115769386291504,0.6584117253621419,0.5864053249359131,0.7991683959960938,0.5814536571502685,0.7196835199991862,0.5594857692718506,0.7961217244466146,0.635080099105835,0.7473825454711914,144.48239021270095,24.259704252565143,88.86311804291262,167.49851573775888,147.18824265214099,0.7717521349589029,75.20237427168732,0.7028971354166667,165.74628755438005,0.7500599543253581,116.18028816369296,0.6890476226806641,120.724740234447,0.7759528795878092
0.5219880104064941,0.8522850672403971,0.6563244819641113,0.7633272806803385,0.6132606983184814,0.7267191569010417,0.6187518119812012,0.7526913324991862,0.6110362529754638,0.658716328938802,0.5864957332611084,0.7990926106770834,0.6714723587036133,0.6589824676513671,0.5596484184265136,0.7960618336995442,0.6347925901412963,0.7450232187906901,144.09686578233934,10.721885562766815,112.83657935094541,173.03283488429764,145.8152911126575,0.7705425262451171,74.6102070480288,0.7018697738647461,154.45039265985102,0.7488572756449381,0.2523082227952225,0.6588493982950846,124.80528689857195,0.7758919715881347
0.5224302768707275,0.8523284276326497,0.6563812732696533,0.7632991790771484,0.6132678985595703,0.7266686757405599,0.6186491489410401,0.7529086430867513,0.6110037803649903,0.6587562561035156,0.5912271499633789,0.804584821065267,0.6714954376220703,0.6589578628540039,0.5636302471160889,0.7979341506958009,0.6348245859146118,0.7449839274088541,145.7593249651115,13.194382857769934,112.89643589739981,171.76760405374694,143.36026723475476,0.7714590390523275,74.55693181502652,0.7018700917561849,153.89871206635027,0.7489462852478027,0.19095481393183505,0.6588570594787597,117.95268735964278,0.7787467320760091
0.5027765274047852,0.8353226979573568,0.6551014423370362,0.7668202082316081,0.6287033081054687,0.7241985321044921,0.6171468257904053,0.7586249033610026,0.6124882698059082,0.6580055872599284,0.5861196994781495,0.8077802658081055,0.6077590465545655,0.7094912846883138,0.5531287431716919,0.7843276023864746,0.6419023752212525,0.7455093701680502,136.25096762182739,6.039692688226125,48.71756684752213,170.4061477905004,156.381583257402,0.7649184862772624,71.42010063433753,0.7017574787139893,152.08527930198863,0.7520671367645264,95.24818165371764,0.683748435974121,122.26033873765451,0.783202584584554
0.5026670932769776,0.8352258046468098,0.655118179321289,0.7668697992960612,0.6244917869567871,0.723264503479004,0.6169360637664795,0.7589733759562175,0.6125184059143066,0.6582605997721355,0.5860915660858155,0.8078732172648112,0.6073176383972168,0.7095048268636067,0.5528013229370117,0.7860720952351887,0.639804983139038,0.7450671513875327,137.50680904512623,8.397700523161776,48.2078153249586,171.70451168287755,154.7654341279854,0.7655696233113607,72.5500975450301,0.7016638755798341,148.69688380953392,0.7520202636718751,95.79509600504534,0.6838827133178711,122.2424530814973,0.7834232966105144
0.5028317928314209,0.8354166666666667,0.6550716400146485,0.7667840321858724,0.6282980918884278,0.7246426900227865,0.6169084072113037,0.7584161758422852,0.6124847888946533,0.6582675298055013,0.5860868453979492,0.8077384312947591,0.6072277069091797,0.7094341278076172,0.5529240131378174,0.7859910964965819,0.6416848659515382,0.7457133611043294,136.53386010818232,3.8298106827249123,49.39070090546524,170.12892499413763,155.59249119881846,0.7658522288004557,71.53470702569811,0.7019904454549153,152.85592422156893,0.7520647684733073,95.86623677900934,0.6838508288065592,122.00133337119526,0.7830773035685221
0.504529619216919,0.8403238296508789,0.6549828052520752,0.7719339370727539,0.6247186183929443,0.7280370712280273,0.6170571327209473,0.7582651774088541,0.6125720024108887,0.6579870223999024,0.5856756210327149,0.8077520370483399,0.5954774856567383,0.7104482650756836,0.5583712577819824,0.7993123372395834,0.6398507118225097,0.7499855041503907,142.50154839947925,15.007079590896582,66.34668193007847,169.21794787790142,148.80971368135312,0.774648920694987,73.48424599106836,0.7039862632751466,160.0366570859738,0.7541253407796225,108.04821992030655,0.6842176437377929,122.3803479870503,0.783008607228597
0.5041646480560302,0.8400706609090169,0.6550308704376221,0.7667386372884114,0.6281967163085938,0.7245780309041341,0.6204001426696777,0.7588899612426758,0.6126277923583985,0.6580129623413086,0.5857461452484131,0.8079516728719075,0.607226037979126,0.7094024658203125,0.557560420036316,0.7842359860738118,0.6416137933731079,0.7456583340962728,138.1297415804669,9.986710532595072,49.48576425525484,173.3476190476798,155.34647971799245,0.7649471600850424,71.69996131618733,0.7018356482187906,148.0469009730384,0.7522741476694743,96.00055128098163,0.6837077140808105,125.2348938954693,0.7834208170572916
0.5258563995361328,0.8495539983113607,0.6555269241333008,0.774392573038737,0.6097268104553223,0.7352511088053385,0.6214702129364014,0.7567646026611328,0.6117953300476074,0.6587917963663737,0.5909635066986084,0.794204584757487,0.580957555770874,0.7244508107503255,0.56031391620636,0.7983667373657226,0.6326268672943116,0.7548218409220377,147.5144092449367,24.347717954940684,84.71097024063312,172.56184448131603,148.94479032710873,0.7765942891438802,77.7606150916224,0.7068068186442058,170.12186099810924,0.7557932217915853,115.1578250344153,0.6916213035583496,129.17370778156558,0.7754845937093099
0.5316988468170166,0.8506778081258138,0.6572057723999023,0.7743914286295573,0.6095784187316895,0.7361907323201498,0.6203701496124268,0.7566719055175781,0.6129852294921875,0.6576083501180013,0.5926845073699951,0.7943150202433268,0.6632425308227539,0.6631617863972982,0.5632172584533691,0.8019929567972819,0.6333920955657959,0.7552910804748536,149.18149227121376,32.36075519169855,101.64702307904308,170.12391895802014,146.35593925233195,0.7786420186360677,78.20006716736634,0.7064497152964275,173.9470717998949,0.7559814929962159,6.305607392041568,0.6603850682576498,126.33362379048606,0.7754934628804524
0.5315650463104248,0.850700314839681,0.6572185516357422,0.7744322458902995,0.6094028949737549,0.7363822301228841,0.6203571796417237,0.7565084457397461,0.6130007743835449,0.6575194040934245,0.5926656723022461,0.7942117691040039,0.588676929473877,0.7238161722819011,0.5632529735565186,0.8019397735595704,0.6333107233047486,0.7554072380065917,149.27142540417074,33.646128955742576,74.85751985259682,169.96864879082503,146.40778634995993,0.778673505783081,78.27847599800857,0.7064633210500081,175.14084972465324,0.755957841873169,110.14775253261448,0.6906677881876628,126.2957188860961,0.775360107421875
0.5315496921539307,0.8507654825846355,0.6573471069335938,0.7744555155436198,0.609391164779663,0.7364030838012695,0.6204092025756835,0.7564673741658529,0.6130149364471436,0.6575026830037435,0.5927159309387207,0.7942269007364909,0.5887128353118897,0.7238059361775716,0.5632752180099487,0.8018399238586426,0.6333691358566285,0.7554292996724447,149.24382592306813,33.87505409251516,74.82515589177629,169.91882909832975,146.49063827711603,0.7786346117655436,78.25816930818613,0.7064659913380941,175.42045664185443,0.7559483369191488,110.12937764854244,0.6906543095906575,126.25675063364095,0.7753471374511719
0.5174028396606445,0.8468057632446289,0.6573815822601319,0.7711791356404623,0.6194206237792969,0.7335551579793295,0.623502779006958,0.7636535008748372,0.6125455856323242,0.6579854965209961,0.616923475265503,0.7391531626383464,0.6114302635192871,0.7099640528361003,0.5559364080429077,0.8000064849853515,0.6384011030197143,0.7523671468098958,142.94779329659502,8.864314914068544,33.687965264957064,136.63320442448048,149.98524256367594,0.7761868158976237,74.67988412404993,0.705176321665446,142.85393647223768,0.7580103238423666,91.22922700653085,0.6839747746785483,74.96845873433082,0.7514033317565918
0.5178102016448974,0.8467507680257161,0.6572072982788086,0.7708079020182291,0.6151381015777588,0.7330596923828125,0.6234359264373779,0.7634667078653972,0.6123857975006104,0.6583620071411133,0.5925119400024415,0.8077435811360677,0.6114939689636231,0.7102223078409831,0.5558689832687378,0.8000645637512207,0.6361726999282837,0.7519337972005209,143.9927972162518,13.717917415529108,31.596015595575288,176.89477394792476,149.06325005520122,0.7759991804758708,75.7369461162646,0.7051479021708171,137.83974730094272,0.757700252532959,90.98520398807219,0.6842921574910481,124.93133382670528,0.7856051445007324
0.5171597957611084,0.8426660537719727,0.6572022438049316,0.7706705729166666,0.6196962833404541,0.7335240681966145,0.6233547687530517,0.7585594813028972,0.6123772144317627,0.6587911605834961,0.5922008991241455,0.8077562332153321,0.6114570617675781,0.7175172805786133,0.5538328886032104,0.8000235557556152,0.6384492635726928,0.7520973205566406,141.87310424186876,7.6361623174397195,38.87225991703781,172.62002888374198,150.47303009654743,0.7760604381561279,74.38832207551235,0.7054442405700683,156.82356722683684,0.7553284009297689,90.89766785929294,0.6881542205810547,122.34405762511548,0.7831578572591147
0.5114402294158935,0.8458529154459635,0.656695032119751,0.7653466542561849,0.6173157215118408,0.7238150278727213,0.6216060161590576,0.7514557520548503,0.6125554084777832,0.6622690836588542,0.6100188732147217,0.7338087717692058,0.6029434680938721,0.7039389292399089,0.5580734491348267,0.8016088485717774,0.6370053768157959,0.7445808410644531,142.10088271184227,14.2298747086371,52.95547170374297,145.04936793806502,144.15203671263149,0.7730948448181152,73.45642077435778,0.7034249623616536,155.94204121305216,0.7480182965596517,102.9891626372982,0.6831040064493815,56.710789497427044,0.742632261912028
0.5114402294158935,0.8458529154459635,0.656695032119751,0.7653466542561849,0.6173157215118408,0.7238150278727213,0.6216060161590576,0.7514557520548503,0.6125554084777832,0.6622690836588542,0.6100188732147217,0.7338087717692058,0.6029434680938721,0.7039389292399089,0.5580734491348267,0.8016088485717774,0.6370053768157959,0.7445808410644531,142.10088271184227,14.2298747086371,52.95547170374297,145.04936793806502,144.15203671263149,0.7730948448181152,73.45642077435778,0.7034249623616536,155.94204121305216,0.7480182965596517,102.9891626372982,0.6831040064493815,56.710789497427044,0.742632261912028
0.5116103649139404,0.8461517969767253,0.6567231178283691,0.7652959823608398,0.6174218654632568,0.7236942291259766,0.6245522022247314,0.7523630142211915,0.6125953197479248,0.6622527440388998,0.6100661754608154,0.7338452657063802,0.6030119895935059,0.695850118001302,0.5580611228942871,0.801518980662028,0.637072491645813,0.7444951057434082,142.04138094380076,4.3292472528618315,50.91943550027363,149.5569011273806,144.18136284164547,0.7730070432027181,73.42581398681699,0.7033739248911539,147.8542255057678,0.7484290599822998,105.92029307547166,0.6790514310201009,51.964710869019655,0.7431041399637859
0.5114274978637695,0.8463540395100911,0.6567280292510986,0.7653549830118815,0.6215282440185547,0.7248583475748698,0.6216121196746827,0.75137939453125,0.612605094909668,0.6622742335001628,0.6100569725036621,0.7338409423828125,0.602842903137207,0.703958257039388,0.5581361293792725,0.8015436172485351,0.6391281366348267,0.7451066652933757,140.8841521626726,18.615691892663424,54.587128544344296,144.5612061767471,145.13039652567556,0.7733251412709554,72.24487334658609,0.7036904493967693,160.29684794178254,0.7482430299123128,103.1808365539834,0.6831162452697754,56.62125167283891,0.7426101684570312
0.5108667373657226,0.8466204961140951,0.6568646430969238,0.7602504094441732,0.6269844532012939,0.7255348205566406,0.6213656425476074,0.7515332539876302,0.6128678798675538,0.6618054707845052,0.606420373916626,0.7338588078816731,0.6074950218200683,0.6957558949788412,0.5583475828170776,0.8024249076843262,0.6419245481491089,0.7428926150004069,139.09335850756744,16.127011684734583,45.13789909022703,144.4930118979105,144.53753805345121,0.7726587613423666,70.28542895682769,0.7023490428924561,157.20362175323072,0.7472129344940186,98.9928203914964,0.6787806828816731,49.78259875789266,0.7426960309346516
0.5113994121551514,0.8465899785359701,0.6567906379699707,0.7656429290771485,0.6271937370300293,0.7254603068033855,0.621269416809082,0.7515517552693685,0.6129260063171387,0.6588056564331055,0.5866472244262695,0.8063849767049154,0.6023411750793457,0.7045287450154623,0.5607333660125733,0.8019282658894857,0.6419921875000001,0.745551617940267,141.4399813701737,23.61832398946291,57.060065945431184,169.97339197475085,145.24743069666152,0.7737399419148764,71.47541877028743,0.7021786371866863,163.85198629894202,0.7485516866048177,103.03428754768136,0.6816672007242839,122.26868522439916,0.7789683659871419
0.5115108489990234,0.8466387430826823,0.6569100856781006,0.7656779607137044,0.623131275177002,0.7244115829467773,0.6211219310760498,0.7565628051757812,0.6120884418487549,0.6591245015462239,0.5865811824798584,0.806509272257487,0.6072601795196533,0.7034526189168294,0.5608200311660767,0.7989574432373047,0.6400206804275512,0.7450447718302409,141.85594387203116,3.7481060258432635,44.44231941110244,173.66110862233327,145.75649102282148,0.7720011075337727,71.99092248447346,0.7020846366882324,148.63936006932144,0.750803788503011,96.21620761369424,0.6812885602315266,124.66600519590266,0.7815360387166341
0.5119035720825196,0.8466275533040365,0.6568457603454589,0.7656840642293294,0.6230643272399903,0.724438222249349,0.6212375164031982,0.756566047668457,0.6121111392974854,0.6588126500447591,0.5865530490875244,0.806468645731608,0.6073495864868164,0.7034061431884766,0.5624942302703857,0.797439193725586,0.6399550437927246,0.7450611432393393,142.4149882166449,3.252557567508158,44.14683846180398,173.789673556673,145.93392535671373,0.7712501684824626,72.10818137417613,0.7019368966420492,148.42264531646293,0.7508135954538981,96.09477020582837,0.6811093966166178,124.80097402615012,0.7815173467000325
0.5114184856414795,0.8463314692179362,0.6567761421203613,0.7656694412231445,0.6272684097290039,0.7257726669311524,0.6211851596832275,0.7564635594685872,0.612143611907959,0.6588667551676433,0.586669921875,0.8065531412760417,0.6020927906036377,0.7042816797892253,0.5608830213546753,0.7991346677144369,0.6420222759246825,0.7457210540771484,140.94160358283315,8.010840730200256,56.41598013586001,172.26987091737018,146.64326621278562,0.7724278608957926,71.0163197780646,0.7022939046223958,152.72678318763502,0.7510923067728679,102.47904453754693,0.6815742174784343,124.56956880472354,0.7815083503723145
0.5113020420074463,0.8462954839070638,0.6568495273590088,0.7655913670857747,0.6273484230041504,0.7258399327596029,0.621190881729126,0.7562205632527669,0.6121301651000977,0.6589257558186848,0.5865207195281983,0.8064404169718424,0.6021561622619629,0.7042613983154297,0.5610490798950196,0.799022642771403,0.6420989751815795,0.7457156499226888,140.91756248027167,8.762469354912904,56.34382659333132,172.15367939020337,146.66684523802385,0.7723691463470459,70.95005346053998,0.7023207028706868,153.32354298348483,0.7509681065877278,102.40761319696863,0.6815935770670573,124.61994352237943,0.7813304901123046
0.5109594821929931,0.8461378733317058,0.6567787647247314,0.7656875610351562,0.6274441242218017,0.7258181889851888,0.620903491973877,0.7566332499186198,0.6122826099395752,0.6591558456420898,0.5863953590393066,0.8064659118652344,0.6020507335662841,0.7041555404663086,0.5610219955444335,0.7991323471069336,0.6421114444732665,0.7457528750101725,140.88027199081668,8.204774739553118,56.73187110893756,172.15937039906558,146.64393402389035,0.772442611058553,70.99344275839168,0.7024543603261312,152.84068938232926,0.7511930624643961,102.80992359784865,0.6816556930541993,124.70183550121062,0.781549580891927
0.511041784286499,0.8461371103922526,0.6567973613739013,0.7656608581542969,0.6273918628692627,0.7257783889770508,0.6208988666534424,0.7565708796183268,0.6123223304748535,0.659081776936849,0.5863607406616211,0.8064417521158854,0.602077865600586,0.7042112350463867,0.5610176801681519,0.7990941047668457,0.642094612121582,0.7457196235656738,140.9108727495343,8.269196997736609,56.74129311855531,172.15727753790623,146.64233229461064,0.7724068641662598,71.03519811037368,0.7024007002512613,152.88962172412786,0.7511452515920003,102.78950059360943,0.6816465059916179,124.70457885767834,0.7815063158671061
0.5349814414978027,0.8597001393636068,0.6569931507110596,0.7629822413126628,0.6029568672180176,0.7246028264363606,0.6211878299713135,0.6906630198160807,0.611322021484375,0.6582953135172526,0.5880309581756592,0.7438462575276693,0.5713516235351562,0.7280011494954427,0.5618970394134521,0.7971639633178711,0.6299750089645386,0.7437925338745117,148.10135186611657,141.50337906204356,104.7546933425616,122.01469425491925,141.90443934937778,0.7704782485961914,77.6925928593232,0.7010439236958821,80.60877007204682,0.7172277768452961,119.83062219523453,0.6931482315063476,121.94130752081087,0.717254638671875
0.5349967002868652,0.859722646077474,0.6568507194519043,0.7683138529459635,0.603196382522583,0.7304885864257813,0.6209277629852294,0.6904111862182617,0.5391707420349121,0.7315453211466472,0.5828685760498047,0.7496404012044271,0.564297866821289,0.7333941141764323,0.5634282827377319,0.7975916544596354,0.6300235509872436,0.7494012196858724,121.28630506365045,143.02210568272253,9.479481308267038,123.01438426774358,144.109315896284,0.773496437072754,11.1189978420268,0.7404732704162598,81.23448445408195,0.7199062029520671,4.208101977727016,0.7324697176615398,122.72376861062578,0.7200257937113443
0.5350051879882812,0.8599813461303711,0.6570454120635987,0.7633232752482096,0.6081400871276855,0.7250925064086914,0.6206857681274414,0.6901436487833659,0.5469202041625977,0.724924914042155,0.5878093719482422,0.7438376108805339,0.5712432861328125,0.7226802825927734,0.5617968082427979,0.7979158719380697,0.632592749595642,0.7442078908284505,114.20453668902417,138.9264944702466,24.608590117878485,121.00508738432636,142.8149261345216,0.7710618813832602,12.684619072622013,0.7345664024353027,77.57959453532008,0.7171757698059082,174.7274496889287,0.7238025983174642,121.47881214406532,0.7169906298319499
0.5350100994110107,0.8599945068359375,0.6570374011993408,0.7632188161214193,0.6081233501434327,0.7254331588745118,0.6206608295440674,0.6900479634602864,0.5468700885772705,0.7250521341959636,0.5878694534301758,0.7438295364379883,0.5711373805999755,0.7228029251098633,0.5618448972702026,0.7977773348490397,0.6325803756713868,0.7443259874979655,114.30853433973694,138.98157424000496,24.600329150135472,120.73508355487078,142.92343922342337,0.7710516611735025,12.673408950080159,0.7346890608469645,77.6143508849588,0.717186975479126,174.7046807031888,0.7239275296529135,121.3712453731013,0.7169387499491373
0.5350100994110107,0.8599945068359375,0.6570374011993408,0.7632188161214193,0.6081233501434327,0.7254331588745118,0.6206608295440674,0.6900479634602864,0.5468700885772705,0.7250521341959636,0.5878694534301758,0.7438295364379883,0.5711373805999755,0.7228029251098633,0.5618448972702026,0.7977773348490397,0.6325803756713868,0.7443259874979655,114.30853433973694,138.98157424000496,24.600329150135472,120.73508355487078,142.92343922342337,0.7710516611735025,12.673408950080159,0.7346890608469645,77.6143508849588,0.717186975479126,174.7046807031888,0.7239275296529135,121.3712453731013,0.7169387499491373
0.5313214302062989,0.8600133260091146,0.6571413516998291,0.7631851196289062,0.6087409496307373,0.7250370661417643,0.6205332279205322,0.6899614969889323,0.5470805168151855,0.7246777852376302,0.5833158969879151,0.7432406107584636,0.5708679676055908,0.7224748611450196,0.5615838289260864,0.7978340148925782,0.6329411506652832,0.7441110928853353,113.96674932738317,138.43855294846705,24.50750815147875,123.93072211352396,143.02493708438794,0.7709725538889567,12.753192879712174,0.7343944390614827,77.09395819826443,0.7170362949371338,174.70900566841348,0.7235763231913248,124.93565073168875,0.716601053873698
0.5314508438110351,0.8600774129231771,0.6571655750274659,0.7631460825602213,0.608238410949707,0.7255027770996094,0.6206754207611084,0.6901732762654622,0.5468996047973633,0.7248622258504231,0.5877113342285156,0.7435899098714193,0.5711618423461914,0.7226601282755534,0.5616982698440551,0.797720464070638,0.6327019929885864,0.7443244298299154,114.26140929410877,138.73861166576876,24.57995467168927,120.74393420962474,143.05619784795613,0.7710224469502767,12.779919866436472,0.7345933278401693,77.47826804073799,0.7172488530476888,174.81391020642798,0.7237611770629883,121.67926514818281,0.7168815930684407
0.5310091972351074,0.8600952784220378,0.6568366050720215,0.7631326675415039,0.6086904525756835,0.7248467763264974,0.620699691772461,0.6909989674886068,0.6109781265258789,0.6586743036905924,0.5832792282104492,0.7430662155151367,0.5712557792663574,0.7224610646565756,0.5616270303726196,0.7993476867675782,0.6327635288238525,0.7439897219340006,146.34363856025917,138.5750743075567,102.62120037234602,124.63544331035571,142.11017611931365,0.7716687043507894,75.67555106624044,0.7013320128122965,77.17467561735,0.7174943447113037,121.912030752212,0.6905676841735839,125.70460823136082,0.7170325915018718
0.5310091972351074,0.8600952784220378,0.6568366050720215,0.7631326675415039,0.6086904525756835,0.7248467763264974,0.620699691772461,0.6909989674886068,0.6109781265258789,0.6586743036905924,0.5832792282104492,0.7430662155151367,0.5712557792663574,0.7224610646565756,0.5616270303726196,0.7993476867675782,0.6327635288238525,0.7439897219340006,146.34363856025917,138.5750743075567,102.62120037234602,124.63544331035571,142.11017611931365,0.7716687043507894,75.67555106624044,0.7013320128122965,77.17467561735,0.7174943447113037,121.912030752212,0.6905676841735839,125.70460823136082,0.7170325915018718
0.5311038970947266,0.8602572758992513,0.6568838596343994,0.7631672541300456,0.6088003635406494,0.7248419443766276,0.6206922054290771,0.6908896128336589,0.611025333404541,0.6586339950561524,0.5832876682281494,0.7431125640869141,0.5709212779998779,0.7223998387654622,0.561592197418213,0.7993322372436523,0.6328421115875245,0.7440045992533366,146.30616820327631,138.52553994657288,102.93253292735402,124.58074539342472,142.16961758282943,0.7716684182484945,75.66466160060422,0.7013192971547445,77.11542609661797,0.7174471060434977,122.16689238476332,0.6905169169108073,125.61202184968244,0.7170010884602864
0.5307231903076172,0.8599418640136719,0.6567082405090332,0.763307253519694,0.6092842102050782,0.7247088114420573,0.6205528736114502,0.6908027013142903,0.6111478328704834,0.6586975733439128,0.583348274230957,0.7431597391764323,0.5707748413085938,0.7222120920817058,0.5597151994705201,0.7977535247802734,0.6329962253570557,0.7440080324808757,145.33711942148494,137.20373797987483,103.13688701757911,124.41850439170025,143.74307448347295,0.7708807786305745,75.63504444179205,0.7013528029123942,76.83659448937333,0.717405366897583,122.44207211178546,0.6904548327128093,125.39737453889732,0.7169812202453614
0.5306647777557373,0.859891700744629,0.6567116737365722,0.7631369272867838,0.6093333721160888,0.724636459350586,0.6204950332641601,0.691113535563151,0.5397325038909913,0.7254306157430013,0.5779939651489258,0.7493122100830079,0.5640440940856933,0.7277973175048829,0.5615510225296021,0.799288813273112,0.6330225229263305,0.743886693318685,117.6483524612694,138.06040585065008,7.569468134846669,131.77059546173444,142.21845273631314,0.7715877532958985,11.190636156890378,0.7346586545308431,76.64608715032689,0.717500114440918,5.560149876932967,0.7266139666239421,126.1397415312294,0.7202128728230794
0.5253893852233886,0.8481499989827473,0.654789924621582,0.7683526992797851,0.6143972873687744,0.7321554819742838,0.6209288120269776,0.6963664372762044,0.6108557701110839,0.6586243947347005,0.5841716766357422,0.7443224589029948,0.569090461730957,0.7265297571818033,0.560631275177002,0.7942715009053548,0.6345936059951782,0.7502540906270345,145.15859801431512,134.14291814191887,101.68397807205227,120.75986207759875,149.24173461242543,0.7722627957661947,75.47609844777126,0.7044392426808674,75.77090380076427,0.7233102639516195,121.59366478965329,0.6925770759582519,127.46929543100846,0.7203444480895995
0.5253843784332275,0.8481380462646484,0.6547925472259521,0.7683479944864909,0.6143945693969727,0.7321404139200847,0.6209331512451172,0.6963719685872396,0.610857629776001,0.6586188634236654,0.584154462814331,0.7443195978800455,0.5690711975097656,0.726521110534668,0.5606248855590821,0.7942844072977702,0.6345935583114624,0.7502442042032877,145.1585262088697,134.14077044463068,101.70442015341179,120.79105637013375,149.2308572115011,0.772264305750529,75.4765550008809,0.7044315338134766,75.77138074732797,0.7233080863952637,121.60776789138423,0.6925699869791666,127.49035538448268,0.7203457832336426
0.5244983196258545,0.8481192270914714,0.6548746585845947,0.7685424168904622,0.6192102432250977,0.7280370712280273,0.6208072185516358,0.6962205251057942,0.6109610557556152,0.6586322784423828,0.5793784618377685,0.7501933415730794,0.5689034938812256,0.726198959350586,0.5624284029006958,0.7996317545572917,0.6370424509048462,0.7482897440592448,144.78657082808564,133.23640879373633,103.93781867994333,129.40008061434864,145.46809588916622,0.7739607493082683,73.78026390959775,0.7034610112508137,72.68247141806947,0.7222551345825194,121.90061548305253,0.6924156188964844,127.50932503504295,0.7232069333394369
0.5244417190551758,0.8481133143107097,0.6549673557281495,0.7685775756835938,0.6193290710449219,0.7279022852579753,0.6209314823150635,0.6961700439453125,0.611013126373291,0.6585611343383789,0.5794834136962891,0.7502405802408855,0.5688352584838867,0.7262562433878581,0.5644262313842774,0.7956990877787272,0.6371482133865356,0.7482399304707845,144.98924736714875,133.11652146053132,104.08661748880237,129.45921872067996,146.87109589952695,0.7719695091247558,73.7522956592757,0.7034005324045818,72.70123636191929,0.7222049872080485,121.92523223013201,0.6924086888631185,127.47216892981156,0.723205312093099
0.5182967185974121,0.8472804387410482,0.655023193359375,0.7689270655314128,0.6198655128479004,0.72763671875,0.6113712310791015,0.7610909144083658,0.6112858295440674,0.6587014516194661,0.574403190612793,0.7563101450602213,0.5633065223693847,0.7360072453816732,0.5660128593444824,0.7938510258992513,0.6374443531036377,0.7482818921407064,145.20155082258412,9.675079016267631,112.42461176899175,165.37379336599537,147.46449554757044,0.7710664590199788,73.72158567210005,0.7034916718800863,153.8363572747213,0.7546864032745362,121.8255207926744,0.6973543485005697,7.36869022631825,0.7587005297342936
0.5111159801483154,0.8461803436279297,0.6550510406494141,0.7750178654988606,0.6238088607788086,0.7294857660929362,0.5930284976959228,0.7725433349609375,0.6113462924957276,0.6589584986368815,0.5737308979034423,0.763368288675944,0.5744779109954834,0.7338736852010092,0.5508264303207397,0.7825523376464844,0.6394299507141114,0.7522518157958984,137.15739017248237,10.277688744243427,100.40459022999742,144.96758886301564,161.120401675869,0.7674020767211913,73.24687084645265,0.7056051572163899,156.38007140520784,0.762397575378418,116.20341084272539,0.6964160919189453,25.42875710212968,0.7679558118184407
0.5113626956939697,0.8461909612019857,0.6552088737487793,0.7690516789754231,0.6237476348876954,0.7291454315185547,0.5990635871887207,0.7665874481201171,0.6113482475280761,0.6589856465657552,0.5747081756591796,0.7567001342773437,0.5744811534881592,0.7338417053222657,0.5498647212982177,0.782384459177653,0.6394782543182373,0.7490985552469889,136.17870903779985,5.598848080532934,103.01058778235404,151.21107788366965,159.62307182934998,0.7657415072123209,72.66351522360732,0.704042100906372,156.6001138056168,0.757843001683553,116.22054505676105,0.6964136759440105,22.095166690437537,0.7616437911987304
0.5111738204956054,0.8461785634358724,0.6551353454589843,0.7691520055135092,0.6237142562866211,0.7293619155883789,0.5929617881774902,0.7724352518717448,0.6113607883453369,0.658998680114746,0.5747227191925048,0.7567313512166342,0.5744473457336425,0.7338264465332032,0.5497822761535645,0.7824741681416829,0.6394248008728027,0.749256960550944,136.22204956297642,13.424199915906103,102.89882454829642,132.68183174479125,159.66771760817375,0.7658655643463135,72.72796014925292,0.704127820332845,153.4874704806491,0.7608461062113444,116.25768111189444,0.6964125633239746,40.72856325812529,0.7645833015441894
0.5111738204956054,0.8461785634358724,0.6551353454589843,0.7691520055135092,0.6237142562866211,0.7293619155883789,0.5929617881774902,0.7724352518717448,0.6113607883453369,0.658998680114746,0.5747227191925048,0.7567313512166342,0.5744473457336425,0.7338264465332032,0.5497822761535645,0.7824741681416829,0.6394248008728027,0.749256960550944,136.22204956297642,13.424199915906103,102.89882454829642,132.68183174479125,159.66771760817375,0.7658655643463135,72.72796014925292,0.704127820332845,153.4874704806491,0.7608461062113444,116.25768111189444,0.6964125633239746,40.72856325812529,0.7645833015441894
0.5111656665802002,0.8461846033732097,0.655131483078003,0.7691368738810221,0.6237171649932861,0.7294085820515951,0.5929709434509277,0.7724262237548828,0.6113612174987793,0.6590377807617187,0.5747233390808105,0.7567398707071941,0.5744299411773681,0.7338479359944662,0.5497763872146606,0.7824740409851074,0.6394243240356445,0.7492727279663086,136.20875377257718,13.397653844504891,102.92328879456868,132.7329780461971,159.67777733378955,0.765873384475708,72.72428422589846,0.7041552543640137,153.50721704007643,0.7608494758605957,116.27401552823669,0.6964428583780924,40.68364017418145,0.7645830472310384
0.5189028263092041,0.8527233123779296,0.6586071968078613,0.7696299235026042,0.612981653213501,0.7357272466023763,0.6217847347259522,0.7588289260864258,0.6100937843322753,0.6598838806152344,0.5899063110351562,0.8078165690104167,0.5906096458435058,0.7257144292195638,0.5586140155792236,0.7991514205932617,0.6357944250106811,0.7526785850524902,144.23261108266723,8.848719925881351,75.66062019399126,173.2852023988462,148.9464859113163,0.775915002822876,74.51927121383018,0.7062812328338623,156.29822738368034,0.755753755569458,106.48739017101397,0.6927991549173991,123.0538317521501,0.7833227475484212
0.5187228679656982,0.8525393168131511,0.6590976238250732,0.7700588226318359,0.6180530548095703,0.7311743418375651,0.6208376884460449,0.7628419876098633,0.6099972248077392,0.6594603220621745,0.5800693511962891,0.7969885508219401,0.5850687503814698,0.7255397796630859,0.5619596481323241,0.7992382367451986,0.6385753393173217,0.7506165822347005,143.6270877826369,2.8531221498688515,85.55802033404167,178.45169866623976,147.60007549567408,0.7749274094899495,72.59343314552913,0.7050384521484375,145.42403872557745,0.756729284922282,110.66898261769424,0.6925000508626302,140.0512813647469,0.7799152692159017
0.49671335220336915,0.8445631663004557,0.6487083435058594,0.7799991607666016,0.6239311695098877,0.7377747853597005,0.6189193248748779,0.7675571441650391,0.6125834941864013,0.6627777735392253,0.5841237068176269,0.8133388519287109,0.6652409553527832,0.661842409769694,0.5371490955352783,0.7867008845011394,0.6363197565078735,0.7588869730631511,134.7974847439162,13.309294859424877,107.61274516067047,173.4477860749247,164.3330444778286,0.7727939287821453,76.12716936101553,0.7108323733011882,153.51414796195618,0.7632220586140951,178.98235198761682,0.6623100916544596,127.23603989242487,0.790447998046875
0.4965671539306641,0.8443658828735352,0.6486438274383545,0.7800227483113606,0.6238759994506836,0.737863032023112,0.6189108848571777,0.7675971984863281,0.6125765800476074,0.6628075281778971,0.5841209411621093,0.8133548736572266,0.6652381420135498,0.6618504206339518,0.537094521522522,0.7868613243103026,0.636259913444519,0.7589428901672364,134.84159892577307,13.26235180785188,107.65948381604989,173.4681158296511,164.27628156251114,0.7729021072387695,76.16053536080086,0.7108752091725667,153.4883584450177,0.7632700443267822,178.95878162523633,0.6623289744059244,127.24603201280546,0.7904760360717773
0.4968395233154297,0.8445125579833984,0.6491325378417969,0.7802930196126302,0.6237555503845215,0.7375740051269531,0.6191154479980469,0.7676917394002278,0.6128814220428467,0.6625539143880208,0.5841238975524903,0.8133292516072591,0.6651960849761963,0.6617280960083007,0.539720892906189,0.788856856028239,0.6364440441131591,0.7589335123697917,136.18054140689787,11.886108351777626,107.38187413178028,173.59263202114732,162.80944594343748,0.7738951841990154,76.26195638570523,0.7107437133789063,153.1870322888896,0.7633126258850098,179.09562681673177,0.6621410051981608,127.47838640454641,0.7905104955037434
0.4968395233154297,0.8445125579833984,0.6491325378417969,0.7802930196126302,0.6237555503845215,0.7375740051269531,0.6191154479980469,0.7676917394002278,0.6128814220428467,0.6625539143880208,0.5841238975524903,0.8133292516072591,0.6651960849761963,0.6617280960083007,0.539720892906189,0.788856856028239,0.6364440441131591,0.7589335123697917,136.18054140689787,11.886108351777626,107.38187413178028,173.59263202114732,162.80944594343748,0.7738951841990154,76.26195638570523,0.7107437133789063,153.1870322888896,0.7633126258850098,179.09562681673177,0.6621410051981608,127.47838640454641,0.7905104955037434
0.4978670597076416,0.8443782170613606,0.6489887714385987,0.7803622563680013,0.6237504005432128,0.7375972112019856,0.6189964771270752,0.7678955713907878,0.6129570960998535,0.6624978383382162,0.5839953422546387,0.8132879892985027,0.66524658203125,0.6617118199666341,0.5425793170928954,0.7885377566019695,0.6363695859909058,0.7589797337849935,137.18215732920973,12.050535188626878,107.39636245103794,173.67364023857257,162.50774356635793,0.7737587451934815,76.360139384658,0.7107387860616048,152.83321465886073,0.7634376525878906,179.13879161646227,0.6621048291524252,127.63505775060253,0.7905917803446452
0.497846794128418,0.844594128926595,0.6492532253265381,0.7803145090738932,0.6239372730255127,0.7375364303588867,0.6190441131591797,0.7676999409993489,0.6129452228546143,0.6625083923339844,0.5839937686920166,0.8132799784342448,0.665257453918457,0.6617053349812826,0.5401648998260498,0.7872140248616537,0.6365952491760254,0.75892546971639,135.9495311713231,12.666668742004326,107.30593544508696,173.4987321555783,163.65055956803891,0.7730697472890218,76.21809194716676,0.7107169310251872,153.43781310753218,0.7633127053578694,179.1205081066954,0.6621068636576335,127.5597279234472,0.7904899597167969
0.49590229988098145,0.8439600626627605,0.6489579677581787,0.7869600931803385,0.624412727355957,0.7374476750691732,0.6124054431915283,0.7748236974080404,0.6166174411773682,0.6795080184936524,0.5813318729400635,0.8090670903523763,0.6693480014801025,0.6571594874064127,0.5443904638290404,0.7885642369588216,0.6366853475570678,0.7622038841247558,132.84348119688823,16.042474659724473,130.2410797456456,172.4734514821917,164.06012206246325,0.7753840605417888,76.3596407408263,0.7208559513092041,152.53622601323076,0.7685137907663981,157.03155364097827,0.6683337529500326,132.22162397371417,0.7919453938802083
0.49591999053955077,0.8439793268839518,0.6489333152770996,0.7869025548299153,0.6242250442504883,0.7374773661295573,0.6123953819274902,0.7746732711791993,0.6165419101715088,0.6794574737548829,0.5813037872314453,0.8090251922607422,0.6693308830261231,0.6571483612060547,0.5444093704223633,0.7885923067728678,0.636579179763794,0.7621899604797363,132.92283017919152,15.731609396843044,130.22671864224557,172.42278579678725,164.01546485694146,0.7753911336263021,76.38549313701674,0.7208237171173095,152.697901261534,0.7684316158294677,157.09062698495407,0.6683029174804688,132.14794314583264,0.7918492317199708
0.4959012508392334,0.8439153671264649,0.6488279342651367,0.7869393030802408,0.6202271938323974,0.7364433288574219,0.6122442722320557,0.7748616536458334,0.6125041484832764,0.6602942784627278,0.5813282012939454,0.808978525797526,0.6693430423736573,0.6571046829223632,0.5487435340881348,0.7882793426513672,0.6345275640487671,0.7616913159688314,141.26377242600876,18.653741433084964,111.62376999768554,173.81515138069045,162.77962437838468,0.7749853293100993,77.74570431389733,0.7109927972157797,149.41517429703592,0.7682764848073325,176.7881342905503,0.6586994806925455,132.1822814424207,0.7919200897216797
0.4961897373199463,0.8437065760294596,0.6490042209625244,0.7867254892985026,0.623828125,0.7379150390625,0.6127447128295899,0.7687845230102539,0.6161551475524902,0.6796389897664388,0.58137526512146,0.8090319951375325,0.6687869071960449,0.6586631139119467,0.5491115093231201,0.7882393836975097,0.6364161729812622,0.7623202641805014,134.5422139074656,1.7261410817003469,129.0721554657255,168.2537204976767,163.464831939875,0.7752798239390055,76.23101041910088,0.7209796269734701,164.7259450903722,0.7655523935953776,158.27072695716814,0.6691510518391928,127.93335391290852,0.7889082590738932
0.5018732070922851,0.8428063074747721,0.6490467548370361,0.7860315322875977,0.6196108341217041,0.7416786193847656,0.6121893405914307,0.7749684015909831,0.6116899490356446,0.6606155395507812,0.5756086826324462,0.8032541910807292,0.668720006942749,0.6584580103556316,0.5519264936447144,0.786303170522054,0.6343287944793701,0.7638550758361817,142.20097077131666,16.003001277030226,110.2381268496077,176.14742373290773,164.7612304004077,0.7750791231791179,77.63168177679853,0.7122353076934815,153.34475474227904,0.7694117387135824,177.8334513807605,0.6595367749532064,142.28721181594645,0.7891112963358562
0.5013432979583741,0.8430010477701823,0.6491038799285889,0.7861513137817383,0.6197713375091553,0.7417043050130209,0.6075146198272705,0.775114631652832,0.6116493701934814,0.6603945414225261,0.5706540107727051,0.8028314590454102,0.6690424919128418,0.6583959579467773,0.5522973299026489,0.788052781422933,0.6344376087188721,0.7639278093973796,142.65172657133385,9.376202152785703,110.14919001839505,174.439514463442,163.6322473952534,0.7759902954101563,77.58681763603354,0.7121611754099528,157.43653397115614,0.7695212205251059,178.0056121273873,0.6593952496846517,143.05916813474803,0.788973045349121
0.5217625141143799,0.8483741124471028,0.6595311641693116,0.7705111185709635,0.6130388736724853,0.7382870356241862,0.6212661266326904,0.7639896392822265,0.6107393264770508,0.6597228368123372,0.6101391792297364,0.7601142247517904,0.596668291091919,0.7286017735799154,0.5636393070220947,0.7980458577473959,0.6362850189208984,0.7543990770975748,146.09586229917664,1.9787602103939435,68.47483970011909,148.4670489352793,149.001835138766,0.7762224674224854,74.89995358722628,0.707060956954956,147.4390601924245,0.7591943581899007,101.5458876795267,0.6941623051961263,19.202762186959063,0.7620519320170085
0.5174210071563721,0.8514846165974935,0.6592098712921143,0.7769723892211914,0.6183224678039551,0.7387488047281902,0.6173255443572998,0.7698366165161132,0.6109892845153808,0.6597854614257812,0.5905684947967529,0.8080843607584636,0.6682758808135987,0.6616811116536458,0.5580335855484009,0.7979620615641276,0.6387661695480347,0.7578605969746908,143.21763705730348,3.808707707509755,105.16175554733204,171.15487317855622,153.58550407898122,0.7779113292694092,74.18679279116351,0.708823029200236,150.81372806464017,0.763848606745402,1.895262543348047,0.6607332865397135,124.97555739000381,0.7889604886372884
0.5218332290649415,0.8524312973022461,0.6590603351593017,0.7769516626993815,0.6182471752166748,0.7385024388631185,0.6174313068389893,0.7700340906778972,0.6110125064849854,0.6596741358439128,0.5905968189239502,0.8035109837849935,0.6683398246765136,0.6616410573323568,0.5633431911468505,0.7982861836751303,0.6386537551879883,0.75772705078125,145.27845705658527,2.5301109892477136,105.20362963781459,172.32750782956816,151.69494441983144,0.7780066172281901,74.25678429534129,0.7087005933125814,149.8902672675369,0.7638805707295736,1.9650685327753201,0.6606575965881347,128.71504861305547,0.7867725372314454
0.5224741935729981,0.8520217895507812,0.6594313621520996,0.7769904454549154,0.6134499549865723,0.7384952545166016,0.617511796951294,0.7700052897135417,0.6109832763671875,0.6595745086669922,0.6049495697021484,0.7675808588663737,0.668320608139038,0.6615755081176757,0.5637547016143798,0.7980845769246419,0.636440658569336,0.7577428499857585,146.63395105388975,5.356151939461813,106.34187606757685,151.72744949626824,150.9691101315229,0.7779137134552001,75.46208275725756,0.7086586793263754,147.06414459810298,0.76387406984965,1.9987381586332669,0.660575008392334,10.923426385457248,0.7687930742899577
0.5231636047363282,0.8518736521402995,0.6593218803405761,0.7770397186279296,0.6126426696777344,0.73876953125,0.6176777839660644,0.7696565628051758,0.6109271049499512,0.6594120025634765,0.5902508735656739,0.8073445638020833,0.6682998657226562,0.6615390777587891,0.5621715784072876,0.796153990427653,0.6359822750091553,0.7579046249389648,146.1037143865911,7.182699326260356,106.41637962682177,173.27623893520044,152.6064038150086,0.7770293076833089,75.72747061817984,0.7086583137512207,147.29852939013742,0.7637805938720703,2.1232486752260145,0.6604755401611329,126.04472582607168,0.7885005633036295
0.5231636047363282,0.8518736521402995,0.6593218803405761,0.7770397186279296,0.6126426696777344,0.73876953125,0.6176777839660644,0.7696565628051758,0.6109271049499512,0.6594120025634765,0.5902508735656739,0.8073445638020833,0.6682998657226562,0.6615390777587891,0.5621715784072876,0.796153990427653,0.6359822750091553,0.7579046249389648,146.1037143865911,7.182699326260356,106.41637962682177,173.27623893520044,152.6064038150086,0.7770293076833089,75.72747061817984,0.7086583137512207,147.29852939013742,0.7637805938720703,2.1232486752260145,0.6604755401611329,126.04472582607168,0.7885005633036295
0.5218276023864746,0.8478354136149089,0.6564051151275635,0.7769501368204753,0.6138153553009034,0.7380071004231771,0.6179480075836181,0.7630871454874675,0.6112001419067383,0.6595117568969726,0.5903465747833252,0.8071260452270508,0.6684033393859863,0.6615215937296549,0.56350679397583,0.7985328674316406,0.6351102352142335,0.7574786186218262,147.34902602206637,14.970324435102151,107.12238929616065,170.03867686229884,150.1719462760093,0.7780057430267334,76.28435244647966,0.7084951877593995,161.9028769032213,0.7602828820546468,2.012261952342481,0.6605166753133138,122.07747799478884,0.7851065953572591
0.5217125415802002,0.8478546142578125,0.6565261840820312,0.7765356063842773,0.613480806350708,0.7384804407755534,0.6142747402191162,0.7622763951619466,0.6111061573028564,0.659610366821289,0.5846925735473633,0.8063712437947591,0.668254041671753,0.6616469065348307,0.5635711669921875,0.7983107566833496,0.6350034952163697,0.7575080235799154,147.36460610236142,22.446152446634883,107.08875307232412,168.02038421722693,150.26463704104222,0.7779093901316325,76.28206847080051,0.7085591952006023,167.04524577818273,0.759892209370931,2.040946478779044,0.6606286366780598,123.85670395525713,0.7843238194783528
0.5217825889587402,0.8478615442911784,0.6565466403961182,0.7702860514322917,0.6133241176605224,0.7384188969930013,0.6178162097930908,0.762612787882487,0.6109507083892822,0.6598957061767579,0.5846691608428956,0.8063810348510743,0.6681815624237061,0.6616256078084309,0.5635803461074829,0.7982996622721354,0.6349353790283203,0.7543524742126465,146.85833900798076,7.586514541005858,107.99339182962105,173.12477314011915,148.37130369019644,0.7763260682423909,75.75244597639745,0.7071240901947022,154.24183693784178,0.7584826310475667,1.731336963346925,0.6607606569925943,127.13777460943665,0.7844969113667806
0.5217934608459472,0.8478630701700847,0.6565916061401367,0.7703327814737956,0.6132755279541016,0.7384433110555013,0.6178614139556885,0.7625115712483724,0.6109034538269043,0.6598108927408854,0.5846857070922852,0.8063585917154948,0.6681644916534424,0.6616395314534506,0.5636119604110718,0.7982609430948893,0.6349335670471191,0.7543880462646484,146.88494220976972,7.937400420507004,107.88300007234409,173.07753648118432,148.4025924536016,0.7763244946797688,75.74398125316385,0.7070994695027669,154.55326792826003,0.7584498087565104,1.82912654874622,0.6607252120971681,127.11202283478501,0.7844350814819336
0.5230588912963867,0.8518575032552084,0.656459379196167,0.7702095031738281,0.6128240108489991,0.7388484319051106,0.6141181468963623,0.7624104817708334,0.610844898223877,0.6599913914998372,0.5897613525390625,0.8070678075154623,0.5918115139007568,0.7354146321614583,0.5638219356536864,0.798712698618571,0.634641695022583,0.7545289675394693,147.1458175832825,14.812624201149758,80.1127905786022,168.10372963434588,148.04037823350552,0.7766208330790201,75.8711574188503,0.7072601795196533,158.9920628291703,0.7584697246551513,104.16313336331599,0.6977030118306478,118.60873221697497,0.7847391446431478
0.5154541492462158,0.8470803578694661,0.6560321807861328,0.7708106994628906,0.6236805438995361,0.7354093551635742,0.6080865383148193,0.762228520711263,0.6110986232757568,0.660816764831543,0.5807379722595215,0.79807923634847,0.6684255599975586,0.6617067337036133,0.5578855514526366,0.7997226079305013,0.6398563623428344,0.7531100273132324,141.732237585317,20.74089708494445,106.46784794495423,164.59697332882985,150.3753388739519,0.7764163176218668,72.69344203921456,0.7069633960723877,163.98559803116794,0.7576692740122477,0.8894137262342098,0.6612617492675781,127.33804522726824,0.7801538785298665
0.5131640434265137,0.8409592310587565,0.6564968585968017,0.7774878819783528,0.6295509815216065,0.73600648244222,0.606102466583252,0.7618612925211589,0.6115911960601806,0.6589635213216146,0.5729949474334717,0.7607228597005208,0.6701251983642578,0.6594635645548502,0.5572323560714723,0.8032197634379068,0.6430239200592041,0.7567471822102865,141.5324269243217,32.35498446788359,105.0773245311529,174.78130522065217,151.55596085546202,0.7799834728240966,72.17991002879607,0.7078553517659505,172.11395389674223,0.7593042373657226,0.4894534592144675,0.6592135429382324,1.9693926835571745,0.7612920761108398
0.5131422519683838,0.8409296035766601,0.6565024852752686,0.7775029500325521,0.6296276092529297,0.7360070546468099,0.6059999942779541,0.7618954340616862,0.6115684986114502,0.6589869817097982,0.5729846477508544,0.7607725143432618,0.6701059341430664,0.6595080693562826,0.5595441579818725,0.8031123479207356,0.6430650472640991,0.756755002339681,142.2954932817993,33.684532850312245,105.02932183013861,174.77098920693987,150.96801978984695,0.7799336751302083,72.14334643820783,0.7078709920247396,172.10420015373006,0.7593252182006835,0.5100212205911152,0.6592475255330403,1.947996165301305,0.7613339742024741
0.5131533145904541,0.8410502751668294,0.6566602230072022,0.7838569641113281,0.625563669204712,0.7347880045572917,0.6062680721282959,0.7621908823649088,0.611554765701294,0.6588796615600586,0.5728360176086426,0.7604977925618489,0.670132064819336,0.6595024744669596,0.5592662572860718,0.8032852490743001,0.6411119461059571,0.7593224843343098,143.6974367605813,36.45761183030265,105.60127574530866,176.1146657732764,151.75788272971025,0.781303866704305,73.60249356456154,0.7091010729471843,175.2939402421203,0.7607566833496093,0.6091644195075027,0.6591910680135091,2.899136716115123,0.7613443374633788
0.5133628368377685,0.8408602396647136,0.6541614055633544,0.7844969431559244,0.6255481243133545,0.7398846944173177,0.6062212467193604,0.762143071492513,0.611529016494751,0.6588068644205729,0.5729362487792968,0.7605966567993164,0.5728343009948731,0.7327022552490234,0.558992886543274,0.8033318519592285,0.6398547649383545,0.7621908187866211,144.7011200737891,41.17366090836168,93.8892551066967,178.70462861388773,153.03384695401502,0.7827613353729248,74.6777798732579,0.710498841603597,0.0813389958175037,0.7621669451395671,117.63843402680423,0.6957545598347982,2.6600382429418232,0.7613698641459148
