0,1,2,3,4,5,6,7,8,9,10,11,12,13,14,15,16,17,18,19,20,21,22,23,24,25,26,27,28,29,30,31
0.49712281227111815,0.5899087270100911,0.45268878936767576,0.7326862970987956,0.4444149971008301,0.7372570673624674,0.5368910789489746,0.7614962895711263,0.5438518047332763,0.7547431310017904,0.5601107597351074,0.8630097707112631,0.6244677066802978,0.849332046508789,0.4840551376342773,0.6196298281351725,0.44855189323425293,0.7349716822306316,125.59322113415159,127.13989918912822,163.4674938039103,151.81845100200206,107.10882907206587,0.677300755182902,11.720628720640399,0.744857406616211,16.712840790268018,0.7482339859008789,49.55982764798085,0.8020375887552897,77.11609498492905,0.8122530301411947
0.529140567779541,0.592019526163737,0.4670126438140869,0.7299823125203451,0.4416484355926514,0.7353602091471354,0.5489963054656982,0.7752459843953451,0.5398358821868896,0.7609267552693685,0.6112676620483398,0.8456592559814453,0.5579631805419922,0.8815513610839844,0.48997786045074465,0.6178622245788574,0.4543305397033691,0.7326712608337402,127.49974897295232,134.7711228208999,153.70532562339855,167.24083543821422,107.24916586413477,0.6752667427062988,18.28629134059246,0.7467990080515543,24.215225988010324,0.7539586226145427,81.45362299786647,0.8212390581766764,48.511432899999285,0.8104526201883953
0.49356694221496583,0.5879886627197266,0.4552645683288574,0.7267704010009766,0.44268798828125,0.7283263524373372,0.5415606498718262,0.770932960510254,0.5364801406860351,0.7628632227579752,0.6172928810119629,0.8455304463704427,0.5600167751312256,0.8920933405558268,0.4799847364425659,0.6139129320780436,0.4489762783050537,0.7275483767191568,132.7492904433372,136.52034835511,156.3093134942001,170.46114150794236,105.26308394551201,0.6707306543986002,21.97803851606275,0.745205799738566,25.107558612855943,0.7492406686147054,79.67788045281702,0.8274782816569011,44.56751810703942,0.8082317034403483
0.49849252700805663,0.5874091466267903,0.4516167640686035,0.7273153305053711,0.43937058448791505,0.7335933685302735,0.5378939628601074,0.7633539835611979,0.5356780052185058,0.7617576599121094,0.6158980846405029,0.8436798095703125,0.5609054088592529,0.8896832784016927,0.47573080062866213,0.6130135536193848,0.44549367427825926,0.7304543495178223,131.09261263075686,132.06279980723755,155.2205802052956,167.76200037161195,104.43819052534506,0.6717339515686036,19.142074464365738,0.7461060047149659,19.598553386945262,0.7469041665395101,78.84420477986,0.8257204691569011,45.84010840788021,0.8035168965657552
0.5110103130340576,0.585162862141927,0.45448102951049807,0.7074247996012369,0.4363868713378906,0.7097338994344076,0.5405645847320557,0.764450200398763,0.5327883243560791,0.760326067606608,0.6131226062774658,0.8433179219563802,0.5577017784118652,0.8935385386149088,0.47973637580871586,0.6046361287434896,0.4454339504241943,0.7085793495178223,139.45826497629292,141.26375385105126,159.3359014887887,171.39597525722067,108.26346782054681,0.656607739130656,30.641523071975406,0.7344527085622152,30.425998017236143,0.7365147749582927,79.40689098678764,0.8269323031107585,47.38605509868733,0.8038840611775716
0.5046388149261475,0.582338015238444,0.44733285903930664,0.7211061477661133,0.441373872756958,0.721476682027181,0.5358424663543702,0.7668514251708984,0.535359001159668,0.7616369247436523,0.6100920677185059,0.8411600112915039,0.5607943058013916,0.8967028935750325,0.47873806953430176,0.6078892072041829,0.44435336589813235,0.7212914148966472,134.126460649123,136.23245905753865,157.08806303708315,170.8531499748732,106.86783761376986,0.664590311050415,23.909136712261958,0.7414641698201497,26.472520906002877,0.7440714200337728,79.33509509443034,0.8291699091593424,45.022749183205235,0.8040057182312011
0.5012454986572266,0.5829551696777344,0.4485060691833496,0.7153860092163086,0.4370370388031006,0.7222195307413737,0.5343410015106201,0.7619119008382161,0.5315578937530517,0.757696024576823,0.6098874092102051,0.8417605082194011,0.5594516277313233,0.8950798034667968,0.4810137033462525,0.607151476542155,0.4427715539932251,0.7188027699788411,132.21512431412057,134.22306301396154,157.97595008098537,169.75841488202158,108.90705833004142,0.662977123260498,23.65603811450278,0.738249397277832,25.21015224338685,0.7403573354085287,78.5229536395784,0.8263879140218099,46.5858612565045,0.8018362045288085
0.5014573574066162,0.5823483149210612,0.4490330696105957,0.7214689254760742,0.43710899353027344,0.7237160364786784,0.5343945503234864,0.7617635726928711,0.5312495708465577,0.7570858637491862,0.6097657203674316,0.8409671147664388,0.5618727207183838,0.883290163675944,0.4771799564361572,0.6095395088195801,0.4430710315704346,0.7225924809773763,131.49006402696037,133.81490261879205,157.16404159645154,168.95939921238673,106.78895442910179,0.6660659948984782,21.364275397839425,0.7398391723632812,23.21578321248636,0.7421780268351237,76.36092750330307,0.8201880137125651,46.42024374628401,0.801365343729655
0.5024671077728271,0.5872121175130208,0.4542077541351318,0.7228633244832356,0.43714189529418945,0.724176534016927,0.5379841804504395,0.7733023961385092,0.5333945751190186,0.7593105951944987,0.6136003971099854,0.8413184483846029,0.560982608795166,0.8873568216959635,0.4815912485122681,0.6126187960306804,0.44567482471466063,0.7235199292500814,131.64639096412793,137.67684737479672,157.02098683217505,173.07829618631078,107.94505661411259,0.6680693626403809,22.196023838558517,0.74141526222229,28.33800005688666,0.7484111626942953,77.84127541115379,0.8233337084452311,41.97107330124849,0.807310422261556
0.5030622482299805,0.5851088841756185,0.4541632175445557,0.7228105545043946,0.43768773078918455,0.7248077392578125,0.537432336807251,0.7671073277791342,0.5321180820465088,0.7585082372029622,0.6136810779571533,0.8435439427693685,0.5584243774414063,0.8886444727579753,0.4814088582992554,0.6118945121765136,0.4459254741668701,0.7238091468811035,131.00748600981166,135.1689021997703,157.11476601805492,170.446674368386,107.59161329036274,0.6678518295288085,21.92854108953639,0.7411586920420329,25.32204616901524,0.7454582373301188,78.57198361051402,0.8235763549804688,45.070500360817135,0.8053256352742513
0.5032409191131592,0.5846719106038412,0.4544177532196045,0.7158006032307943,0.43744692802429197,0.722952143351237,0.5378353595733643,0.7671467463175455,0.5328586578369141,0.7591057459513346,0.6190484046936036,0.842832883199056,0.5615348815917969,0.8892112096150716,0.47928557395935056,0.6087231636047363,0.4459323406219482,0.7193763732910157,134.17080744459503,137.74818649415894,158.1874992340086,172.51175972817052,106.77392505719001,0.664049768447876,24.562606584345648,0.7392410596211751,27.4650101496002,0.7432615598042807,77.57031163891125,0.8241584777832032,42.98254121732093,0.8049898147583008
0.5015619277954102,0.5875747680664063,0.4534393310546875,0.723224131266276,0.438245964050293,0.725253677368164,0.5385818004608154,0.7742141723632813,0.5339735984802246,0.760609753926595,0.6188878536224365,0.8440867741902669,0.5621067523956299,0.8894545237223307,0.47873909473419185,0.6140503247578939,0.44584264755249026,0.72423890431722,133.07564283270665,138.80674856730604,157.18268496590235,173.6799068906601,106.6228260442715,0.669144614537557,22.425498647635052,0.7424243291219075,28.3193362853074,0.7492265383402507,77.68282937454062,0.8250321388244628,41.02584176831658,0.809150473276774
0.5037740230560303,0.5787303924560547,0.45395498275756835,0.7189401626586914,0.4384355068206787,0.7285475413004557,0.5334351062774658,0.7645188649495442,0.5329850673675537,0.7611539204915364,0.5751421451568604,0.8621697107950846,0.5671695232391357,0.8763220469156902,0.4796053171157837,0.6059796969095865,0.44619524478912354,0.7237438519795736,132.3012338201639,133.80511301980331,158.12230479143497,160.15792028189253,105.8388111454377,0.6648617744445801,23.318077068997493,0.7424488862355549,25.050902526043288,0.7441313584645589,73.46794272704405,0.8187379837036133,66.87249205688813,0.8133442878723145
0.5033790111541748,0.5799003601074219,0.4498112201690674,0.7197298685709635,0.4387321472167969,0.7231509526570638,0.5344883918762207,0.7609308242797852,0.5313319206237793,0.7594917933146159,0.6058754444122314,0.8434258778889974,0.5626951694488526,0.8815143585205079,0.4795555830001831,0.6050020535786946,0.44427168369293213,0.7214404106140136,132.13695270026696,133.04742750613832,157.92039861717885,167.91833207329114,106.85819536933315,0.6632212320963542,23.608676015861498,0.7404661019643148,23.640359882183674,0.7411856174468994,75.5853852140215,0.8205030759175619,49.128742485610836,0.8021783510843913
0.5028589725494385,0.5823249816894531,0.44870920181274415,0.71937255859375,0.43880600929260255,0.7215219497680664,0.5332010746002197,0.7600053151448568,0.532071304321289,0.7574911117553711,0.6054797649383545,0.8429821650187175,0.5553824424743652,0.8835341771443684,0.47898452281951903,0.6085853894551595,0.44375760555267335,0.7204472541809082,132.37778316213087,133.55843804011963,156.08852900373444,168.208929193297,107.47996786508945,0.6645163218180339,22.755986386792774,0.7389691829681396,23.858314223673386,0.7402262846628824,79.52178341149916,0.8205126444498698,48.941836817427586,0.8014937400817872
0.4986142158508301,0.5844038645426433,0.45019898414611814,0.7108830769856771,0.4387388229370117,0.7134054183959961,0.5338109493255615,0.7600547154744466,0.529085922241211,0.7563028335571289,0.604713773727417,0.8425840377807617,0.551749849319458,0.8830771128336589,0.47753615379333497,0.608120600382487,0.44446890354156493,0.7121442476908366,136.74024981179386,138.52692957849473,158.02269262994642,169.81231714679726,107.63452639764392,0.6601324240366618,27.55844029115171,0.7342235406239828,28.202830708233062,0.7360994815826416,79.8640887692462,0.8196899731953939,49.33337233519722,0.8013193766276041
0.4989508628845215,0.5843610127766927,0.4506714344024658,0.7113488515218099,0.43876333236694337,0.713656997680664,0.5341790676116943,0.7601533889770508,0.5297603607177734,0.7564624786376953,0.6052506923675537,0.842742919921875,0.5505465507507324,0.8831507364908854,0.4779656648635864,0.607762622833252,0.44471738338470457,0.712502924601237,136.53898717176108,138.2891896754499,157.51211397593235,169.7655975380742,107.61128181670492,0.6601327737172444,27.334888568209706,0.7344827016194662,28.04134709576631,0.7363281567891439,80.68229836672165,0.8198066075642904,49.28667629400812,0.8014481544494629
0.4987499237060547,0.5851324081420899,0.45063352584838867,0.7119405110677083,0.4386871814727783,0.7145129521687825,0.5342049121856689,0.7600559234619141,0.5293561458587647,0.756356938680013,0.6052237987518311,0.8424769719441731,0.5493105888366699,0.8829822540283203,0.47589118480682374,0.6088574727376302,0.4446603536605835,0.7132267316182455,136.9112111754543,138.69872215493945,157.3025528508242,169.58348992686788,106.65897117799781,0.6610421021779378,26.98686492445147,0.7347918351491292,27.60825468763379,0.7366413275400798,81.04460408784851,0.8196695963541667,49.24985334087425,0.8012664477030436
0.49817681312561035,0.5851598103841146,0.4500009059906006,0.7136074701944987,0.442109489440918,0.7207728068033854,0.5340281009674073,0.760564676920573,0.5305012226104736,0.7564967473347982,0.6052474975585938,0.8426828384399414,0.5545059680938721,0.8845104853312175,0.47569427490234373,0.6095137596130371,0.4460551977157593,0.7171901384989421,135.40975202510913,137.36122714411542,157.67080014510768,169.18345377622586,105.3901380131043,0.6633519490559896,24.960296149631812,0.7368434429168702,26.245339112472422,0.7388774077097575,79.37940664293279,0.8205036163330078,49.065571741934754,0.8016237576802572
0.4946598052978516,0.5858872095743816,0.4465287685394287,0.7134826024373372,0.4384735584259033,0.7208980560302735,0.5338280200958252,0.7601860682169597,0.5322246551513672,0.7592584609985351,0.6064674377441406,0.8415725708007813,0.5640565395355225,0.8796797434488932,0.47429125308990483,0.6031813939412436,0.442501163482666,0.7171903292338053,135.48434823635102,135.97748799719858,158.00726962814736,168.93306446270662,105.5805211975868,0.6601858615875245,25.120198392472517,0.7382243951161702,25.210570911358467,0.7386881987253825,75.19323597844459,0.8194691022237142,48.25031863968062,0.8008793195088705
0.49719510078430174,0.5854127248128255,0.449214506149292,0.7128297805786132,0.43808856010437014,0.7209570566813152,0.5343220710754395,0.7634592056274414,0.5313974380493164,0.758942985534668,0.6027719497680664,0.8414884567260742,0.5600579738616943,0.8838947931925456,0.4736664056777954,0.6072320938110352,0.44365153312683103,0.7168934186299643,136.4381410656129,138.40258924460088,158.04063121309844,169.32010750740062,105.3072566608573,0.6620627562204997,25.604659054472876,0.7379182020823161,27.183731529750837,0.7401763121287028,77.0813750059338,0.8214188893636067,48.74167401022943,0.8024738311767579
0.49835801124572754,0.5851203918457031,0.4501295566558838,0.7111762364705404,0.43822441101074217,0.714206314086914,0.53417067527771,0.7605967203776042,0.5303922176361084,0.758494249979655,0.6076018333435058,0.8422452926635742,0.548869276046753,0.8890393575032552,0.4780280590057373,0.6027510643005372,0.44417698383331294,0.7126912752787272,136.5637961466957,137.6067464547783,157.35973622056292,170.3722291404486,107.11382954424911,0.6577211697896321,27.98006095785112,0.7355927626291912,28.02726733304075,0.7366439978281657,81.94399604564207,0.8237668037414552,48.03317035702937,0.8014210065205891
0.4982324123382568,0.5815493901570638,0.4498702049255371,0.7113818486531576,0.4391025543212891,0.7141795476277669,0.5332529067993164,0.763666280110677,0.5337985515594482,0.7637620290120443,0.6063164710998535,0.8419836680094401,0.561290168762207,0.8859540939331054,0.4763553380966187,0.6028169631958008,0.4444863796234131,0.7127806981404623,139.36075337291632,139.3038961670156,158.68038487707508,171.61568786866624,106.1622939162068,0.6577988306681315,29.718664777203465,0.7382713635762532,29.823573800384597,0.7382234891255697,77.32032944002108,0.8248580614725749,46.98770810072108,0.8028249740600586
0.4975273132324219,0.5840396881103516,0.4481605052947998,0.7131191253662109,0.44214425086975095,0.7197888692220052,0.5312150001525879,0.7619991938273112,0.5331177711486816,0.758648427327474,0.6054881095886231,0.8416762669881185,0.561092472076416,0.8865603764851888,0.47570433616638186,0.6036283175150554,0.44515237808227537,0.7164539972941081,135.94834897862606,137.20434126118528,158.05917897785605,170.97947784368495,105.15170390196943,0.6600411574045817,25.62567383982653,0.737551212310791,27.888238851971447,0.7392265955607096,77.66349382612059,0.8226044019063314,47.01037267164327,0.8018377304077149
0.5035726070404053,0.5793715794881185,0.451143217086792,0.7236976623535156,0.44056291580200196,0.7265356063842774,0.533912992477417,0.7682933171590169,0.5346745491027832,0.7617574055989583,0.6069447040557862,0.8424633026123047,0.5487257957458496,0.8827524820963542,0.4790752172470093,0.6132638295491537,0.445853066444397,0.7251166343688965,132.9442295727677,135.59913598880874,153.49577040537054,170.628296986864,106.54229870767212,0.669190231959025,22.41720018628228,0.7434370199839274,26.119185774939865,0.7467049757639568,83.37587134763379,0.8222549438476563,45.44304508987539,0.8053783098856608
0.49909186363220215,0.5794806162516276,0.44897637367248533,0.7175939559936524,0.437672758102417,0.725274403889974,0.5352505207061767,0.7685582478841145,0.535150146484375,0.7655604044596355,0.6086928367614746,0.8417187372843424,0.5572458267211914,0.8900250752766927,0.4746657609939575,0.607771364847819,0.44332456588745117,0.7214341799418131,136.63937515254483,137.78756171463596,156.01867882237374,171.14130733085938,105.41557289735509,0.664602772394816,25.666329089333697,0.7434972922007244,27.141070783694786,0.7449962139129638,79.93340204589667,0.8277927398681642,44.88985573674137,0.8051384925842284
0.5036510467529297,0.5786742528279623,0.4515584945678711,0.7227853139241537,0.44040765762329104,0.7255959828694661,0.5343705654144287,0.7678574879964193,0.5357347965240479,0.7639830271402995,0.6068615913391113,0.8411476135253906,0.5551175117492676,0.8879479090372722,0.47892873287200927,0.6110274950663248,0.4459830760955811,0.7241906483968099,134.28507583750167,135.76044449861746,155.20552879478004,170.70268827548958,106.23208100256184,0.6676090717315674,23.910612793016362,0.7440868377685548,26.291153906529534,0.7460240681966146,81.11338429376661,0.8259654680887858,45.314063757368835,0.8045025507609049
0.5036407470703125,0.5790543874104818,0.4516091823577881,0.7234647115071614,0.44075965881347656,0.7263855616251628,0.5358005046844483,0.768857765197754,0.53573637008667,0.7641996383666992,0.6074711799621582,0.8419024149576823,0.5502676963806152,0.884544563293457,0.47865183353424073,0.6139615376790364,0.44618442058563235,0.7249251365661621,134.48546648553298,136.36699383631938,153.7777555854387,170.4084754299781,106.30922089560659,0.6694433371225992,23.68065554841796,0.7445623874664307,26.115549590451867,0.746891450881958,83.11502028149722,0.8243721008300782,45.54396846827995,0.8053800900777182
0.4986246585845947,0.5793612162272136,0.45277771949768064,0.7170495351155599,0.4409650325775146,0.7249805450439453,0.5353583335876465,0.76859130859375,0.5354499816894531,0.7661746342976888,0.6089993000030518,0.8415358225504558,0.5568963050842285,0.8841044743855794,0.47595448493957515,0.6120469729105631,0.44687137603759763,0.7210150400797526,138.12093365552556,139.0455694540708,156.30221842259238,171.89816796688385,104.94366807545084,0.6665310064951578,27.013627295988343,0.7435948371887207,28.26532793584669,0.7448031743367514,79.69302107350309,0.8251395543416341,44.727780090086405,0.8050635655721029
0.498844051361084,0.5792205810546875,0.44875469207763674,0.7241381963094076,0.43741273880004883,0.726492436726888,0.5355392932891846,0.7685712178548177,0.5345122814178467,0.7663150787353515,0.6093057632446289,0.8420424779256185,0.5574986457824707,0.8909276962280274,0.47632403373718263,0.6102953592936198,0.4430837154388428,0.7253153165181478,134.60635420830172,135.585003922578,155.81240749449435,170.19280202722717,106.11908730010533,0.6678053379058838,24.15313023648567,0.7458151976267497,25.072827743256248,0.7469432671864829,79.54855788366176,0.8286213874816895,44.88512280247288,0.8053068478902181
0.4988409519195557,0.5792816797892253,0.4486429214477539,0.7243405024210612,0.43734211921691896,0.7266378402709961,0.5355887413024902,0.7688390096028646,0.5345535755157471,0.7668829600016276,0.6094556331634522,0.8422903060913086,0.5577494621276855,0.8911565144856771,0.4762930631637573,0.6103150049845378,0.44299252033233644,0.7254891713460286,134.73796537348738,135.5953478458076,155.86254971813145,170.21758307525792,106.12627634076271,0.6679020881652833,24.327224732564034,0.7461860656738282,25.087109435705617,0.7471640904744465,79.42729792887476,0.8290197372436523,44.83836484870598,0.8055646578470865
0.49882006645202637,0.5798025131225586,0.4480945587158203,0.7240873336791992,0.44065566062927247,0.7254883448282877,0.5355083465576171,0.7687920252482097,0.5347043991088867,0.7670199076334635,0.6093300819396973,0.8424309412638347,0.5590126037597656,0.8973501205444336,0.4747034788131714,0.6101292610168456,0.4443751096725464,0.7247878392537435,135.98646140129065,136.7423299482998,156.96788873132763,170.5668589522602,104.81600450093717,0.6674585501352945,25.057715774054927,0.7459038734436034,25.773829774088497,0.7467899322509766,79.43501639914989,0.8321850140889486,44.92896564171492,0.8056114832560222
0.5033978462219239,0.5786263783772786,0.452238941192627,0.7246790568033854,0.4403231143951416,0.7273373285929362,0.5340466499328613,0.7678396860758464,0.5340373992919922,0.7621295928955079,0.6081270694732666,0.8412180582682292,0.5567493915557862,0.8894396464029948,0.4789990663528442,0.6135777155558269,0.4462810277938843,0.7260081926981607,132.70217691879222,135.12242203870684,156.05912534985524,170.7178878966278,106.22535750533069,0.6697929541269938,22.37255573174311,0.7440688927968343,25.483744477511355,0.7469239393870035,79.88490013277911,0.8257846196492513,44.72721839320989,0.8045288721720378
0.5033916473388672,0.5784561157226562,0.45200262069702146,0.7243862152099609,0.44030122756958007,0.7272403717041016,0.5339314460754394,0.7678796768188476,0.5340565204620361,0.7630828221638998,0.607951021194458,0.8410568237304688,0.5565191268920898,0.8884817759195963,0.4789533138275146,0.6133941332499186,0.44615192413330074,0.7258132934570313,133.18543356028042,135.19460097997523,155.99955438335118,170.78877757999118,106.26606079453427,0.6696037133534749,22.975828421977383,0.7444480578104655,25.605034087673797,0.7468464851379395,79.84436443308019,0.825782299041748,44.67209151685305,0.8044682502746582
0.49886698722839357,0.5795647939046223,0.4482132434844971,0.7235495885213216,0.4371804714202881,0.7261320749918619,0.5355140209197998,0.7685629526774088,0.5351600170135498,0.7667422612508138,0.6125924587249756,0.8409044901529948,0.5599898815155029,0.9006689071655274,0.4747303485870361,0.6099055290222168,0.4426968574523926,0.7248408317565918,135.45038117703368,136.1855516545944,156.79649261217955,171.15459441167692,105.57362657392859,0.6673731803894043,24.37855600672991,0.7457915465037028,25.223081326555565,0.7467018922170003,79.49667965767914,0.8337055842081706,43.18422182446605,0.8047337214152018
0.49886698722839357,0.5795647939046223,0.4482132434844971,0.7235495885213216,0.4371804714202881,0.7261320749918619,0.5355140209197998,0.7685629526774088,0.5351600170135498,0.7667422612508138,0.6125924587249756,0.8409044901529948,0.5599898815155029,0.9006689071655274,0.4747303485870361,0.6099055290222168,0.4426968574523926,0.7248408317565918,135.45038117703368,136.1855516545944,156.79649261217955,171.15459441167692,105.57362657392859,0.6673731803894043,24.37855600672991,0.7457915465037028,25.223081326555565,0.7467018922170003,79.49667965767914,0.8337055842081706,43.18422182446605,0.8047337214152018
0.5035618782043457,0.5850752512613933,0.4424022674560547,0.7080291112263998,0.4360044956207275,0.703740119934082,0.5310244083404541,0.7664133707682291,0.5370001316070556,0.7673516591389974,0.6090422630310058,0.8386976242065429,0.5419844627380371,0.8822694142659505,0.47938358783721924,0.6102653503417969,0.4392033815383911,0.705884615580241,142.29227625183302,141.69295020555143,152.25377741125513,175.20981185468315,112.79265062385873,0.6580749829610189,32.15011165239557,0.7366181373596192,33.393016311844775,0.7361489931742351,87.51646506872999,0.824810536702474,42.81538698529164,0.8025554974873861
0.5036728382110596,0.5848708470662435,0.4420323371887207,0.7136318842569987,0.4357170104980469,0.7033709208170573,0.5314185619354248,0.7662768046061198,0.5358650207519531,0.7649765014648438,0.6090177536010742,0.8388529459635417,0.5575867176055909,0.8862250010172527,0.4781948804855347,0.6095301946004232,0.4388746738433838,0.708501402537028,140.56590452867124,140.73168560819704,156.415515013651,174.37248127842398,111.66739745415542,0.6590157985687256,30.211193150405332,0.7367389520009359,31.976645702502214,0.7373891035715738,79.84319337413771,0.8256007512410481,43.08429039116604,0.8025648752848307
0.5016149044036865,0.5833855946858724,0.44274048805236815,0.7086797714233398,0.43563060760498046,0.7050573348999023,0.5320537567138672,0.7643766403198242,0.5347964286804199,0.7658631642659505,0.6068578720092773,0.8391810099283854,0.5563597679138184,0.8950909932454427,0.4789175033569336,0.6094395955403646,0.4391855478286743,0.706868553161621,141.3339222384515,140.6972180231712,157.56973965075002,173.27734234715396,112.18585010839129,0.6581540743509928,31.675756643060648,0.7363658587137858,31.76761655027717,0.7356225967407226,80.52673482082274,0.8304770787556965,45.00009739467813,0.8017788251241048
0.5036467552185059,0.5847040812174479,0.44588236808776854,0.7134920756022135,0.4355939865112305,0.7040375391642253,0.5322372436523437,0.7668830235799153,0.535952091217041,0.7651462554931641,0.6093374252319336,0.8393240610758463,0.5434410095214843,0.8801810582478841,0.4796854257583618,0.6092065175374349,0.4407381772994995,0.7087648073832193,140.47274870360667,140.85547848784913,152.79714058575252,174.53789448749689,111.3654599827611,0.6589856624603272,30.632131990925952,0.7369555314381917,32.422824669190234,0.7378239154815673,86.27522488384058,0.8226636568705241,43.21545546378607,0.8031035423278808
0.5019167423248291,0.5833595275878907,0.442352819442749,0.715183703104655,0.43570375442504883,0.7052261352539062,0.5323486804962159,0.7643779754638672,0.5350760459899903,0.7659667332967123,0.6069290637969971,0.8402125040690104,0.5561123371124268,0.8946882883707682,0.4792308330535889,0.6092103004455567,0.43902828693389895,0.7102049191792805,139.74656152292664,139.0328075295129,156.87987522323525,172.27333250902677,111.70583081309805,0.6597076098124186,30.137882269109657,0.7380858262379963,30.13542586688053,0.7372914473215739,80.71849880360813,0.8303275108337402,45.47771571852478,0.8022952397664388
0.5032915592193603,0.5937504450480143,0.4459075927734375,0.7140877405802409,0.4358769416809082,0.7046640396118165,0.5313290596008301,0.7668998082478841,0.5374809265136719,0.7674338022867838,0.6101593494415283,0.839923604329427,0.6111314773559571,0.8440367380777994,0.4784146785736084,0.6114879290262858,0.44089226722717284,0.7093758900960287,141.75415320069706,141.2617174387881,172.21865434104453,174.83107752677833,110.97282638476253,0.6604319095611573,31.00940912312089,0.7384048461914063,32.45912008813389,0.7381378491719564,46.12568057654693,0.8057352701822916,42.81022956222541,0.8034117062886555
0.5033514976501465,0.5935838063557942,0.4458773136138916,0.7140561421712239,0.435837459564209,0.704616928100586,0.531231689453125,0.7669005076090495,0.5374533653259277,0.7673868815104167,0.6101760387420654,0.8399376551310221,0.6111374855041504,0.8440292358398438,0.4784343481063843,0.6114794095357259,0.44085738658905027,0.7093365351359049,141.73843364683862,141.258012415392,172.2168706708118,174.87004573266805,111.00670028105839,0.6604079723358154,31.00419524564754,0.7383617083231608,32.49512568177575,0.7381185213724772,46.12736268366786,0.8057080586751302,42.77415373699166,0.8034190813700358
0.5032297611236572,0.5935313542683919,0.4460841178894043,0.7141179402669271,0.4353245735168457,0.7103027979532878,0.5312180042266845,0.76680113474528,0.5373887062072754,0.7673806508382162,0.6100385665893555,0.8395625432332356,0.6116925239562988,0.8440952936808268,0.4784763097763062,0.609913984934489,0.440704345703125,0.7122103691101074,140.22219490143837,139.67650593509057,171.72878883672493,174.23499429027726,110.26618615568262,0.6610621770222982,29.710057778679026,0.7397955099741618,31.09509681849312,0.7395057519276937,45.91457938630062,0.8057379722595215,42.710946642960856,0.8031818389892578
0.5030527114868164,0.5934555053710937,0.446085786819458,0.7140923182169596,0.4353496074676514,0.710460917154948,0.5311819553375244,0.7666463216145833,0.5373692035675048,0.7672690709431966,0.6100167751312255,0.8394891103108724,0.611694049835205,0.8440228780110677,0.47841610908508303,0.609820302327474,0.4407176971435547,0.7122766176859539,140.16613155668978,139.60226719255348,171.6950487158545,174.18374834611876,110.20090028413503,0.6610484600067139,29.638866859830895,0.7397728443145752,31.006185803771448,0.7394614696502686,45.92109116810407,0.8056459744771322,42.73770391418036,0.8030677159627279
0.5028280735015869,0.5936325073242188,0.4459967136383057,0.7138729731241862,0.43536806106567383,0.7104202270507812,0.5312521934509278,0.7666191101074219,0.53745436668396,0.7673486709594727,0.6099955081939697,0.8395196278889974,0.6116502761840821,0.8440186818440755,0.47780756950378417,0.6118938763936361,0.4406823873519897,0.7121466000874836,140.69334477593935,140.0802286010554,171.70442925142476,174.16037737129574,110.32039461357687,0.6620202382405599,29.701924644420323,0.7397476355234782,31.024479738807383,0.7393828550974528,45.93952869721742,0.8056836764017741,42.793500140626996,0.8030693689982096
0.5028918266296387,0.5933814366658529,0.44602065086364745,0.7142886479695638,0.4353908061981201,0.710855229695638,0.5312082290649414,0.7667734146118164,0.5372861385345459,0.7674794514973958,0.610254955291748,0.8394001007080079,0.5573215007781982,0.8791107813517253,0.4783467292785645,0.6098105112711589,0.44070572853088374,0.7125719388326008,140.11554797401075,139.52951517362737,155.17407067792809,174.2214176974217,110.11753172051824,0.6611912250518799,29.6189250140598,0.7400256951649984,30.917172033117545,0.7396726767222086,79.82500146136337,0.8232951164245605,42.576228085071584,0.8030867576599121
0.5029203414916992,0.5933701833089192,0.4460249900817871,0.7142937342325847,0.4353944778442383,0.7108736673990885,0.5312141418457031,0.7667797724405925,0.5372818946838379,0.7674678166707357,0.6102643013000488,0.8394515355428059,0.557326078414917,0.8791208902994792,0.4783507108688354,0.609784444173177,0.4407097339630127,0.7125837008158367,140.10281707666869,139.52351841053516,155.1761167914759,174.21267518887373,110.11071028009957,0.6611840724945068,29.610536575755432,0.7400257587432861,30.914121628835115,0.7396817366282146,79.82255604500445,0.8232943534851074,42.59270041342033,0.8031156539916993
0.5027257919311523,0.5824178695678711,0.44600520133972166,0.710599136352539,0.43412189483642577,0.7036005655924479,0.5338373184204102,0.767141596476237,0.5287382125854492,0.7572472890218099,0.6062365531921386,0.8384281158447265,0.5524573802947998,0.8872370402018229,0.47745695114135744,0.6114242235819498,0.4400635480880737,0.7070998509724935,138.86422312101922,142.53447201699618,158.3794993561635,173.76338143398067,111.34730775042945,0.6592620372772217,29.48909698167438,0.7321735699971517,32.63074227037043,0.7371207237243653,79.65903286545509,0.8222421646118164,44.55630519969083,0.8027848561604818
0.5026702404022216,0.5824430465698243,0.446027135848999,0.7106932957967123,0.4341174602508545,0.703754170735677,0.5338612556457519,0.7689885457356771,0.5285747051239014,0.757343610127767,0.6062152862548829,0.838366953531901,0.5525123119354248,0.8871949513753256,0.47742359638214116,0.6114861806233725,0.44007229804992676,0.7072237332661946,138.84873668093533,143.0810149890035,158.4492283386425,174.48815410892496,111.31287532744096,0.6593549569447835,29.52335006158317,0.7322836716969807,33.36694234889502,0.7381061395009358,79.55500408525735,0.8222692807515463,43.79727190337823,0.803677749633789
0.5034766674041748,0.5739514032999674,0.44325079917907717,0.7021614710489908,0.4318211078643799,0.700407600402832,0.5315211296081543,0.7652655283610026,0.5319403648376465,0.7624897003173828,0.6076459884643555,0.8382586797078451,0.552269458770752,0.8854712168375651,0.4802566051483154,0.6008488972981771,0.4375359535217285,0.7012845357259114,140.68792331723483,141.56261362589763,157.46664037922116,175.0444556096306,113.04264582103951,0.6510667165120443,32.95653132432003,0.7318871180216471,34.245319631622664,0.733275032043457,80.61376950169978,0.8239804585774739,43.796877392039654,0.8017621040344238
0.5030880451202393,0.5814367294311523,0.4468809127807617,0.7063878377278646,0.4319864273071289,0.699775759379069,0.5320888996124268,0.7647197087605794,0.5318119525909424,0.7621934890747071,0.6076679706573487,0.83809388478597,0.5524169921875,0.8861985524495443,0.47920532226562496,0.5953284899393718,0.4394336700439453,0.7030817985534668,140.11288146458887,140.9716687012613,157.7595853102824,174.5959484316555,110.2590595974347,0.6492051442464193,32.61466225683575,0.7326376438140869,33.633416203437875,0.733900753657023,80.56576429419061,0.8241960207621257,44.15193555369162,0.8014067967732748
0.5031193256378174,0.581442133585612,0.4434344291687012,0.7074426015218099,0.43194022178649905,0.6997138977050781,0.5331943035125732,0.7666735331217448,0.5317691326141357,0.762157122294108,0.607832670211792,0.8382613499959309,0.5524527072906494,0.8864867528279622,0.4776429653167724,0.5959007581075033,0.43768732547760014,0.703578249613444,139.94104427978567,141.46954969082282,157.33917907219123,174.5594415833927,110.35826368392883,0.6497395038604736,31.90794643292645,0.7328676859537759,33.450160047348604,0.7351258913675944,80.55473081315884,0.8243219375610351,43.804876963604016,0.8024674415588379
0.5031619548797608,0.5768996556599935,0.44736952781677247,0.7058651606241862,0.4322191715240479,0.699542490641276,0.533684778213501,0.7669148763020833,0.5318360805511475,0.7623698552449544,0.6080478191375732,0.8381233215332031,0.5524135112762452,0.8865265528361003,0.4790277242660522,0.5940176645914714,0.4397943496704102,0.7027038256327311,140.3688011633301,141.91099377508286,157.91676374213793,175.07042190352024,109.84849589074472,0.6483607451121013,32.95331445057455,0.7325368404388428,34.367969330288716,0.7348093509674072,80.5894795480429,0.8244482040405273,43.75857052117588,0.8025190989176432
0.5033734321594239,0.5770612716674804,0.443827486038208,0.7067982991536458,0.43215069770812986,0.6995479583740234,0.5339104175567627,0.7666969935099284,0.5318286418914795,0.7624820709228516,0.6082681179046631,0.838308842976888,0.552397632598877,0.8867803573608398,0.47933316230773926,0.5947780609130859,0.4379890918731689,0.7031731287638345,139.67531372671255,141.1270258123473,157.46852539831082,174.51365716753514,110.87786241497163,0.6489755948384602,32.293910290922845,0.7328275998433431,33.514503577488135,0.7349350611368815,80.60379441886354,0.8246312141418457,43.92232925434,0.8025029182434082
0.5033719539642334,0.5770652135213216,0.4438680648803711,0.7067943572998047,0.4321157932281494,0.6995448430379232,0.5339346885681152,0.7667254765828451,0.5317324161529541,0.7625028610229492,0.6082727909088135,0.8382888158162435,0.5524362564086914,0.8868848164876302,0.47933728694915767,0.5947386741638183,0.43799192905426027,0.7031696001688639,139.6761839045985,141.1339979418928,157.5298483582156,174.5218028237124,110.87214691796923,0.6489541371663411,32.33186090087885,0.7328362305959065,33.52189926314169,0.7349475383758545,80.54954891313763,0.8246938387552897,43.910476480669516,0.8025071461995443
0.5032148838043213,0.5769850413004557,0.44726905822753904,0.7056725184122722,0.4320505142211914,0.6996129353841146,0.5339372158050537,0.7666138966878255,0.531588077545166,0.7624821345011393,0.6083649635314942,0.8382877349853516,0.5526165962219238,0.8871441523234049,0.4792433261871338,0.5946514447530111,0.4396597862243652,0.7026427268981934,140.3837300229288,141.80216763329716,158.09865378929553,174.88038488806367,110.13010008559837,0.6486470858256023,33.06154019375146,0.7325624306996663,34.15852925736078,0.7346283117930095,80.42524014645325,0.8248131434122721,43.92014379394528,0.8024508158365886
0.5034768104553222,0.5765652974446615,0.4436988830566406,0.7069662094116211,0.4320667743682861,0.6996924718221028,0.5337082386016846,0.7672000885009765,0.53209228515625,0.7625640233357748,0.608392858505249,0.8384301503499348,0.5522884845733642,0.88631591796875,0.47919497489929197,0.5944900512695312,0.43788282871246337,0.7033293406168619,139.63000390422306,141.2022435389156,157.25473382812436,174.74719992568836,110.78526734753213,0.6489096959431966,32.15984060109175,0.7329466819763184,33.68474441698502,0.7352647145589193,80.73109238804568,0.8244399706522624,43.643764798186545,0.8028151194254557
0.5031554222106933,0.5766114552815755,0.444028902053833,0.7011006673177084,0.4326182842254639,0.6932739893595378,0.5338089942932129,0.767382558186849,0.5321704864501953,0.7625686645507812,0.6083925247192383,0.8387322743733724,0.5526115894317627,0.8871537526448567,0.47886154651641843,0.5947383244832356,0.4383235931396484,0.6971873283386231,142.48590525964272,143.9758321528103,158.28565114955228,176.03937108685201,111.58816520356059,0.6459628264109294,34.86418915450796,0.7298779964447022,36.32112987651536,0.7322849432627361,80.68230399105673,0.824861208597819,43.73055939423349,0.8030574162801107
0.49869818687438966,0.5779993057250976,0.44210262298583985,0.7126607259114583,0.43389463424682617,0.7041865666707356,0.5335544109344482,0.7677516301472982,0.5314336776733398,0.7593302408854167,0.6067869186401367,0.8384859720865886,0.552997350692749,0.8872477213541666,0.4731281757354736,0.612834103902181,0.437998628616333,0.708423646291097,140.28562088361744,143.14350017938452,156.82428465535176,173.61070115861793,110.17858617691685,0.6606288750966389,28.58305199235975,0.7338769435882568,31.835020055975697,0.7380876382191977,80.4313335775353,0.8232889811197917,44.00588231426061,0.8031188011169434
0.5032893180847168,0.5676841735839844,0.454649543762207,0.7079153696695963,0.4307377338409424,0.708672841389974,0.5374171257019043,0.7619098027547201,0.5258865833282471,0.7562137603759765,0.6128923416137695,0.8392117818196615,0.5440515041351318,0.8818251291910807,0.47882795333862305,0.5865229924519857,0.4426936388015747,0.7082941055297851,135.4419647394011,137.9831223552289,157.93981197845918,171.88260551954625,106.52770946412947,0.6474085489908854,29.942210819211557,0.7322539329528808,29.510870575743432,0.7351019541422525,81.77138269296748,0.8190194447835286,45.68505532669453,0.8005607922871908
0.5016844272613525,0.5704184850056966,0.4574390411376953,0.7143650690714518,0.4305305480957031,0.7168115615844727,0.5338637828826904,0.7618553797403972,0.5275379657745362,0.7583405176798502,0.542363452911377,0.8808192571004232,0.5431308269500732,0.8832082748413086,0.4808197021484375,0.5896519978841146,0.4439847946166992,0.7155883153279623,132.57782741188888,134.35856516046775,156.5139469653892,153.31708657051644,106.30358388371614,0.6526201566060384,27.09776346544162,0.7369644165039062,27.23807992802538,0.7387218475341797,82.88203554780111,0.8207743962605794,85.91330496563766,0.8213373184204102
0.5015371799468994,0.5709278106689453,0.45348472595214845,0.7153364817301432,0.4306008815765381,0.717013422648112,0.5343739032745362,0.7650313059488932,0.5281732559204102,0.7579794565836588,0.5384511947631836,0.880324109395345,0.5399664878845215,0.8780564626057943,0.4807777881622315,0.5968588193257649,0.44204280376434324,0.7161749521891276,132.28205036642353,135.56218038971824,154.439105481264,151.59875389012933,107.98558840816948,0.6565168857574463,25.89020425334858,0.7370772043863932,27.88524116604942,0.7406031290690105,84.39074701576425,0.8180179595947266,87.97459797445049,0.8226777076721191
0.5056458950042725,0.5713179270426433,0.4553987503051758,0.7086111704508463,0.4321725845336914,0.7029420852661132,0.5361657619476319,0.7672555923461915,0.5307106971740723,0.757833735148112,0.5419180393218994,0.8830353418986002,0.5405228137969971,0.8850762685139973,0.47980198860168455,0.5874183336893717,0.4437856674194336,0.7057766278584798,137.5489020625131,141.04556673914777,156.06145461167583,153.87488798814624,106.92495736882518,0.6465974807739258,30.91627943096426,0.731805181503296,33.643770220928,0.7365161101023356,85.59044875557231,0.8214550018310547,87.15571643923396,0.8251454671223959
0.5057042598724365,0.5712825139363606,0.4554391384124756,0.7085823059082031,0.43217105865478517,0.7029021581013998,0.5364388942718505,0.7673952738444011,0.5307423114776612,0.7579150517781575,0.5419614315032959,0.8830853780110677,0.5404547691345215,0.885189946492513,0.4798029661178589,0.5873283386230469,0.44380509853363037,0.7057422320048015,137.59512950257883,141.10578985206234,156.05714248127842,153.76921246078672,106.90929129762208,0.6465352853139241,30.96884062471934,0.7318286418914794,33.64601601822872,0.7365687529246012,85.63616694047973,0.8215524991353353,87.26702584859308,0.8252403259277343
0.5057382106781005,0.5712439219156901,0.45596928596496583,0.7091742197672526,0.43201265335083006,0.7035142262776692,0.5360100746154786,0.7688927332560221,0.5305394172668457,0.7580211639404297,0.5420057296752929,0.8833306630452474,0.540453577041626,0.8856859842936198,0.478397536277771,0.5875302632649739,0.44399096965789797,0.7063442230224609,137.84627378560228,141.82851680134905,156.16605960955846,154.02150777741346,106.15014603370992,0.6469372431437175,30.840870431062786,0.7321826934814453,34.20527742757897,0.7376184781392415,85.55945225263991,0.8218535741170248,87.00089010569089,0.8261116981506348
0.5026649475097656,0.5713754653930664,0.4587366580963135,0.7124464670817058,0.4302835941314697,0.7128569285074869,0.5347263813018799,0.7663302103678385,0.5310444355010986,0.7603457132975261,0.5383080005645752,0.882032839457194,0.5402936458587646,0.881479008992513,0.4797671794891357,0.5964846611022949,0.4445101261138916,0.7126516977945964,136.2382132585833,138.68329122536812,154.7981423876859,152.7967610437323,106.88320538366548,0.6545681794484457,28.8616770136217,0.7364987055460612,30.752570849850812,0.7394909540812175,85.63361652078693,0.8209123611450195,88.22695335623554,0.8241815249125163
0.5023512840270996,0.5715803146362305,0.4583571910858154,0.7121145884195964,0.4302858829498291,0.7129852294921875,0.5346731185913086,0.7662469863891601,0.5310044288635254,0.760326067606608,0.5382184028625489,0.8819608052571615,0.5401668548583984,0.8811931610107422,0.47957017421722414,0.596737289428711,0.4443215370178223,0.712549908955892,136.31557109005678,138.73146621755413,154.7241157472295,152.75726248185646,106.92810993277311,0.6546435991923014,28.861804184437283,0.73643798828125,30.72354654929931,0.739398447672526,85.66493908511283,0.8207596143086751,88.24509895495517,0.8241038958231608
0.5060313224792481,0.5710331598917643,0.4561775684356689,0.7082710266113281,0.43197059631347656,0.702999496459961,0.5359073162078858,0.7679474512736003,0.5308068275451661,0.7575414657592774,0.5413506031036377,0.8828885396321614,0.5634341239929199,0.8827935536702474,0.47932212352752684,0.5897643089294433,0.44407408237457274,0.7056352615356445,137.9582389174648,141.77648106960288,160.63063325567632,153.95338073508918,106.91980503248004,0.6476997852325439,30.898894472328646,0.7315883636474609,34.15831938778488,0.7367913564046225,75.39932689103465,0.8201675097147624,87.28865861625313,0.8254179954528809
0.5060326099395752,0.571034558614095,0.4561753273010254,0.7082762400309245,0.43197040557861327,0.7029905954996745,0.5359193325042725,0.7680666605631511,0.5308896064758301,0.7576011657714844,0.5386541843414306,0.8829724629720052,0.5634736061096192,0.8829025268554688,0.4793229103088379,0.5897679964701334,0.44407286643981936,0.7056334177652994,137.98393492858753,141.8168957948167,160.61414554435038,153.2908177390112,106.92147307279205,0.6477007071177164,30.90437349745844,0.7316172917683919,34.20616537260223,0.7368500391642252,75.42336569611861,0.8202518463134766,88.6365711181755,0.8255195617675781
0.5060100078582763,0.571070671081543,0.45624723434448244,0.7082763671875,0.4319926738739014,0.7029614130655925,0.5359293937683105,0.7684308369954427,0.5305650234222412,0.7578421910603841,0.5416636943817139,0.8827586491902669,0.5633498191833496,0.8826928456624349,0.4792512893676758,0.5924794514973959,0.4441199541091919,0.7056188901265462,138.37671117358028,142.23318100923558,160.75952886458413,154.03154977967122,107.25027979633354,0.649049170811971,31.137064898095428,0.7317305405934651,34.378203067526734,0.7370248635609944,75.28675936633573,0.8202675183614094,87.12864156666927,0.8255947430928547
0.5027878761291504,0.5713294982910156,0.45766615867614746,0.711903699239095,0.43074235916137693,0.7066137313842773,0.5347469329833985,0.765385627746582,0.5315165996551514,0.760287857055664,0.5377820491790771,0.8800404866536459,0.5403238296508789,0.8797332763671875,0.47969555854797363,0.5963592847188314,0.4442042589187622,0.7092587153116862,137.84664710663804,139.8348240866647,154.80119826761356,152.79636509757682,107.45117034188833,0.6528090000152588,30.303878688191396,0.7347732861836751,31.79454941213687,0.737322171529134,85.78296439132544,0.8200105667114257,88.48363386568785,0.822713057200114
0.5106007099151612,0.5723086675008138,0.44676618576049804,0.7136110305786133,0.4342817306518555,0.7202378590901692,0.5313165664672852,0.7590377807617188,0.5301633834838867,0.7599215189615885,0.6093748092651368,0.8364914576212565,0.5573663711547852,0.8762664159138998,0.4774544477462769,0.6016129811604818,0.44052395820617674,0.7169244448343912,134.0407117467974,133.77193345050762,156.90821974721246,170.5258931268587,107.75856239386269,0.6592687129974365,25.625497028326905,0.7384229818979899,24.88380442249923,0.737981112798055,76.83989874325698,0.8180939674377441,44.77725886043473,0.7977646191914877
0.5107151985168457,0.5724185307820638,0.44675521850585936,0.7139642715454102,0.4343258857727051,0.7204182306925456,0.5311295986175537,0.7590242385864258,0.5301733493804932,0.7598065694173177,0.6094172477722168,0.8364603042602539,0.5574403285980225,0.8763551076253255,0.4774418830871582,0.6017422040303548,0.4405405521392822,0.717191251118978,133.87752901326613,133.63412726030418,156.87187357469193,170.54494613694757,107.72559781226032,0.6594667275746664,25.42844084151453,0.7384989102681478,24.78695373268498,0.7381077448527018,76.83226506221838,0.8180808385213216,44.68667808214192,0.7977422714233398
0.510053014755249,0.5721978505452474,0.4472043514251709,0.7135879516601562,0.43460831642150877,0.7204265594482422,0.531512451171875,0.7588002522786458,0.529587984085083,0.7577561060587565,0.6077715873718261,0.8357550938924153,0.5575590610504151,0.8761134465535482,0.47806556224822994,0.5961657524108886,0.44090633392333983,0.7170072555541992,132.3632536475976,132.95417039051486,157.0486527724549,170.17697812251674,107.09286485886629,0.6565865039825439,24.678584889421337,0.7373816808064779,24.761996250298708,0.7379037539164225,76.70339858186544,0.8169347763061523,45.260163665302706,0.7972776730855305
0.5060103416442872,0.5723828633626302,0.4468847274780273,0.7130711237589519,0.4349214553833008,0.7198497136433919,0.5312867641448975,0.7588739395141602,0.5303332328796386,0.7598265965779623,0.6077032089233398,0.8357683181762695,0.557421875,0.8756638844807942,0.47796728610992434,0.5958970387776693,0.4409030914306641,0.7164604187011718,133.58517904458893,133.25483976932045,156.96226313002728,170.3965661388472,107.08873586874324,0.6561787287394205,25.869525805432446,0.738143507639567,25.138827884727856,0.737667179107666,76.83786326973515,0.8177452405293782,45.17861430197251,0.7973211288452149
0.5100766658782959,0.5722562789916992,0.4467514991760254,0.7128774642944335,0.4352133750915527,0.7197627385457357,0.5316859722137451,0.7594619115193685,0.530803108215332,0.7603180567423503,0.6079297542572022,0.8358033498128256,0.5576117992401123,0.8759318669637044,0.47784554958343506,0.5989452362060548,0.44098243713378904,0.7163201014200846,134.26579583903307,133.97987052462094,156.8992580219117,170.5544138953492,107.4355787331513,0.6576326688130697,26.097562892389384,0.7383190790812175,25.437413531856286,0.7378910064697266,76.94489783617104,0.8181249618530273,45.0366699356055,0.797632630666097
0.5100651741027832,0.5722507476806641,0.4466747283935547,0.7129175186157226,0.4351754665374756,0.7197331746419271,0.5316588401794433,0.7593935648600261,0.5308592319488525,0.7602771759033203,0.5733426570892334,0.8557655970255534,0.5579920291900635,0.87581361134847,0.47784671783447263,0.5989628156026204,0.4409250974655151,0.7163253466288249,134.23728594687284,133.9347241124284,156.93670375698278,159.8696894596145,107.46329471101978,0.6576440811157227,26.04528324292592,0.7383012612660727,25.392099871696306,0.7378594557444255,76.78403292544539,0.8180453936258951,66.61005863665478,0.8075795809427897
0.5101073741912842,0.5723029454549153,0.4466452121734619,0.7130173365275065,0.435398006439209,0.7145005544026692,0.531732702255249,0.7595617294311523,0.530885648727417,0.7603766123453776,0.5733205318450928,0.8561972300211589,0.5579994678497314,0.8759106318155925,0.4780473232269287,0.5961556116739909,0.4410216093063355,0.7137589454650879,135.25402532908063,134.97799507881984,157.40025420035556,160.39857820622208,107.47585677660342,0.6549572785695394,27.418376935584078,0.7370677789052327,26.79059582882597,0.7366603374481201,76.7926862910346,0.818143622080485,66.71500196180692,0.8078794797261556
0.5101025581359864,0.5723031361897787,0.44681267738342284,0.713209851582845,0.4353346824645996,0.7146505355834961,0.5318427562713623,0.759594472249349,0.5308397769927978,0.7603785196940104,0.6080844879150391,0.8360300064086914,0.5578701019287109,0.8757722854614258,0.4780962228775024,0.5960780143737793,0.44107367992401125,0.7139301935831706,135.15633846161717,134.90141531356355,157.36669229529605,171.09740881171308,107.4397930913422,0.6550041039784749,27.35873075923983,0.7371543566385905,26.70614048749329,0.7367623329162598,76.8164913850973,0.8180754025777182,45.07272896972813,0.7978122393290201
0.5056119918823242,0.5748364130655924,0.4471092224121094,0.7129168192545573,0.4353323936462402,0.7192925771077474,0.5322484970092773,0.7595623016357422,0.5308351516723633,0.7604008356730143,0.5730045318603516,0.8557856877644857,0.5576795101165771,0.8751820246378581,0.4781216621398926,0.5960949579874675,0.4412208080291748,0.7161046981811523,134.0906251338585,133.84090506444417,156.95597388443812,159.621739237271,107.09172907975962,0.6560998280843099,26.303067692688415,0.7382527669270833,25.52031419612868,0.7378334999084473,76.83659206170513,0.8177914301554362,67.04460041722105,0.8076739947001139
0.5055637836456299,0.5748169581095378,0.4471250534057617,0.713167381286621,0.43534555435180666,0.7194726943969727,0.5321297168731689,0.7596187591552734,0.5308228015899659,0.7604816436767579,0.5731069564819335,0.8561445871988932,0.5577270984649658,0.8753745396931966,0.4781102180480957,0.5960640907287598,0.4412353038787842,0.7163200378417969,134.01665926852965,133.74896055175716,156.96028218025862,159.67888369151066,107.04747351506033,0.6561920642852783,26.24070899541865,0.7384008407592774,25.471395093643643,0.7379693984985352,76.82060541147501,0.8179280916849772,66.99775861205335,0.8078816731770833
0.505566930770874,0.5748315811157226,0.44712257385253906,0.7131621042887369,0.43535642623901366,0.719471549987793,0.5321497917175293,0.7596111933390299,0.5308430671691895,0.7604883193969727,0.5730751991271973,0.8561655044555664,0.5577161312103271,0.875309944152832,0.47809782028198244,0.5960765520731608,0.4412395000457764,0.7163168271382649,134.0285775587095,133.7551843359152,156.9464143412978,159.65946825636175,107.04233889605607,0.6561966896057129,26.241719901010487,0.7384025732676188,25.46527216425675,0.7379640102386474,76.82748545396994,0.8178991317749024,67.0299066959612,0.8078883488972981
0.5060980319976807,0.5725632349650065,0.44709010124206544,0.7130030314127604,0.43533034324645997,0.7193258921305339,0.5319446563720703,0.7597864786783854,0.5308433055877686,0.7606358210245768,0.6081655979156494,0.8359583536783854,0.5578977584838867,0.8755018870035808,0.47803549766540526,0.5958740870157877,0.4412102222442627,0.7161644617716472,134.15944181460915,133.88218036519393,157.03692079592062,170.67865985238384,107.02126217683964,0.6560192743937174,26.38825979698917,0.738400141398112,25.676658118374945,0.7379754702250163,76.74665182012498,0.8180688540140788,44.98155224223168,0.7978724161783854
0.5102427959442138,0.5752340952555338,0.44826388359069824,0.6988867441813151,0.43515872955322266,0.6987138112386068,0.5315060138702392,0.7621208826700846,0.5304478645324707,0.7612518946329753,0.6097357749938965,0.8353302637736003,0.556813383102417,0.8797079086303711,0.4827525854110718,0.5940780639648438,0.44171130657196045,0.6988002777099609,141.06101024605584,141.36913983337453,160.08167985218017,175.99465946885738,111.40051793313546,0.6464391708374023,35.13737663051467,0.730026086171468,35.190372875297435,0.7304605801900228,77.45185331358864,0.8204799016316732,43.10127502331979,0.7987255732218425
