0,1,2,3,4,5,6,7,8,9,10,11,12,13,14,15,16,17,18,19,20,21,22,23,24,25,26,27,28,29,30,31
0.5244879245758056,0.7238392512003581,0.521223783493042,0.7113324483235677,0.5600686073303223,0.692461903889974,0.43888278007507325,0.7104197184244792,0.47690253257751464,0.6942378362019856,0.4439980506896973,0.7126673380533854,0.45612421035766604,0.6999505360921224,0.6017371416091919,0.7219179153442383,0.5406461954116821,0.7018971761067708,174.34957393489273,171.1741118356421,163.30782529518922,30.07902762729932,18.145016902808948,0.7119075457255046,6.851723046885269,0.6980675061543782,175.21273088284929,0.706158447265625,164.6271807590608,0.6970941861470541,23.72040235520331,0.7115435282389323
0.4892204761505127,0.715787696838379,0.5456809997558594,0.7529748916625977,0.5766623973846435,0.7399002075195312,0.4554129600524902,0.6997098286946615,0.4631957054138184,0.697543207804362,0.45744667053222654,0.7226911544799804,0.44227962493896483,0.7097825368245443,0.5645301342010498,0.7251976013183594,0.5611716985702515,0.7464375495910645,168.74323020945945,169.3100832313609,132.53059408415538,72.04798609633126,98.98515309328616,0.7358175754547119,26.52121941305046,0.7219903786977132,23.83743273283187,0.723073689142863,149.66538261253396,0.7036628723144531,84.94283845759472,0.7112004915873209
0.5049593448638916,0.7487843831380209,0.6016692161560059,0.7326270421346028,0.5958197116851807,0.7101971944173177,0.5148149967193604,0.7217396418253581,0.4711928367614746,0.7099094390869141,0.4726844787597656,0.7445067087809245,0.44761295318603517,0.723109245300293,0.5893736600875854,0.7237935384114583,0.5987444639205932,0.7214121182759603,178.4525285739319,178.19846187503333,151.40366552651128,161.99513449202516,165.74115981145013,0.7226028283437094,5.1530274958253415,0.7156607786814372,179.77641199878195,0.7215758800506592,150.7602912338267,0.7165093421936035,151.61349142917635,0.7331231753031413
0.6172165393829345,0.7495835622151693,0.5666532993316651,0.7220587412516276,0.5633737087249756,0.6868802388509114,0.44218950271606444,0.7137282689412435,0.4619494915008545,0.6857781728108724,0.3541152000427246,0.7431009928385417,0.4412341594696045,0.7156517028808593,0.6536494731903076,0.7419287681579589,0.5650135040283204,0.7044694900512696,173.95346467704678,168.09285773297745,129.90085030330866,171.93662492238857,22.909861363159706,0.7231991291046143,10.279232339939256,0.695123831431071,175.68905488841088,0.7090988794962565,124.73876833367878,0.7007149378458659,161.55649004972253,0.7284146308898927
0.6702301025390625,0.7731143951416015,0.5567734241485596,0.7242457071940104,0.5698809146881103,0.6848796844482422,0.4343903064727783,0.7199963887532552,0.46094722747802735,0.6898486455281575,0.3445301055908203,0.7462800343831381,0.4314375877380371,0.7221157709757487,0.6754531621932983,0.7557004928588867,0.5633271694183349,0.7045626958211263,171.11242230838397,164.74929722859267,140.02512319221054,174.49091092429592,24.51651562049628,0.7301315943400065,8.178548563820527,0.6972056706746419,173.1741936309963,0.7122795422871908,132.44422534881068,0.7059822082519531,163.69607401855086,0.7331382115681966
0.6839113712310791,0.7572497685750326,0.542344331741333,0.7275773366292317,0.5608035564422608,0.6821373621622722,0.43959388732910154,0.7184907913208007,0.4707733154296875,0.6101434071858723,0.3451451301574707,0.746915054321289,0.44904637336730957,0.7029534657796224,0.684483814239502,0.751068115234375,0.5515739440917968,0.704857349395752,163.86915888546486,165.48098994258038,102.11190620749028,174.76668332385188,19.17179555234148,0.7279627323150635,49.532447649767846,0.6575003782908122,173.05846842407553,0.7116740703582763,103.17573673948014,0.6565484364827474,163.25088246791174,0.7327029228210449
0.7025803565979004,0.7554314295450847,0.5437530517578125,0.7272022883097331,0.5574548244476318,0.6907310485839844,0.43756465911865233,0.7259286880493164,0.4685431957244873,0.610331662495931,0.3435603857040405,0.7560914993286133,0.4547330379486084,0.7082139333089192,0.681739091873169,0.7516028086344402,0.5506039381027221,0.7089666684468587,163.28909057803875,165.46379389139307,97.580971914118,175.03285781696516,18.01096446180813,0.7302847385406495,50.24077349113492,0.6596491654713948,171.46619680906966,0.7174476782480876,98.0308233311015,0.6592727979024251,162.21031055168172,0.7410100936889649
0.6462362766265869,0.7514043172200521,0.5591953277587891,0.7300078709920247,0.5610574722290039,0.6920419057210286,0.4550323486328125,0.7251452128092448,0.4592186450958252,0.7022608439127604,0.34397096633911134,0.7584215799967448,0.4493099689483643,0.7164024353027344,0.6598321437835692,0.7409202893575033,0.5601263999938966,0.7110248883565267,174.05626072634774,167.94301410654515,127.79620443832806,175.68824945196445,16.690638805271306,0.725972588857015,4.963799282214609,0.7066428661346436,172.3476283764504,0.7180850505828857,125.01801322060417,0.7093316396077474,163.32065876331743,0.7417833964029947
0.5444200515747071,0.7369894663492839,0.5729304313659668,0.725944709777832,0.5847427368164062,0.6980056126912435,0.4635991096496582,0.7076027552286784,0.4660495758056641,0.6881133397420247,0.4350586414337158,0.7257005055745442,0.4468687534332275,0.717227554321289,0.6424018859863281,0.7405900319417318,0.5788365840911864,0.7119751612345377,175.3743636546776,171.71995983220134,125.65661134405913,153.07392406172758,24.235604059881865,0.7262825965881348,11.945651112929852,0.7000442504882812,2.1729068237667946,0.7097889582316081,123.37741041438477,0.7026704470316569,147.62087313882833,0.7166516304016113
0.6092857360839844,0.7801895141601562,0.5729468822479248,0.7313627243041992,0.5658717155456543,0.6932638168334961,0.4586228370666504,0.7198209126790365,0.45755648612976074,0.6987816492716471,0.4227273941040039,0.7312107086181641,0.43956565856933594,0.7196022033691406,0.6487245559692383,0.744290574391683,0.5694092988967896,0.7123132705688477,173.50751984614354,168.78846471571362,134.04295704546078,169.7366549990641,21.957671762031083,0.7283019224802654,6.897952155851755,0.7055474599202474,176.12317665647657,0.7160670916239421,130.82996002004506,0.7091919263203939,162.39551781774847,0.7255158106486003
0.6334849834442139,0.7672117869059245,0.5618381500244141,0.7228023529052734,0.5642056465148926,0.6964710235595704,0.4668436050415039,0.7195234934488932,0.45878095626831056,0.7072157541910807,0.4261172294616699,0.7211482365926106,0.44286556243896485,0.7140485763549804,0.6513099193572998,0.7442923863728841,0.5630218982696533,0.7096366882324219,170.43002026307767,166.48325225526173,158.86794373684623,177.4781777621814,21.4314973933038,0.726964537302653,1.3304213274154506,0.7084262212117514,174.1308021068074,0.7145800908406575,156.76510780782843,0.7106321652730305,177.71544644733112,0.7203358650207519
0.6167477607727051,0.7660353342692058,0.5652302265167236,0.7228168487548828,0.5594811916351319,0.6972679138183594,0.4669640064239502,0.7134419123331706,0.45580143928527833,0.7064767837524414,0.43072118759155276,0.7248826344807943,0.43961944580078127,0.7202280680338542,0.6431416749954224,0.7450132687886556,0.5623557090759277,0.7100423812866211,170.29277240011834,167.7993101796409,144.38648850606373,168.91299588085408,23.406975840157173,0.7275278250376384,1.9165584710598864,0.7082595825195312,177.9589798712197,0.7117421468098959,139.64247400608537,0.7133524258931478,162.48072612830626,0.7191622734069825
0.66263427734375,0.7719671249389648,0.547175407409668,0.7129697799682617,0.5541905879974365,0.6948363622029622,0.4663491725921631,0.7000757217407226,0.4666599273681641,0.7002180735270183,0.3349193811416626,0.7487469355265299,0.4650928020477295,0.6983494440714518,0.6480005502700805,0.7604919115702311,0.5506829977035522,0.703903071085612,164.12548027074786,164.20166522735246,133.69736907470437,171.42043264194035,30.17742196621208,0.7321974913279216,2.5112102524444424,0.7020605723063151,2.5984899385898643,0.7019893964131674,50.01513499677023,0.6992837587992351,159.67934994278846,0.7244113286336262
0.6582473754882813,0.7619609832763672,0.5541741371154785,0.7223114013671875,0.5615612030029297,0.7044168472290039,0.4554388999938965,0.7017445246378581,0.46195158958435056,0.7022577921549479,0.33380928039550783,0.7441267649332682,0.46529450416564944,0.6993200937906902,0.6514962911605835,0.7561055501302083,0.557867670059204,0.7133641242980957,170.7456694520057,170.97485996493236,49.934887681967396,168.60662594661045,24.536677621680354,0.734734837214152,6.60498855757416,0.7078109582265217,6.472010245125517,0.707554324467977,138.69152572782536,0.700788942972819,160.78894090125667,0.7229356447855632
0.6688259601593017,0.7725259780883789,0.5526563644409179,0.7238882700602214,0.559392261505127,0.6996250152587891,0.4587132930755615,0.7050543467203776,0.46000328063964846,0.7001704533894857,0.32595186233520507,0.7415819803873698,0.4635793685913086,0.6990145365397136,0.6533514022827148,0.7603556315104167,0.5560243129730225,0.7117566426595052,169.58996056290997,168.0789235156561,25.760536690014316,172.00275074126228,26.53464026979435,0.736056137084961,6.880220349683128,0.7059635480244955,3.9400241653977446,0.7084054946899414,162.0873508738001,0.6995924949645996,164.6164305477329,0.7233181635538737
0.6757759571075439,0.7684785842895507,0.5328752994537354,0.7164798736572265,0.5591901302337646,0.6914291381835938,0.47112455368041994,0.6161668777465821,0.462218189239502,0.6750786463419597,0.34346823692321776,0.7482172648111979,0.46365652084350584,0.6978970845540364,0.655149269104004,0.7599330902099609,0.54603271484375,0.7039545059204102,175.2691742620411,168.47187417492404,82.18760638698767,146.35675494494,27.1585685011612,0.7319437980651855,19.00990239720045,0.689516576131185,49.52625958726384,0.6600606918334961,86.39320432666628,0.686487865447998,134.0306847669641,0.68219207127889
0.6593420028686523,0.7681969960530599,0.5436370849609375,0.7159399668375651,0.5599318504333496,0.6937324523925781,0.47143235206604006,0.6158128102620443,0.4601443290710449,0.6827400207519532,0.34323687553405763,0.7521996180216471,0.45720434188842773,0.6999376932779948,0.6512742996215821,0.7580691655476888,0.5517844676971435,0.7048362096150715,172.04569481547384,170.41353230501846,96.7362574647281,146.02216174060558,28.149420964941413,0.7314526875813802,13.556346082850439,0.6937881151835124,47.93073400282148,0.660324509938558,99.70108499112709,0.691338857014974,133.22671859358644,0.6840062141418457
0.7086024761199952,0.7696578343709309,0.5329281330108643,0.7101364135742188,0.5491977214813233,0.6913168589274089,0.4436609745025635,0.7029561996459961,0.4522148609161377,0.6865821838378906,0.3510280132293701,0.7525791803995768,0.4540873527526855,0.6980478922526042,0.6573282480239868,0.7611111640930175,0.5410629272460938,0.7007266362508138,169.07661000747794,163.46302848032363,78.96068850561862,167.08437391798904,27.44593648930305,0.7309189001719156,9.045478385467902,0.6936544100443522,178.6887093658656,0.7018414179484049,80.7247725613268,0.6923150380452474,151.82228455122905,0.7277676900227865
0.7161263465881348,0.7696755091349284,0.5281031131744385,0.7123486200968424,0.5400943279266357,0.6953453063964844,0.46897592544555666,0.6092121760050456,0.4435711860656738,0.7017184575398763,0.34326674938201907,0.7531794865926107,0.4217411518096924,0.7274387995402019,0.6602134943008423,0.7610830307006836,0.5340987205505371,0.7038469632466634,166.02280725501942,162.98851090502768,142.18098496780664,145.62114345017744,24.41049965947849,0.7324649969736735,1.3469043273711918,0.7027827103932698,55.46625046212998,0.6565295696258545,130.32279470000526,0.7145786285400391,131.12676637646948,0.6811958312988282
0.7148863792419433,0.7684927622477213,0.5321462631225586,0.7123389561971029,0.5399098873138428,0.6952765782674154,0.47242350578308107,0.6118576685587566,0.4439695358276367,0.7016686121622722,0.34322338104248046,0.7553417205810546,0.42138161659240725,0.7277275085449219,0.6574712991714478,0.7598334630330403,0.5360280752182007,0.7038077672322591,166.09173127202797,163.3207596438542,142.70391256184257,146.96596399337187,24.76540739035886,0.7318206151326497,1.331136746988733,0.7027381896972656,55.327258146238435,0.6578327178955079,130.91883073731393,0.7146980603535971,132.00143429062246,0.6835996945699057
0.7014835834503174,0.7693715413411458,0.541542911529541,0.7170427322387696,0.5483071804046631,0.6936594009399414,0.43978371620178225,0.726785405476888,0.4530038356781006,0.6960554122924805,0.34160916805267333,0.7561592102050781,0.43734421730041506,0.7224897384643555,0.6625896930694579,0.757499885559082,0.544925045967102,0.7053510665893554,169.4348792956457,160.62852413472262,129.69408773297224,177.37354741722197,23.90285900954248,0.7314254760742187,5.774480776453004,0.700703239440918,168.4774517738533,0.7160682360331216,120.64237778455104,0.7092725753784179,163.34282772287165,0.7414723078409831
0.6991433143615723,0.7592578252156575,0.5320697784423828,0.7179086685180665,0.5456490039825439,0.6921948750813802,0.43867859840393064,0.7260026931762695,0.4609724998474121,0.6792168299357096,0.34792499542236327,0.7539337158203125,0.45862112045288084,0.6977982838948568,0.6682893514633179,0.7529505729675293,0.5388593912124633,0.7050517717997233,178.77229120557143,161.49410860513836,92.04666610945503,177.25343576243102,20.308256714444013,0.7290011723836263,18.350590016354744,0.6921343008677165,168.18790966537435,0.7155272324879964,97.21212735033957,0.6885075569152832,162.89332793647546,0.739968204498291
0.6792365550994873,0.7606843312581381,0.5467609405517578,0.7202030181884765,0.5550027847290039,0.6945491790771484,0.452325439453125,0.7020729700724284,0.45944876670837403,0.6863747278849284,0.35480332374572754,0.7538115183512369,0.45655517578125,0.6951658884684245,0.6651379585266113,0.7604653358459472,0.5508818626403809,0.7073760986328125,173.1265996062614,167.73656648032565,100.84315073688039,165.3760035233968,24.92199578765792,0.7339207172393798,12.935955341797325,0.6968754132588704,3.0800037182402775,0.7047245343526205,108.21884503798552,0.6907703081766765,152.05264382680488,0.7279422442118326
0.6441722869873047,0.760308583577474,0.5496556282043457,0.7197682698567708,0.562666368484497,0.6942866643269857,0.45131983757019045,0.7026698430379231,0.459076976776123,0.6870762507120768,0.3550593614578247,0.7542937596638998,0.45649065971374514,0.6960859298706055,0.6484047651290894,0.7623778025309245,0.5561609983444213,0.7070274670918782,169.9236159191784,165.52560275482125,99.75195768383617,165.02215859994894,30.965617783686127,0.7347026348114014,11.612870819718353,0.6970518589019775,2.3800751326622844,0.7048486550649007,106.01664668973825,0.6915810902913411,151.79560729848498,0.7284818013509115
0.6399471282958984,0.7574429194132487,0.55309157371521,0.7224697748819987,0.5575488567352295,0.6908197402954102,0.447098970413208,0.7058801015218099,0.46035065650939944,0.6840243657430013,0.3406876564025879,0.7541062037150065,0.4608116626739502,0.6962815602620442,0.652663254737854,0.7514305750528971,0.5553202152252197,0.7066447575887045,174.08166873973303,167.9106796623308,81.58837549757986,168.08884044391485,24.706325884776504,0.7290376663208008,13.397403261374336,0.6953345616658528,0.4048265793912549,0.7062624295552572,87.84605986293172,0.6901529630025227,155.61974533966915,0.7299931526184082
0.6412666797637939,0.757610575358073,0.5528787612915039,0.722942606608073,0.5575860023498536,0.6907047271728516,0.45760416984558105,0.7089867909749349,0.4615588665008545,0.6837202707926432,0.3406591176986694,0.7539842605590821,0.46341848373413086,0.695849609375,0.6562909841537476,0.753879451751709,0.5552323818206788,0.7068236668904623,174.04141091678207,165.9987096146431,74.46759026702381,171.3503726286779,24.968037935000297,0.7303515593210856,13.854773018687894,0.6952719688415527,178.73071929921846,0.7079052289326986,81.28353384708886,0.6897849400838216,158.95454945328356,0.7314855257670085
0.6258559703826905,0.7574155171712239,0.5537895679473877,0.7226914087931315,0.5585930347442627,0.6912660598754883,0.4477374076843262,0.7054440180460612,0.4609771728515625,0.6868381500244141,0.3399238586425781,0.7540999094645182,0.46360464096069337,0.6952875137329102,0.6510533332824706,0.7510182698567709,0.5561913013458252,0.7069787343343099,173.28617981050883,168.17644544833274,65.52922638529462,168.0022200818935,24.903004486705242,0.7289985020955404,11.94367841613311,0.696908442179362,0.8107306651751855,0.7062113761901856,72.7260622290003,0.6910628318786621,155.71050382706417,0.7297719637552897
0.6254803657531738,0.7575497309366862,0.5552152633666992,0.7227325439453125,0.559929084777832,0.6914537429809571,0.45394530296325686,0.7050222396850586,0.46111083030700684,0.6836433410644531,0.3360342502593994,0.7524932861328125,0.46167569160461425,0.6951620737711589,0.6470382452011108,0.754204781850179,0.5575721740722657,0.7070931434631348,172.88129707147283,166.8549553922427,80.10047464462436,169.65163103733187,27.770691847036062,0.7306489626566569,13.663586006918536,0.6953682422637939,1.1448599496147267,0.7060576915740967,87.19255028141207,0.689402707417806,158.07026050745463,0.7287577629089356
0.6258998394012452,0.7572724024454752,0.5546475410461426,0.7228455861409505,0.5591647148132324,0.691415532430013,0.4533668518066406,0.7049456278483073,0.4581735134124756,0.683841323852539,0.335280179977417,0.752478281656901,0.46057915687561035,0.6956778844197591,0.6497708559036255,0.7535032590230306,0.5569061279296874,0.7071305592854817,173.2919144681931,167.3219444582175,71.7314880809735,169.6379469790631,26.53559423930588,0.7303169091542562,13.272425794044551,0.6954859415690104,1.208901365815393,0.7060380935668945,78.51176967930571,0.6897596041361491,158.07405883176992,0.7287119547526042
0.5785343647003174,0.7785242080688477,0.556780195236206,0.7194792429606119,0.561421537399292,0.6933635711669922,0.453184175491333,0.7059368133544922,0.44889211654663086,0.7008408864339193,0.33387093544006347,0.7511210759480794,0.463358736038208,0.6962288538614909,0.6344819784164428,0.7547315915425619,0.559100866317749,0.7064214070638021,166.70675822289587,165.19841622921246,23.759277412266055,170.48337790635284,32.65496424490294,0.730576499303182,2.898748320588453,0.7036311467488607,0.2621398041595171,0.7061791102091471,162.3174514500175,0.6985348701477051,159.25818094996387,0.7285289446512858
0.6612640380859375,0.7598073959350586,0.5531076431274414,0.7204773585001628,0.5593839645385742,0.6886525472005208,0.43001723289489746,0.7314037958780925,0.46471080780029295,0.6899583180745442,0.3301787614822388,0.7526205062866211,0.44228229522705076,0.7173524856567383,0.6570729494094849,0.7567816734313965,0.5562458038330078,0.7045649528503418,169.91013201268999,161.61902309813377,135.71054612242668,179.99661412994573,27.37889604572564,0.7306733131408691,9.066494482745156,0.697261635462443,167.99646844738132,0.7179843743642171,129.3083231859812,0.7036554018656412,168.0025322570625,0.7420121510823567
0.6167372703552246,0.7585884730021158,0.5550053119659424,0.7196538925170899,0.5528630256652832,0.6933938980102539,0.4585662841796875,0.7055730819702148,0.44841699600219725,0.7011992136637369,0.33466176986694335,0.7503079732259115,0.462324857711792,0.6970045089721679,0.6400855302810669,0.7551019350687662,0.5539341688156127,0.7065238952636719,167.18133452153887,165.30916406249906,22.716141701836072,171.44046717069645,29.417282265033947,0.730812915166219,2.8888493480463353,0.7038615544637044,0.5712172825508901,0.7060484886169434,163.2163355006704,0.6991018613179525,160.14822421714126,0.7279405275980632
0.5752767562866211,0.7787817001342774,0.5583435535430908,0.7237623850504558,0.5621456623077392,0.6932682037353516,0.4590804100036621,0.705569839477539,0.4486373424530029,0.7013439178466797,0.3344862937927246,0.7498214721679688,0.4420629501342773,0.7207118352254231,0.6330360412597655,0.751111888885498,0.5602446079254151,0.7085152943929036,168.57263636256985,166.99680979715345,114.6418150570858,170.81519004394258,30.335612446769403,0.7298135916392008,3.6765125960749003,0.7049296061197916,1.6677290540799277,0.7070425669352214,108.74965589887516,0.7110278765360514,160.4466756517384,0.7276956558227539
0.5759294033050537,0.7791316350301106,0.5575579643249512,0.7234075546264649,0.5630139350891114,0.6933951695760091,0.45348567962646485,0.7063352584838867,0.45673885345458987,0.6958559672037761,0.3350093126296997,0.7501138687133789,0.44220919609069825,0.7205560048421223,0.6331858158111572,0.7534208615620932,0.5602859497070313,0.708401362101237,168.83943825896844,166.42553385409877,126.34317032232246,170.21020276787266,31.697510561555163,0.7309111118316651,6.908081545194847,0.7021286646525066,1.1082767190858647,0.7073683102925619,120.46593001577037,0.7082059860229493,159.72005096406835,0.7282245635986329
0.6111943244934082,0.7589950561523438,0.5536159992218017,0.7190785725911458,0.5603537559509277,0.6930852890014648,0.45251126289367677,0.706318728129069,0.454966402053833,0.6990706761678059,0.33386716842651365,0.7505816141764323,0.46326379776000975,0.6951480865478515,0.6409770011901856,0.7504022598266602,0.5569848775863647,0.7060819307963053,168.50408644385297,166.70492312808437,31.95667436491366,170.8201685225602,27.819375786542224,0.7282420953114828,3.9314901208262256,0.7025763034820556,179.87013501376796,0.7062003294626872,154.69758075924736,0.6971093813578287,159.54082236816214,0.7284501711527507
0.6108821392059326,0.758953603108724,0.5538497924804687,0.7191547393798828,0.5604190349578857,0.6930792490641277,0.4523667335510254,0.7064083735148112,0.4546994686126709,0.6991058349609375,0.33421781063079836,0.7508790334065755,0.4627816200256348,0.6951285680135091,0.6407648086547852,0.7503697395324707,0.5571344137191772,0.7061169942220052,168.51179006187112,166.706103875416,32.84483093519172,170.72800964636377,27.885406211054516,0.7282433668772379,3.9155025961728143,0.7026114145914714,179.8406497056756,0.7062626838684083,153.7979715375132,0.6971172014872233,159.37391509335333,0.7286437034606934
0.6655788898468018,0.7542848587036133,0.5421407699584961,0.7210370381673177,0.5482130527496338,0.6851658503214518,0.4283252239227295,0.7286682764689127,0.4610450744628906,0.6813179651896158,0.3309701204299927,0.7518530527750651,0.46426239013671877,0.6958677291870117,0.6723638534545898,0.7442333221435546,0.545176911354065,0.7031014442443848,177.9365782788794,164.00888412791053,72.42248614412043,179.4263461220198,17.9210526919139,0.7236673831939697,14.51628045762672,0.6922097047170004,167.65832711208546,0.7158848603566488,77.53111732670685,0.6885928471883138,166.60472322897223,0.7402606646219889
0.6655427932739257,0.7542836507161458,0.5422237873077392,0.7210309346516927,0.5482897281646728,0.6851981480916342,0.4249577045440674,0.7297573089599609,0.4610257148742676,0.6813910166422527,0.33094100952148436,0.7518465677897136,0.4642085075378418,0.6958808263142904,0.6723539352416992,0.7442306518554688,0.545256757736206,0.7031145413716634,177.90153038696045,164.16406743845695,72.51106440437266,179.58848476470845,17.926465083582315,0.7236725966135661,14.461672294420111,0.692252779006958,167.51220791872908,0.7164359251658121,77.61131087914964,0.6886359214782716,166.77814271434454,0.7408019383748372
0.6752670288085938,0.7540548960367839,0.542192029953003,0.7210390090942382,0.5481729984283448,0.6853466669718424,0.4247851848602295,0.7297053019205729,0.4609866142272949,0.6815116246541341,0.3293827295303345,0.7519603093465169,0.4640994071960449,0.6959710439046224,0.6728882789611816,0.7465773264567057,0.5451825141906739,0.7031928380330403,177.3710316153715,163.69085311017378,72.76119517173252,179.60322581393726,18.763766600955137,0.724885082244873,14.440455976020075,0.6923522313435873,167.58121063637788,0.7164490699768067,77.85090337647632,0.6887413342793782,166.8691476110369,0.7408328056335449
0.6756937503814697,0.7541971842447917,0.5422035217285156,0.7209993362426758,0.5481762886047363,0.6852917989095052,0.4247735023498535,0.7297060648600261,0.4610608577728271,0.6814694086710612,0.3305014371871948,0.7516849517822266,0.4642001152038574,0.6958074569702148,0.6730250597000123,0.7466431617736816,0.545189905166626,0.7031455675760905,177.35685351923837,163.658332977677,72.47302976703867,179.6162434366409,18.79154792077196,0.724894364674886,14.448222653226964,0.6923074881235758,167.56132027885403,0.7164258162180583,77.65019942040794,0.6886384328206381,166.87631179849896,0.7406955083211264
0.6754629611968994,0.754191525777181,0.5421556949615478,0.7211158752441407,0.5480673789978028,0.6851834615071615,0.4248483180999756,0.7296831766764323,0.46087942123413084,0.6815401077270508,0.330401873588562,0.7516863505045573,0.46392335891723635,0.6954952875773112,0.6730539321899414,0.7465826352437337,0.5451115369796753,0.7031496683756511,177.3457594218007,163.66317210260544,72.30933518858828,179.62375916578526,18.75095405685758,0.7248661518096924,14.388786724119058,0.692344888051351,167.55823136508087,0.7164164225260417,77.69523251897901,0.688517697652181,166.88573012942916,0.7406847635904948
0.6766223430633544,0.7541824340820312,0.5420075416564941,0.7210185368855794,0.5479340076446533,0.6850415547688802,0.42495250701904297,0.7296279907226563,0.4741410255432129,0.6154044469197592,0.3294943332672119,0.7517314910888672,0.4460174083709717,0.7159460067749024,0.6716031789779663,0.7481882413228353,0.5449707746505736,0.7030300458272298,162.86832400211117,163.20095885735634,113.06397063690748,179.69868664721898,19.626667949297,0.7256091435750326,51.05060888816428,0.6592172463734944,167.50430666702974,0.7163290182749431,105.62743866594464,0.6656752268473307,166.96282628832964,0.7406797409057617
0.6671535015106201,0.7590503056844076,0.5429567813873291,0.7211265563964844,0.5485101222991944,0.6852579116821289,0.42531566619873046,0.7295492808024089,0.4736039638519287,0.6148663838704427,0.3294930934906006,0.75130615234375,0.4626678466796875,0.6961912155151367,0.6721680879592895,0.7481412569681803,0.5457334518432617,0.7031922340393066,163.10532707966556,163.3466376342953,92.84120230360969,179.75175047561058,19.57090734204411,0.7256667455037435,50.7639130660323,0.6590293089548747,167.6538037708914,0.7163707574208578,97.65887645430503,0.6555287996927897,167.2076664053496,0.7404277165730795
0.6653444766998291,0.7589648564656576,0.5440813064575195,0.7210864384969076,0.5485302448272705,0.6863321940104167,0.44155049324035645,0.7117822647094727,0.4608760833740234,0.6819529851277669,0.3305192947387695,0.7514493306477864,0.4627469539642334,0.6966427485148112,0.6699246406555175,0.7466007868448894,0.546305775642395,0.7037093162536621,177.10365927632876,166.92451170772662,77.90795228476823,172.8152154051709,19.135005456962006,0.7251550515492757,14.287766627015117,0.6928311506907145,175.59322042357715,0.7077457904815674,82.74195262664745,0.689297866821289,160.34019618401692,0.7316157976786295
0.6651040077209472,0.7587779998779297,0.5442021369934082,0.7209992090861003,0.548479700088501,0.6863746643066406,0.4473381519317627,0.7107378641764323,0.46090054512023926,0.6818534215291341,0.3332193851470947,0.7528126398722331,0.46268930435180666,0.6966094334920248,0.669928789138794,0.746624755859375,0.5463409185409547,0.7036869366963705,177.11807190059744,166.76767353770794,78.25209190513036,172.74170285788912,19.158630517458022,0.7251558462778728,14.33465049598857,0.6927701791127523,175.9263015332663,0.7072124004364013,83.08819229819294,0.6892314275105794,159.76142904988637,0.7317752520243327
0.6644141674041748,0.7589227040608724,0.5443332195281982,0.7209377288818359,0.5484156608581543,0.6864235560099284,0.447391414642334,0.7106379826863607,0.4618192195892334,0.6811179478963216,0.3332954406738281,0.7528426488240559,0.4626877784729004,0.6966985702514649,0.6698395013809204,0.7465176900227866,0.5463744401931763,0.7036806424458821,177.4879878837193,166.81680038969137,82.04008041307914,172.6923621601675,19.13456706264489,0.7250991662343343,14.940675730977034,0.6923992951711019,175.97939437406592,0.7071593125661214,86.8092863713441,0.6889082590738933,159.70031636406426,0.7317403157552083
0.6645010948181153,0.7588605880737305,0.5442966938018798,0.7209389368693034,0.5484124183654785,0.6864431381225586,0.4474002838134766,0.7106320063273112,0.4618321418762207,0.6811389923095703,0.33327786922454833,0.7528149922688802,0.46267285346984866,0.6967025756835937,0.6698072671890258,0.7465750376383464,0.5463545560836791,0.7036910374959311,177.47412838551145,166.80750524842702,82.13417730757074,172.69667835139455,19.155789204419392,0.7251330375671388,14.939476336662466,0.6924150149027507,175.98766266860554,0.7071615219116212,86.90800920820433,0.6889207839965821,159.7142115314886,0.7317234992980957
0.6634142875671387,0.7588481903076172,0.5448748111724854,0.7205590565999349,0.5485595703125,0.6867710749308268,0.44398651123046873,0.706250254313151,0.4736651420593262,0.614605967203776,0.332901930809021,0.752718989054362,0.4596449375152588,0.6988250096638997,0.6722957372665406,0.7465305964152018,0.5467171907424927,0.7036650657653809,162.95177452937043,168.55280961218847,96.26992368134154,170.22084701298448,18.847050350837407,0.7250978310902914,50.63917467750346,0.6591355164845785,178.5584721212612,0.704957660039266,99.45153070801965,0.6567154884338379,157.29953988493182,0.7294846216837565
0.6455505847930908,0.7599385579427084,0.5541207313537597,0.7213283538818359,0.5589936256408692,0.6892688751220704,0.4529238224029541,0.709152094523112,0.4431881904602051,0.702116584777832,0.33925063610076905,0.7555414835611979,0.44144134521484374,0.7169822692871094,0.6545742988586426,0.7551410039265951,0.5565571784973145,0.7052986145019531,167.52613480778012,165.02322116647474,102.4973863280182,170.81835199341572,26.95365389967725,0.7302198092142741,1.6077502534412247,0.7037075996398925,177.87050735464393,0.7072253545125325,96.70200986514241,0.7095494270324707,157.79990451590726,0.7323467890421549
0.6549817562103272,0.7597542444864909,0.5539708614349366,0.7212591807047526,0.5588470935821533,0.6891917546590169,0.45296216011047363,0.709187380472819,0.443209171295166,0.702112325032552,0.33926806449890134,0.7555423736572265,0.44144511222839355,0.7169706344604492,0.6546197652816772,0.7551301956176757,0.556408977508545,0.7052254676818848,167.49693212375396,164.97230172331527,102.60409771425309,170.8650327987775,26.93689798182578,0.7301778316497802,1.5753117679855109,0.7036688963572184,177.8066991762776,0.7072064240773519,96.77077136538641,0.7095414797465006,157.81845225868312,0.7323648770650228
0.6570613384246826,0.7609251022338868,0.5525967597961425,0.7249806722005209,0.555680227279663,0.6893729527791341,0.44700183868408205,0.7057034174601237,0.4723752498626709,0.6119274775187175,0.337175178527832,0.7524129231770833,0.4475832462310791,0.7124689102172852,0.6627506256103515,0.7536838531494141,0.5541384935379028,0.7071768124898274,167.31513756240415,168.24992566532808,106.69521316535321,168.7371034953479,23.1803084822605,0.7304303328196208,49.35678791517506,0.6595521450042725,0.7879095663315354,0.7064401149749755,103.85193765259247,0.6621981938680013,156.9598501995787,0.7290581703186034
0.6554917335510254,0.7603172302246094,0.554069709777832,0.7211432139078776,0.5589921951293946,0.6892567316691081,0.4527295589447021,0.7091853459676106,0.44303150177001954,0.7024212519327799,0.3386357069015503,0.7559364318847657,0.44155378341674806,0.717126210530599,0.6548195838928224,0.7554021835327149,0.5565309524536133,0.7051999727884928,167.35757132991432,164.91956135234287,101.66039631751588,170.8257930816387,27.05627059741147,0.7303010781606039,1.4024489022221474,0.7038106123606364,177.80125341280882,0.7071926593780518,95.73845457104271,0.7097737312316894,157.71814861453126,0.7325608889261881
0.6555706977844238,0.760295550028483,0.5541112899780274,0.7210920969645183,0.5590197086334229,0.6892335891723633,0.4527421474456787,0.7092541376749675,0.4430559158325195,0.7024241129557292,0.3396993398666382,0.7563639958699544,0.44162487983703613,0.7171106974283854,0.6548598527908325,0.7553968111673991,0.5565654993057252,0.7051628430684408,167.34037797907934,164.88334671939683,101.49970782063238,170.66040927005017,27.06959921624744,0.7302798271179199,1.3821497070448174,0.7037934780120849,177.74335267215537,0.7072084903717042,95.56523586046646,0.7097674051920573,157.37638288668262,0.7328090667724609
0.6429850101470947,0.759963862101237,0.5623432636260987,0.7210350036621094,0.5593342304229736,0.689790153503418,0.45293049812316893,0.7090386072794597,0.44317145347595216,0.7023541768391927,0.3385605812072754,0.7562911351521809,0.44231162071228025,0.7171629587809245,0.6507793903350829,0.7542952219645183,0.5608387470245362,0.7054125785827636,167.44250452811832,165.1910590777725,98.9846085149848,170.44444480007022,28.524032809612578,0.7298539002736409,1.4888934824583373,0.7038833777109781,178.07542055833386,0.7072255929311116,93.32299707406743,0.7097585678100586,157.55177773464007,0.7326648712158204
0.6457427024841309,0.7603645324707031,0.5550536155700684,0.720844841003418,0.5588077068328857,0.6899478912353516,0.4529573917388916,0.7089471181233724,0.4431572437286377,0.7024676005045573,0.33763761520385743,0.7556931813557942,0.4420464515686035,0.7172743479410807,0.6461418390274047,0.763978099822998,0.556930661201477,0.7053963661193847,164.6161846106452,162.14381448908605,100.19314273184996,170.85219198464344,33.29144908269768,0.7346872329711913,1.4745874875562777,0.703931983311971,178.04407353212937,0.7071717421213786,94.29025422817574,0.709870974222819,157.93431831417223,0.7323201497395833
0.6337014198303222,0.7603496551513672,0.563172721862793,0.7210472106933594,0.5594709873199463,0.6902456283569336,0.4481052875518799,0.7100220362345377,0.4432244300842285,0.7025415420532226,0.3367758750915527,0.7554284413655599,0.4426140785217285,0.7171911239624024,0.6468938827514649,0.7616669654846191,0.5613218545913696,0.7056464195251465,165.31794569290886,163.22333449462116,97.94048398283189,170.31193280080058,33.21114680107837,0.7336566925048829,1.5060057833064775,0.7040939807891846,177.7867227015357,0.7078342278798422,92.38575785844974,0.7098663330078125,157.81159798277395,0.7327252388000488
0.6439601898193359,0.7652277628580729,0.5628849506378174,0.7213733673095704,0.5597277641296386,0.6897403717041015,0.4480921745300293,0.7100296020507812,0.4431628704071045,0.7028711318969727,0.3368960380554199,0.7555434544881184,0.44280271530151366,0.7172552744547526,0.6476132869720459,0.7615056355794271,0.561306357383728,0.7055568695068359,165.29986613365315,163.27088538039922,97.07213175813673,170.29757537564797,32.95346402901001,0.7335312525431315,1.302271791255066,0.7042140007019043,177.73760240278767,0.7077932357788086,91.43429174360593,0.7100632031758627,157.74015240088121,0.7327865282694499
0.6317438125610352,0.761459223429362,0.5637020111083985,0.7215453465779622,0.5599312305450439,0.6900638580322266,0.44814400672912597,0.710078239440918,0.44321913719177247,0.703105099995931,0.3374649524688721,0.7550221761067708,0.44273080825805666,0.7174144744873047,0.6499021053314209,0.7541870117187499,0.5618166208267212,0.7058046023050943,167.42142512221258,165.51482941544077,97.52280922788991,170.2725466545997,28.778519576125802,0.7299958070119221,1.3039347966001742,0.7044548511505127,177.84692114747736,0.7079414208730062,91.9545461491187,0.7102597872416179,157.8991853488783,0.7325502077738444
0.6312919616699219,0.7611713409423828,0.5634819984436035,0.7216833114624024,0.5598378658294678,0.689807637532552,0.4532207489013672,0.7092873891194661,0.4433439254760742,0.7030155181884765,0.33799545764923095,0.755137316385905,0.44286446571350097,0.7173403422037761,0.6499381542205811,0.7540147463480631,0.5616599321365356,0.7057454744974772,167.4551457365654,165.31974302355655,97.4916238730077,170.7543994917784,28.66920894728605,0.7298801104227701,1.3217757298196489,0.7043804963429768,178.12923122811068,0.7075164318084717,91.9170057035553,0.7101779301961263,158.3016248981845,0.7322123527526856
0.6310374736785889,0.7613258361816406,0.5636017322540283,0.7216712951660156,0.5598692417144775,0.6898643493652343,0.4533071041107178,0.7093052546183268,0.44336776733398436,0.7030864715576172,0.3379998683929443,0.7551901499430339,0.4429313182830811,0.7173788706461589,0.6500164031982423,0.754010264078776,0.5617354869842529,0.705767822265625,167.45427962475432,165.32760178645796,97.3310480654297,170.75699436086026,28.655065720766345,0.7298890431722005,1.297683264498687,0.704427146911621,178.13141101800153,0.7075365384419758,91.7491059216221,0.710232671101888,158.30061205984202,0.7322477022806804
0.6108025550842285,0.7589052836100261,0.572141695022583,0.7206093470255533,0.5673142910003662,0.6940710703531902,0.45199007987976075,0.7074065526326497,0.44503421783447267,0.7071818669637044,0.3492255449295044,0.7549481709798177,0.4439448356628418,0.7212432861328125,0.6463720083236695,0.7508195241292318,0.5697279930114747,0.7073402086893718,167.84370112859003,167.37797210942853,100.73745419196742,167.35700575264948,29.56577015506764,0.7290798664093018,0.07275670106463394,0.707261037826538,179.96771449873154,0.7073733806610107,94.43003443356939,0.7142125765482585,155.17347846944546,0.7311773618062337
0.6105053424835205,0.7588018417358399,0.5723242282867431,0.7206069310506185,0.5674775600433349,0.6940893809000651,0.45201525688171384,0.7073877334594727,0.44501070976257323,0.7071513493855794,0.3492988348007202,0.7549683252970377,0.44393081665039064,0.7213492711385091,0.6463355302810669,0.7508372306823731,0.569900894165039,0.7073481559753418,167.84736126859664,167.37689737706742,100.69172560002252,167.32657026573574,29.63861158038901,0.7290926933288575,0.09028874201604253,0.7072497526804606,179.98076421545912,0.7073679447174073,94.34953906806302,0.7142503102620443,155.14535078816488,0.7311780293782553
0.6105422496795654,0.7588232676188151,0.5723377704620362,0.7206111907958984,0.5674888610839843,0.6941128412882487,0.4520260810852051,0.7074075063069661,0.4450253486633301,0.7072038650512695,0.3493145227432251,0.7550023396809896,0.4438946723937988,0.7213588078816732,0.6463201761245727,0.7508694966634115,0.5699133157730103,0.7073620160420735,167.83336406743615,167.3688713609513,100.90482727367204,167.32417156274622,29.657987169082276,0.7291157563527425,0.0725560649669319,0.7072829405466715,179.97789073545738,0.7073847611745199,94.56700671517173,0.7142813364664713,155.13777562105685,0.7312049229939779
0.6216951370239258,0.7587512969970703,0.5716460704803467,0.720402717590332,0.5670387744903564,0.694301986694336,0.45223093032836914,0.7075598398844402,0.44532203674316406,0.7074519475301106,0.34885601997375487,0.7548517227172852,0.4444432735443115,0.7214350382486979,0.6470568895339965,0.7508288065592448,0.5693424224853516,0.7073523521423339,167.81905868696032,167.37688084438676,100.02907754764799,167.57430848882137,29.22432344802715,0.7290905793507894,179.95398825670685,0.7074021498362223,179.89848853203375,0.7074560960133871,93.59600719453067,0.7144434928894043,155.41688550568537,0.7312057813008627
0.621472692489624,0.7586371739705403,0.5717504978179931,0.7205099741617839,0.5670841693878174,0.6943569183349609,0.45233793258666993,0.7075714747111003,0.44535064697265625,0.7074490865071614,0.3487539768218994,0.7548169453938802,0.4444909572601318,0.7214253743489584,0.6468912601470947,0.7507367451985677,0.5694173336029053,0.7074334462483725,167.87073751700177,167.42295473275328,99.91043658911713,167.6010980653319,29.202583679616055,0.72908509572347,179.99277710367954,0.7074412663777669,179.93245229618176,0.7075024604797364,93.51986248295738,0.71443723042806,155.48189175804433,0.7311942100524902
0.6219738006591797,0.7635033925374349,0.571934175491333,0.7206028620402019,0.5670534133911133,0.6945809682210287,0.4522153377532959,0.7077006022135417,0.44535441398620607,0.7078345616658529,0.34503989219665526,0.7556476593017578,0.44466352462768555,0.7215591430664062,0.6467912673950196,0.7504504521687826,0.5694937944412231,0.7075919151306153,167.94267427235218,167.55545274228533,99.26606835908778,167.9823230653738,29.006717648415048,0.7290211836496989,179.88800810326006,0.7077132383982341,179.94690150661634,0.7076462586720784,92.88181160805021,0.7146968523661296,155.8976999139713,0.7316741307576498
0.6193509101867676,0.7570494333902995,0.5721670150756836,0.7186744054158528,0.5667269706726075,0.6925640741984049,0.45051889419555663,0.7102261225382487,0.45699543952941896,0.6960390090942383,0.3432490110397339,0.7540112813313802,0.44599738121032717,0.7191057205200195,0.6475761413574219,0.7508749961853027,0.5694469928741455,0.7056192398071288,168.81734459681218,166.12619664823245,121.72616159322568,169.87145416364686,30.081264174081127,0.7282471179962158,4.869515118808863,0.7008291244506836,177.7816593844053,0.7079226811726888,115.49150322887951,0.7075723648071289,157.79581957935972,0.7321187019348144
0.6200836181640625,0.7565466562906901,0.5717304229736329,0.7184913635253907,0.5659711837768555,0.692491086324056,0.45059990882873535,0.710064951578776,0.4628913879394531,0.6927453994750976,0.34317879676818847,0.7539641062418619,0.44567241668701174,0.7190173467000326,0.6518782854080201,0.7485236167907715,0.5688508033752442,0.7054912249247234,170.41552305376868,166.96777161473196,129.50784546054925,169.89449795486848,27.397298198701662,0.7270074208577475,6.8591353615559,0.6991183121999105,177.78500895147312,0.7077780882517497,123.24134776315647,0.705881373087565,157.77192680893245,0.732014528910319
0.6201446056365967,0.7560166041056315,0.5736149311065674,0.7230854670206706,0.5661278247833252,0.6926682790120443,0.45056586265563964,0.7102832158406576,0.4630446910858154,0.6926651000976562,0.34328622817993165,0.7539796829223633,0.4456210136413574,0.7188663482666016,0.651974654197693,0.7487548192342122,0.5698713779449462,0.7078768730163574,171.56909508328462,168.03057533078137,128.6781175242274,169.33911765436721,26.468000411779798,0.7283158461252848,8.104249638990723,0.7002709865570068,178.8445245306238,0.7090800444285075,123.62367478685731,0.7057657241821289,157.83825804819864,0.7321314493815104
0.5721692562103271,0.7704266866048177,0.5748229026794434,0.7258278528849283,0.567074966430664,0.6940656026204427,0.4501558780670166,0.7136225382486979,0.46426639556884763,0.6945475260416667,0.34363632202148436,0.7549722035725911,0.464491081237793,0.6993444442749024,0.6470115423202514,0.7450318654378255,0.5709489345550537,0.7099467277526855,172.7705826930065,169.1915692739808,81.63083816441096,169.98833062475728,24.76229638017935,0.7274892965952555,8.213686071147123,0.7022471268971762,178.25699042282383,0.7117846330006917,87.31824941048062,0.6969459851582845,158.7843610186882,0.7342973709106445
0.5723700046539306,0.7704917907714843,0.5747624397277832,0.7258335749308268,0.5670262813568115,0.694077746073405,0.45015130043029783,0.7136284510294596,0.4642659664154053,0.6945487976074218,0.3436318635940552,0.754969596862793,0.4644721031188965,0.6993485768636067,0.6471046924591064,0.7450622876485189,0.5708943605422974,0.7099556605021159,172.7777686377029,169.1897502381754,81.84896240252213,169.99190030433138,24.73337019338007,0.7275089740753173,8.221832467962855,0.7022522290547688,178.25770086532216,0.7117920557657877,87.54082239336708,0.6969486872355143,158.7883219306752,0.7342990239461262
0.5795297622680664,0.7620230992635091,0.5750554084777832,0.7237761815388998,0.5666633129119873,0.6922454833984375,0.45055599212646485,0.7110239664713541,0.4572583198547363,0.6956708272298177,0.34199187755584715,0.7537359873453776,0.45248022079467776,0.7124293645222982,0.6479549646377564,0.748038895924886,0.5708593606948853,0.7080108324686687,170.84377700644444,167.94487182014925,108.05119754268667,169.8222946213948,27.438354501640788,0.7280248641967774,6.19949301690653,0.7018408298492431,178.56526232307363,0.7095173994700115,105.91361004363876,0.7040500958760579,158.5239992593325,0.7323799769083659
0.613970422744751,0.7523610432942708,0.5634942054748535,0.719809087117513,0.5609426975250245,0.6877234141031902,0.4444272518157959,0.7091325124104818,0.4441841125488281,0.7054965972900391,0.33873279094696046,0.7516845703125,0.442534875869751,0.7209203720092774,0.6439437150955201,0.7500908533732096,0.562218451499939,0.7037662506103516,166.57577717826317,165.79059389583415,104.25993729155263,170.17228378311896,29.546009539714447,0.7269285519917805,179.1601218629887,0.7046314239501954,177.39155635915097,0.7064493815104167,96.10334470167079,0.7132084846496582,158.0705323743446,0.7304085413614909
0.6227795600891113,0.7521415710449219,0.5634255886077881,0.7198373158772786,0.5608875274658203,0.6876700083414714,0.4445042133331299,0.7091169357299805,0.44423670768737794,0.7053998311360677,0.33773739337921144,0.7516207377115885,0.4425048828125,0.7207772572835286,0.6440478086471557,0.7500752131144206,0.5621565580368042,0.703753662109375,166.59683733604567,165.79052398860492,104.52313093328617,170.33290471707892,29.494546309154288,0.7269144376118978,179.20019902509975,0.7045767466227213,177.38993429692977,0.7064352989196777,96.42564663255808,0.7130885442097982,158.2925304732757,0.7303688367207846
0.6237578868865967,0.7520419438680013,0.5631064891815185,0.7197925567626953,0.5606912612915039,0.6876453399658203,0.44449610710144044,0.7091246287027995,0.4442270755767822,0.7053942998250325,0.33771727085113523,0.7516400655110677,0.44243555068969725,0.720757802327474,0.6443595170974732,0.7498802502950033,0.5618988752365113,0.7037189483642579,166.65220501940357,165.83815597240473,104.76842740851453,170.35532643356447,29.24001462445355,0.7267995993296306,179.18430683470328,0.7045566240946453,177.36374127379375,0.7064217885335287,96.65117351771505,0.7130760510762533,158.289357244031,0.7303823471069335
0.6120224475860596,0.7518468221028646,0.5641414642333984,0.719723637898763,0.5604740142822265,0.6879762649536133,0.4445793628692627,0.7085334777832031,0.4472040176391602,0.7023855845133463,0.33768160343170167,0.7519385655721028,0.4418130874633789,0.7210870742797851,0.6441096782684326,0.748070240020752,0.5623077392578124,0.7038499514261882,167.6666331864825,166.5139043129705,114.22136515553052,169.98437838134072,28.394658680864268,0.7259600957234701,0.7288862290598956,0.7031177679697673,177.72183333940737,0.7061917146046957,106.08026508458451,0.7117363293965657,157.90073210871594,0.7302360216776529
0.6128377437591552,0.7519638061523437,0.5639862060546875,0.7197705586751302,0.5605445861816406,0.6879372914632161,0.44473824501037595,0.7085338592529297,0.4471994400024414,0.7022972106933594,0.3379667282104492,0.7514993667602539,0.4416638374328613,0.7208947499593099,0.6414589166641236,0.7501149813334147,0.5622653961181641,0.7038539250691731,166.94643507175704,165.78467085569176,114.618332575568,170.07233964450435,30.291423562051847,0.7269844532012939,0.7751008686763896,0.7030755678812662,177.71968532357047,0.7061938921610513,106.575764253804,0.7115959803263346,158.07984591413285,0.7300166130065917
