0,1,2,3,4,5,6,7,8,9,10,11,12,13,14,15,16,17,18,19,20,21,22,23,24,25,26,27,28,29,30,31
0.3771340847015381,0.6480993906656901,0.4680579662322998,0.6310711542765299,0.4378339767456055,0.6502150217692058,0.44949679374694823,0.7065207799275716,0.43367900848388674,0.7157549540201823,0.49924607276916505,0.7879396438598633,0.475279426574707,0.7854777654012044,0.3926313161849976,0.6243967056274413,0.45294597148895266,0.6406430880228678,141.41862154985924,142.30285041948343,157.9433478129132,166.02349437823793,15.075415653628111,0.6325198968251546,104.38676986353181,0.6781990210215251,92.99711537280488,0.6735819339752197,59.17740163086705,0.7506163597106934,58.5738639894684,0.7472302118937174
0.39372868537902833,0.6548648198445638,0.46024518013000487,0.6489770889282227,0.4438131332397461,0.656438700358073,0.4265723705291748,0.7164042154947917,0.44714694023132323,0.7176801681518554,0.4981660842895508,0.7904897689819336,0.4969654560089111,0.7783503850301107,0.41790281534194945,0.6268059412638347,0.4520291566848755,0.6527078946431478,157.86406338004292,152.68870129206115,160.28903701718264,154.49331845839114,37.19856239818149,0.6397569179534912,94.29730501027915,0.6851940313975016,111.78454766088043,0.6845560550689698,50.60934077608704,0.7480152765909831,45.97994711696358,0.7534469922383626
0.3945517063140869,0.657728894551595,0.4582636833190918,0.6693705876668294,0.40503535270690916,0.6797856648763021,0.45691375732421874,0.7149747848510742,0.32753112316131594,0.7050803502400717,0.4932297706604004,0.7804532368977865,0.40254945755004884,0.747768783569336,0.416149628162384,0.6270274798075358,0.43164951801300044,0.6745781262715658,154.9555627486016,172.84598639183065,97.95920751899179,178.830251437365,71.94579704223753,0.6508028030395507,163.6716786953135,0.6898292382558187,57.97796682998048,0.6947764555613201,29.64160767543681,0.7264245669047038,60.98613617860151,0.7477140108744303
0.40265769958496095,0.6672866185506184,0.46327791213989256,0.6511481602986654,0.4087277889251709,0.6659318288167317,0.4842059135437012,0.7620939254760742,0.32446718215942383,0.7042757034301758,0.5429622650146484,0.7441029230753581,0.3215415239334106,0.8263370513916015,0.41100952625274656,0.6273679733276367,0.43600285053253174,0.6585399945576986,160.66971867045083,176.44623019397966,147.07352661818274,124.31727868629729,51.27781146968695,0.6429539839426677,157.70369494174815,0.6814078489939372,65.03860955397833,0.7103169600168864,91.3730454538652,0.7653063774108886,162.97558339591438,0.7530984242757162
0.4048851490020752,0.6735754648844401,0.45835418701171876,0.6641010920206706,0.40028905868530273,0.6675049463907877,0.45090408325195314,0.7116196950276693,0.32110066413879396,0.7043840408325195,0.4969345569610596,0.7879961013793946,0.3228261470794678,0.8274386723836263,0.4127894759178161,0.6272872924804688,0.4293216228485107,0.6658030192057292,159.5623900176145,179.09760811762322,145.81730526359792,177.88051544958253,66.76948671134974,0.646545155843099,160.37873160192882,0.6850935300191243,64.77669246748249,0.6887113571166992,89.19664615463202,0.7659113566080729,58.92350295853134,0.7498078982035319
0.4024343967437744,0.6699870427449545,0.4509299278259277,0.6564702987670898,0.4016132354736328,0.6664529800415039,0.4504825592041016,0.7124242146809896,0.3199955463409424,0.7038775126139323,0.4923885345458984,0.793812370300293,0.4037458896636963,0.7405001958211263,0.40589011907577516,0.6331549326578776,0.4262715816497803,0.6614616394042969,162.290612897467,176.05150362007592,97.71163509264284,179.3013163952926,54.24526797737089,0.6473082860310873,158.24254287884415,0.6826695760091146,64.58883815398298,0.6869429270426433,23.618988171857385,0.7221888542175292,62.756498629691215,0.7531182924906412
0.38955035209655764,0.6637578328450521,0.4508028507232666,0.6455021540323893,0.42472271919250487,0.665467898050944,0.45047197341918943,0.7115547180175781,0.4405266761779785,0.7123093922932943,0.4946354866027832,0.787030029296875,0.4466029167175293,0.7447992324829101,0.39480785131454466,0.6325531959533692,0.43776278495788573,0.6554850260416667,152.9618996850888,157.60294450076788,175.0595355119325,173.04740805265752,28.09588081218365,0.644019110997518,87.21537416541935,0.6838972091674804,77.2287007908476,0.6835198720296224,79.40693094708426,0.7285543123881022,59.66645250770331,0.7492923736572266
0.3970078468322754,0.6695641835530599,0.45806131362915037,0.6379581451416015,0.43332614898681643,0.6656305313110351,0.4487447738647461,0.7108974456787109,0.44023547172546384,0.7160806655883789,0.4910242557525635,0.7887579600016276,0.4550767421722412,0.7529673258463542,0.39809970855712895,0.6362782796223958,0.4456937313079834,0.6517943382263183,147.31280357275077,148.7898372886071,163.38129779490012,169.8102166106401,18.056411534047186,0.644036308924357,94.85308444518891,0.6839375019073486,87.04487913787418,0.6813458919525146,68.08271465993663,0.7345239957173666,61.49734489798801,0.7498277028401692
0.3983646631240845,0.6637903849283854,0.4570906639099121,0.6387104034423828,0.4331291675567627,0.6591255823771159,0.4497802257537842,0.7169009526570638,0.4411201000213623,0.7226959864298502,0.4418335437774658,0.749372927347819,0.42193126678466797,0.7398482004801432,0.4005445003509521,0.6285780588785808,0.44510991573333736,0.6489179929097494,153.58296295709133,154.79240024817068,146.0928851564389,168.1166602474351,24.532252335258317,0.6387480258941651,93.09546429700201,0.6858069896697998,86.07005513478231,0.6829094727834066,138.20760573199394,0.7312720934549968,103.7513989458685,0.7331369400024415
0.4031848907470703,0.660231081644694,0.4432227611541748,0.6463530858357748,0.44226646423339844,0.6503140131632487,0.4497375965118408,0.7121933619181315,0.44636077880859376,0.712582778930664,0.4287308692932129,0.7480386734008789,0.42000503540039064,0.7410870234171549,0.39706361293792725,0.6315207799275716,0.4427446126937866,0.6483335494995117,151.91588316097852,153.10734677576056,151.01777630656883,157.6286827320753,20.20600303484359,0.6399271647135416,86.77859654347849,0.6804581642150879,83.75071200521023,0.6802634557088216,132.75725130472628,0.7268349011739095,120.37193830369011,0.7301160176595052
0.40328426361083985,0.664050038655599,0.452718448638916,0.6481088002522787,0.42516307830810546,0.6664829254150391,0.45624804496765137,0.7235904693603515,0.43588986396789553,0.7243399302164714,0.49495763778686525,0.7844728469848633,0.4509568691253662,0.7598577499389648,0.40570244789123533,0.6317417780558268,0.43894076347351074,0.6572958628336589,159.33829993400292,165.80682919505674,163.695155121809,171.3231730296052,37.5535895082732,0.6445188204447428,92.6054975721402,0.6908178965250651,75.36857763580285,0.6904431660970052,67.01287012922616,0.7420988400777181,57.551412521831296,0.7540316581726074
0.40560221672058105,0.6670093536376953,0.4531435012817383,0.6708363215128581,0.4032741546630859,0.6764289855957031,0.4822679996490479,0.7584248860677083,0.3568126916885376,0.6821772257486979,0.5421756744384766,0.7193980534871419,0.40346570014953614,0.7414325078328451,0.4129878044128418,0.636724058787028,0.4282088279724121,0.6736326535542806,147.84712290570798,177.13191486572478,121.7366164690138,125.03898365020882,67.58885647668026,0.6551783561706543,173.17539453000012,0.6779049396514892,57.48050828283278,0.7160287698109944,51.78585065443427,0.7118048667907715,146.9177825840624,0.7389114697774251
0.39745519161224363,0.6645943959554036,0.4646263599395752,0.6453664779663086,0.4304788589477539,0.6621426264444987,0.4560422420501709,0.7189115524291992,0.44038782119750974,0.7119777043660481,0.4994527816772461,0.7828005472819011,0.4455901622772217,0.7606699625651042,0.41003272533416746,0.6322672843933106,0.44755260944366454,0.6537545522054037,152.13690950433528,159.4545043467583,172.85002854175784,167.71431750626655,29.799341758137828,0.6430109182993571,97.01539841039917,0.6828661282857259,82.5764660531964,0.6863330523173015,83.90158242820539,0.7363238334655762,55.805138994151164,0.7508560498555501
0.4049072742462158,0.6637454986572265,0.4572314739227295,0.6557708740234375,0.4156679630279541,0.6677796045939127,0.45859313011169434,0.7163126627604167,0.418439245223999,0.7144657770792643,0.5007299900054931,0.7851531982421875,0.42524404525756837,0.7498533884684245,0.4104269504547119,0.6322492599487305,0.4364497184753418,0.6617752393086751,155.5626437311958,172.28664517690356,161.86480975310965,176.0491044373831,48.60860978661209,0.6470122496287027,108.87125324759049,0.6881205081939696,67.9017492865519,0.6890439510345459,79.11526899976542,0.7321595827738444,58.52946105523262,0.7507329305013022
0.4043520450592041,0.6633179346720378,0.4564091205596924,0.6573600769042969,0.4163550853729248,0.6681435902913412,0.4660407543182373,0.7239617665608724,0.4263456344604492,0.7135912577311198,0.49967365264892577,0.7819615046183268,0.43076267242431643,0.7517877578735351,0.4125413417816162,0.6289620399475098,0.43638210296630864,0.6627518335978191,159.56833540794554,176.46585560948532,169.79223662991825,177.85641243464505,54.79469718020876,0.6458569367726644,101.16745276423218,0.6881715456644695,64.14796292973934,0.6933568000793457,83.4036234196194,0.7326895078023274,59.89140434434127,0.7529616355895996
0.38427512645721434,0.6625453313191731,0.46383004188537597,0.6460397720336915,0.43296260833740235,0.6613287607828776,0.4596813678741455,0.7242458979288737,0.44674172401428225,0.7167004267374675,0.5001564502716065,0.7820329030354818,0.4726840972900391,0.7725354512532552,0.40240656137466435,0.6307819048563639,0.44839632511138916,0.6536842664082845,151.20157440303646,157.5864630565059,166.62884767034095,166.95500810313308,26.47276475818209,0.6422330856323242,91.50405677143506,0.685192346572876,80.91353788744138,0.6889650821685791,65.0792198405424,0.7446179389953613,54.991893509072185,0.7531394004821778
0.3834420442581177,0.6571187337239583,0.4658193111419678,0.6383877436319987,0.43787398338317873,0.6604668299357096,0.4527284145355225,0.7117015838623046,0.4506703853607178,0.7161523818969726,0.5014448165893555,0.7812679290771485,0.47118191719055175,0.7669325510660807,0.375212574005127,0.6196806589762369,0.4518466472625733,0.6494272867838542,140.95842303609206,140.70137561109283,167.34901711321166,165.61314097397346,21.21444528667849,0.6345539728800456,91.00993280692023,0.6827898343404134,89.18877980654882,0.6805644353230794,68.00483865551152,0.7415424664815267,54.996947961598465,0.7464847564697266
0.3712198734283447,0.6556427637736003,0.46443662643432615,0.6312211354573568,0.4413565158843994,0.6530923207600912,0.45186572074890136,0.7128458658854167,0.452958345413208,0.7153074264526367,0.5006726741790771,0.7848237355550131,0.4824209690093994,0.7722616195678711,0.3724487066268921,0.6213501930236817,0.45289657115936277,0.6421567281087239,139.45592666614408,138.20698097870886,165.43276481779344,164.37406690134063,14.500869624348496,0.6317534605662027,89.95161490913057,0.6787320772806803,90.83547760537638,0.6775012969970703,62.64730028947226,0.7437845230102539,55.85948043931809,0.7488348007202148
0.37632102966308595,0.6560291926066081,0.46022496223449705,0.6329060236612956,0.44026980400085447,0.6530851364135742,0.45204176902771,0.7138063430786132,0.4524249076843262,0.7165299733479817,0.5009771823883057,0.7850364685058594,0.4819209575653076,0.7726142247517903,0.3727612018585205,0.6210840225219727,0.45024738311767576,0.642995580037435,141.8461927730264,140.92009032220113,165.9907309322488,165.16491122446863,15.789852386300659,0.6320398012797038,88.3038342574566,0.6797627766927083,88.54840229008634,0.6784009615580241,62.25904389609177,0.7445720990498861,55.51076142923168,0.7494214057922364
0.39665348529815675,0.658801015218099,0.46001467704772947,0.639378547668457,0.43115973472595215,0.660279655456543,0.4553397178649902,0.7198904037475586,0.4482132911682129,0.7133173624674479,0.5008417129516601,0.7850651423136393,0.47360620498657224,0.7719481786092123,0.40495251417160033,0.6264126141866049,0.4455872058868408,0.6498291015625,155.9046864695596,159.59869491995937,169.50492621672572,167.30288990134233,29.953486831847222,0.6381208578745524,87.63140652316379,0.6815732320149739,82.07536710781389,0.6848597526550293,66.5826398764038,0.7426327705383301,55.079032142744346,0.7524777730305989
0.3958831548690796,0.6622039159138997,0.4642036914825439,0.632243537902832,0.439544153213501,0.6535692850748698,0.45237979888916013,0.7179155349731445,0.45491342544555663,0.713969612121582,0.500936222076416,0.7851470947265625,0.481460428237915,0.772869364420573,0.4000131845474243,0.6265531857808431,0.4518739223480225,0.642906411488851,150.31905060705336,150.56615177433378,168.56319838695882,163.19275056804113,17.501605704940086,0.634729798634847,87.55084747983453,0.6784380118052165,89.61359165418581,0.6804109732309978,65.73819528235357,0.7434194882710775,54.1621808720426,0.7515313148498535
0.38214542865753176,0.6573438008626302,0.45836501121520995,0.6324487050374349,0.4424123287200928,0.6513778686523437,0.4511838436126709,0.7167323430379232,0.4555016040802002,0.713437271118164,0.49856414794921877,0.7864320119222005,0.4842541217803955,0.7762271245320638,0.37705675363540647,0.615899117787679,0.45038866996765137,0.6419132868448894,145.28096105520538,144.28761618151017,169.54757867484997,164.22886067267396,19.531912709817473,0.6289062023162841,85.91113297466471,0.6776752789815267,89.3910858959726,0.6793228149414063,65.39616916474748,0.7448321978251139,55.792994979201005,0.7515821774800618
0.38843157291412356,0.66086851755778,0.4636837959289551,0.6319556554158529,0.44031648635864257,0.6526477177937825,0.45233545303344724,0.7167471567789714,0.45409374237060546,0.7136722564697265,0.4984140872955322,0.7853765487670898,0.48825969696044924,0.7738019943237304,0.3774173140525818,0.6163591066996257,0.45200014114379883,0.6423016866048177,143.44443688433364,143.52462187258212,165.8101150493665,164.0953232557334,19.179506244708026,0.6293303966522217,88.31975385081599,0.6779869715372722,89.74193424884895,0.6795244216918945,60.39459064665672,0.7437371253967284,56.122093389888434,0.7510618527730306
0.36946592330932615,0.6560189565022786,0.4638097286224365,0.6262300491333008,0.4467219352722168,0.6502168655395508,0.4503108024597168,0.7129345575968424,0.45519051551818845,0.7134030024210612,0.49831466674804686,0.784292475382487,0.493356990814209,0.7751604080200195,0.3717218160629272,0.6201201756795247,0.45526583194732667,0.6382234573364258,138.12068432736436,135.94987011588594,163.8284087372636,162.49158197747386,12.22648403247681,0.6291718165079753,90.05740008228406,0.6758132298787436,93.79444428251368,0.6755790074666341,58.28366714677782,0.7442817052205404,56.07050833424995,0.7486135164896648
0.3862475395202637,0.6656696319580078,0.46866555213928224,0.6266751607259115,0.45224480628967284,0.6428225835164388,0.46650214195251466,0.7316649119059245,0.4738751411437988,0.725627581278483,0.49544501304626465,0.7832506815592448,0.49342970848083495,0.7752201080322265,0.3874638080596924,0.627894401550293,0.46045517921447754,0.6347488721211751,146.91841518475516,146.27503045341473,171.69100175260414,163.96297709229904,5.364796351262361,0.6313216368357341,81.59990022001706,0.6801882266998291,86.42972518994412,0.6832068920135499,68.4804482923057,0.7504238446553548,60.70482567966517,0.7574577967325846
0.38587636947631837,0.6659769058227539,0.46829819679260254,0.6267887115478515,0.45247664451599123,0.6424879709879557,0.4669637203216553,0.7318049748738606,0.4735978603363037,0.7256898244222005,0.4945684909820557,0.7838156382242839,0.4932839870452881,0.7793142318725585,0.3874541878700256,0.6309560139973958,0.4603874206542969,0.6346383412679036,145.9743199655241,145.61958986284793,172.65141407287763,164.94821753038295,2.890353312422023,0.6327971776326498,81.74469799113183,0.6801640828450521,86.1280899141454,0.6832216580708821,69.84124260069952,0.7525020281473795,62.04277705993937,0.7578103065490722
0.3912595987319946,0.667338498433431,0.46806888580322265,0.6324573516845703,0.4461802005767822,0.6493124008178711,0.46755547523498536,0.732111930847168,0.464708948135376,0.7182080586751302,0.49572105407714845,0.7833532969156901,0.49326362609863283,0.7793446222941081,0.3993313431739807,0.6339574813842773,0.4571245431900024,0.6408848762512207,147.7909504397355,151.72091805964206,169.59271565537426,166.36225735633332,6.835160816299045,0.6374211788177491,84.39794453370708,0.6795464674631755,83.47710904147739,0.6864984035491943,64.96442273555407,0.748776340484619,61.20395038413542,0.7577326138814291
0.38593015670776365,0.6661373774210612,0.46807518005371096,0.6276758193969727,0.4476484298706055,0.6443818410237631,0.45798368453979493,0.7226377487182617,0.46396698951721194,0.7178223292032878,0.4946291923522949,0.7836520512898763,0.4894122123718262,0.7801230748494467,0.39284420013427734,0.6364689509073893,0.4578618049621582,0.6360288302103678,143.10730594878675,142.99309443163526,170.13402744483716,162.99642288054534,179.61215622567252,0.6362488905588786,85.73127627258509,0.6769255797068279,89.91937111191235,0.6793332894643147,67.78363574558323,0.7489727020263672,59.01075336806475,0.753144900004069
0.3771240711212158,0.6621077219645183,0.4669952392578125,0.6333547592163086,0.45213775634765624,0.6498435338338217,0.46640543937683104,0.7319571812947591,0.4730025291442871,0.7265227635701498,0.4954953670501709,0.7836285909016927,0.48984718322753906,0.7805185317993164,0.37728495597839357,0.6169721603393554,0.4595664978027344,0.6415991465250651,147.8457601792906,146.55040944494098,174.97063559848397,164.81756352824914,16.662518843156537,0.6292856534322102,81.0095753617306,0.6840609550476074,85.67169846195912,0.6867781639099121,72.67403697427537,0.7535206476847331,60.62139482524712,0.7577928860982259
0.3835131168365479,0.6639111200968425,0.4670691967010498,0.6330884297688802,0.4478773593902588,0.6505641301472982,0.4674037456512451,0.7327060699462891,0.4729121208190918,0.7270509084065755,0.49421443939208987,0.7845914204915364,0.4895947456359863,0.7823279062906902,0.3896149039268494,0.6308910687764486,0.4574732780456543,0.6418262799580892,149.3677207596661,148.8553874063815,176.08380108970792,167.10537786812873,9.15437437749011,0.6363586743672689,79.73195555704207,0.6844385941823323,83.76401012756226,0.6872661749521891,73.20616030699811,0.7546894073486328,62.673265046734606,0.7586487452189128
0.383677339553833,0.6633085250854492,0.4671724796295166,0.6334492365519205,0.44684205055236814,0.6511658986409505,0.46741442680358886,0.7326051712036132,0.4717852115631104,0.72729918162028,0.49460272789001464,0.7847436904907227,0.48945441246032717,0.782597541809082,0.3776519656181335,0.6164417902628581,0.45700726509094236,0.6423075675964356,149.52785229676635,148.88036650756032,175.30276735173203,167.2454242279618,18.05332495421267,0.6293746789296468,80.1362894509558,0.6848033746083577,83.4254397701638,0.6874563694000244,72.2800264581547,0.754948361714681,62.45963230327532,0.758674430847168
0.37983224391937254,0.6629543304443359,0.4676645278930664,0.6327194213867188,0.44594511985778806,0.6510953267415365,0.4723052978515625,0.7360994974772136,0.45948290824890137,0.722343635559082,0.49570260047912595,0.7839457829793294,0.48458003997802734,0.779611078898112,0.38747563362121584,0.625111198425293,0.4568048238754272,0.6419073740641277,145.3844488782284,151.95386504133998,167.738546887384,169.25609874872822,13.618485859567958,0.6335092862447103,88.09307060939514,0.6821255048116048,80.65502942674665,0.6890034357706707,66.33483707781963,0.7509773572285969,63.940913531631494,0.7600226402282715
0.37761669158935546,0.6619251887003581,0.46735591888427735,0.6328470230102539,0.4466907024383545,0.6513946533203125,0.47302947044372556,0.736329460144043,0.4568490505218506,0.7180997848510742,0.49999284744262695,0.7836084365844727,0.48520236015319823,0.7823736190795898,0.3773786902427673,0.6171903292338052,0.45702331066131596,0.6421208381652832,141.6466992124622,150.88332647455158,167.55653764250945,167.19717064025315,17.381261907188595,0.6296555836995442,90.13140946877273,0.6801103115081787,80.35745549588701,0.689225149154663,66.1961411647049,0.750236701965332,60.30372627211302,0.7599689483642578
0.3784921646118164,0.6622345606486003,0.46720290184020996,0.6328053156534831,0.4462592601776123,0.6510505676269531,0.4715394973754883,0.7359893798828125,0.457421875,0.7181915918986003,0.49634246826171874,0.7847476959228515,0.4854604721069336,0.7822225570678711,0.387254250049591,0.6282223065694172,0.45673108100891113,0.6419279416402182,142.56807154129058,150.9176706777851,167.92478514090345,168.53939511586083,11.159405267580109,0.6350751241048177,89.48103063960896,0.6800597667694093,81.05316233711225,0.6889586607615154,66.35181111883736,0.7502070744832356,63.03791843237047,0.760368537902832
0.3790531396865845,0.6628909428914388,0.46719775199890134,0.6328755696614583,0.44642210006713867,0.6511133193969727,0.472272253036499,0.7363302866617839,0.4720167636871338,0.727388572692871,0.49644107818603517,0.7849273045857748,0.48556952476501464,0.7823328018188477,0.3872966766357422,0.6282709121704102,0.45680992603302,0.6419944445292155,149.57536423389254,151.12767118556974,177.72509514504839,169.05455372104998,11.16790441875351,0.6351326783498128,79.90271403323362,0.6846915086110432,80.6915770258866,0.6891623655954997,76.14379474086793,0.7548606872558594,63.55739688902462,0.7606287956237794
0.3780766725540161,0.6620095570882162,0.46359686851501464,0.6340535481770834,0.4421387195587158,0.6525466283162434,0.467680025100708,0.7329928716023763,0.4569678783416748,0.7184118906656901,0.49741735458374026,0.7850655237833659,0.48055553436279297,0.781415049235026,0.3868036508560181,0.6312275250752767,0.4528677940368652,0.6433000882466634,144.29805752945347,150.9020631631515,170.81043662733128,167.71568501077834,10.355965713653456,0.63726380666097,86.87552942566445,0.6808559894561768,80.62257940446636,0.6881464799245198,69.47467937479777,0.749913469950358,60.27044264046899,0.7590291976928711
0.39285056591033934,0.6671787897745768,0.4636997699737549,0.6320401509602864,0.44705867767333984,0.6491870880126953,0.46278076171875,0.7298538843790691,0.4640469551086426,0.7191917419433593,0.49689674377441406,0.784452756245931,0.49159965515136717,0.7778762181599935,0.4012660503387451,0.6335284868876139,0.45537922382354734,0.6406136194864909,150.05773631473022,152.1783724857796,169.63175854166366,164.10106914404236,7.459404085939063,0.6370710531870524,83.70531225448657,0.6799026807149251,85.258771629016,0.68523375193278,64.84967379403504,0.7485339800516764,58.00089028138152,0.7571533203125
0.38005938529968264,0.6621338526407877,0.46988744735717775,0.6265543619791667,0.44608111381530763,0.6509671529134115,0.4649796009063721,0.7293951034545898,0.4630631446838379,0.7223027547200521,0.5008654594421387,0.7751378377278646,0.4922758102416992,0.7730934143066406,0.3857471585273743,0.629125436147054,0.4579842805862427,0.638760757446289,143.79400814540773,146.0978781951442,164.41453499519363,159.3400488054107,7.597530705246506,0.6339430967966715,86.52103399468622,0.6805317560831705,85.5865594297504,0.6840779304504394,60.09428561758651,0.7476980845133463,51.885285855014395,0.7522664705912272
0.3982360601425171,0.6675765991210938,0.46280436515808104,0.6366878509521484,0.44196205139160155,0.6515520731608073,0.4670721530914307,0.7328935623168945,0.4632063865661621,0.7191844304402669,0.49716954231262206,0.7841332117716472,0.49117302894592285,0.7772808074951172,0.40175126791000365,0.6310840606689454,0.4523832082748413,0.6441199620564779,153.3066440943133,156.71113833823628,170.53546749705035,167.308697645278,14.438030180422869,0.6376020113627117,81.79534662778725,0.6816521962483724,80.60466720027972,0.6885067621866863,64.29459975278648,0.748232618967692,59.570673023082165,0.7585133870442708
0.3926651954650879,0.6643646876017253,0.4633901596069336,0.6318354924519857,0.44266743659973146,0.6511638005574544,0.4593493461608887,0.7241394678751628,0.464063835144043,0.7185657501220704,0.4969812870025635,0.7834480921427409,0.49175729751586916,0.7768994649251302,0.40155721902847286,0.6311499913533529,0.4530287981033325,0.64149964650472,152.5820948693861,152.51306165857864,170.56649912532413,164.80890550779543,11.369152120257304,0.6363248189290365,81.85125113359626,0.6800326983133952,85.62635716737972,0.6828195571899414,64.60434578829728,0.7477326075236003,57.60444686897131,0.7537937800089518
0.39797358512878417,0.6678089777628581,0.4632453441619873,0.6368396759033204,0.44037179946899413,0.6579449971516927,0.4667616367340088,0.7319525400797526,0.4572293758392334,0.717456563313802,0.4998184680938721,0.7809939702351888,0.49102282524108887,0.7771141052246093,0.4021031737327576,0.6365654627482096,0.4518085718154907,0.6473923365275065,150.15020137177868,155.89661675562246,167.29010820560526,165.78365101056036,12.288274064811612,0.641978899637858,85.57589234179422,0.6824244499206542,79.97186390206745,0.6896724383036296,60.470299178778575,0.7472853342692056,56.01769423371419,0.7564732551574707
0.38384194374084474,0.6627417246500651,0.4626491546630859,0.632333246866862,0.4475856781005859,0.6503107070922851,0.4590787887573242,0.7241100947062175,0.4639421463012695,0.7188660939534505,0.4972259521484375,0.7829771041870117,0.4961826801300049,0.7765082041422526,0.37744208574295046,0.6188625335693358,0.4551174163818359,0.6413219769795735,145.63366646068152,144.9400554284904,167.67783776755354,163.61100036774394,16.126967835852636,0.6300922552744547,83.5075175817971,0.6800940354665119,87.26051346172302,0.6827160358428954,60.78072944496979,0.7476871490478516,57.05584315160398,0.7535435994466146
0.38503878116607665,0.6630819320678711,0.462249231338501,0.6329406102498373,0.44862165451049807,0.6492943445841471,0.45517821311950685,0.7216731389363606,0.46392264366149905,0.7190242767333984,0.4927962779998779,0.7838609695434571,0.49159812927246094,0.7775996526082357,0.38047343492507935,0.615161387125651,0.45543544292449956,0.6411174774169922,147.43698144432776,144.77214901377027,169.55059911870677,163.49706107111874,19.098749425557468,0.6281394322713216,83.78269111293756,0.6800708770751953,90.18295588194347,0.6813953081766764,64.71036870199889,0.7483119646708171,58.82982049108939,0.7527670542399089
0.3861457109451294,0.6638827641805013,0.4627638816833496,0.6390187581380208,0.440886116027832,0.6581045786539713,0.4682459831237793,0.7327770233154297,0.46398296356201174,0.7199645360310872,0.49700403213500977,0.7842708587646484,0.4911793231964111,0.7784074783325196,0.3990650177001953,0.63108336130778,0.4518249988555908,0.648561668395996,153.5192057500269,156.80656762697345,171.90640934151074,169.23085789857402,18.3289820274247,0.639822514851888,80.33676527266941,0.6842631022135417,78.96645293969969,0.6906693458557129,65.0451374431432,0.7491860071818034,60.817708581815424,0.7585239410400391
0.37906532287597655,0.6614014943440755,0.4628914356231689,0.6387702941894531,0.44573230743408204,0.6572039922078451,0.46548070907592776,0.7269596099853516,0.46418108940124514,0.7198527654012045,0.49674220085144044,0.7823924382527669,0.49145216941833497,0.7778796513875326,0.37742865085601807,0.6172288576761882,0.4543118715286255,0.647987143198649,147.61016232759724,149.30492218423947,170.78461043732437,168.09941420272742,21.804619853590342,0.6326080004374186,82.1805521360813,0.6839199542999268,81.95021707754134,0.6874733765920003,64.82773422116783,0.7488662083943685,60.579058918143325,0.7546760241190593
0.3917671203613281,0.6671094258626302,0.46396579742431643,0.6390637715657552,0.4406635284423828,0.658618418375651,0.46645450592041016,0.7274975458780925,0.45787935256958007,0.7182381947835287,0.49724178314208983,0.7842976888020833,0.49104461669921873,0.7781459172566731,0.40213315486907963,0.6307085673014323,0.45231466293334965,0.6488410949707031,152.09212340660758,156.58492667131745,167.705073759253,169.89028257615792,19.866756002315988,0.6397748311360677,85.41547833983905,0.6835396448771158,79.8089515639539,0.6881693204243977,61.03083086887512,0.748192056020101,61.541059987622624,0.7558976173400879
0.3923144578933716,0.6646930694580078,0.46453227996826174,0.6387052536010742,0.44118809700012207,0.653047243754069,0.4695139408111572,0.7334102630615235,0.4568802833557129,0.7190507888793946,0.49718642234802246,0.7845161437988282,0.48653273582458495,0.7775431950887044,0.4057353019714356,0.6310475667317708,0.4528601884841919,0.6458762486775715,152.98063767137415,158.84644854113205,167.4628556798891,169.29585309442788,17.467107474748648,0.6384619077046711,86.85542057085381,0.6824635187784831,79.22795215528181,0.6896432558695476,63.11748332986567,0.7482969919840494,61.565627823896556,0.7589632034301759
0.3990145206451416,0.6656970977783203,0.468371057510376,0.6386741002400717,0.4459890365600586,0.6513335545857747,0.4702734470367432,0.7340424219767253,0.4586478710174561,0.724611473083496,0.4972891330718994,0.7849348704020183,0.48573622703552244,0.7772498448689779,0.4077458381652832,0.6341828028361003,0.4571800470352173,0.6450038274129232,151.68128048054433,156.31261435978365,164.95401460828552,168.03304061012713,12.347152049044757,0.6395933151245117,88.94368700357907,0.6848076502482097,81.63443571796317,0.6895231246948242,62.76909025410251,0.750930658976237,62.03890323854381,0.7594886461893717
0.3655555725097656,0.6564402898152669,0.46287903785705564,0.6265513737996419,0.44922661781311035,0.6492457707722982,0.45140624046325684,0.7112562815348308,0.46430196762084963,0.7177954991658528,0.4971474647521973,0.7823118845621745,0.4926897525787354,0.7736353556315104,0.37353538274765014,0.6217071215311686,0.456052827835083,0.63789857228597,142.52613908075688,135.3658174161781,168.1570443327886,163.1134324780492,11.101451996936568,0.6298028469085692,84.10525382084354,0.6778470357259114,93.6243586660565,0.6745774269104003,63.05219311721352,0.7457154273986817,57.22905830539105,0.7467840830485026
0.3631908893585205,0.6575847625732422,0.4623570442199707,0.6261503219604492,0.4497370719909668,0.6438551584879557,0.4504371166229248,0.7103284200032552,0.45929827690124514,0.7146664301554362,0.4980517864227295,0.7809249877929687,0.4929623603820801,0.774452273050944,0.3732418417930603,0.6205617268880208,0.45604705810546875,0.6350027402242024,139.8948984567581,135.04667980179897,165.4444234898729,162.06068008317598,9.892740862504821,0.6277822335561116,87.662952906266,0.6748345851898193,94.2592866382085,0.6726655801137289,60.6171023873943,0.7445593516031901,56.00184998546135,0.7456267038981119
0.36423962116241454,0.6581958134969076,0.46288042068481444,0.6222666422526042,0.4557522773742676,0.641502571105957,0.4502617835998535,0.7104625066121419,0.4704264163970947,0.7192129770914714,0.49781031608581544,0.7805779139200847,0.5019191265106201,0.7713951746622721,0.3733505487442017,0.62016388575236,0.459316349029541,0.6318846066792806,142.82675633923623,133.00430291555242,165.8696746121778,160.37115103676473,7.763930511166886,0.6260242462158203,82.74968010888969,0.675548791885376,96.57322656668495,0.6711735566457113,58.88841199019727,0.7453040758768718,55.85697119185446,0.7455202102661134
0.35625548362731935,0.6573187510172526,0.46125402450561526,0.6272708892822265,0.4613659858703613,0.6415948867797852,0.4505473136901855,0.7106992721557617,0.47512073516845704,0.726895523071289,0.49794964790344237,0.7825656255086263,0.5016698360443115,0.7759621302286784,0.3730412602424622,0.6228656133015951,0.46131000518798826,0.6344328880310058,144.03738929619104,130.54169636347763,167.49947522447218,160.48444322017264,7.4658452078884965,0.6286492506663004,81.50479052401485,0.6806642055511474,98.03252319007399,0.6725660800933837,61.58293877489453,0.7514288266499838,56.59155183544115,0.746632448832194
0.3563826560974121,0.6568305969238282,0.46080822944641114,0.6267982482910156,0.4607356548309326,0.6412694931030274,0.4508558750152588,0.710464604695638,0.47206430435180663,0.7241504033406575,0.5017825126647949,0.7798805872599284,0.5016853332519531,0.7721385320027669,0.37142491340637207,0.623625373840332,0.4607719421386719,0.6340338706970214,142.10984367552464,130.1589400989404,164.8166117208832,159.4400063398044,6.6447304856349945,0.6288296222686767,82.85758382769208,0.6790921370188394,97.39222080249938,0.6722492376963297,58.31473265653789,0.7481444676717122,53.73457895828541,0.7451725959777832
0.3565107583999634,0.6571299235026041,0.4608337879180908,0.6267752329508464,0.45704379081726076,0.6432002385457357,0.45079703330993653,0.7102839152018229,0.4720564842224121,0.72389341990153,0.5015330791473389,0.7799550374348958,0.5018148422241211,0.7758810679117839,0.3714948892593384,0.6236733754475912,0.4589387893676758,0.634987735748291,143.29575106343066,131.35082853900738,167.13848492461423,160.31091004473328,7.372536048278449,0.6293305555979412,81.60678293397832,0.6794405778249105,96.17140000243282,0.672635825475057,60.21265657457344,0.749887243906657,53.93706811854699,0.7451194763183593
0.3566175937652588,0.6575217564900716,0.4611715316772461,0.6222116470336914,0.4615646839141846,0.6404622395833334,0.45014352798461915,0.7098864237467448,0.4741682529449463,0.7265431722005208,0.5013697147369385,0.7799320856730143,0.5018104553222656,0.7757884343465169,0.3712302684783936,0.6238463719685872,0.46136810779571535,0.6313369433085123,142.59009958111824,129.34151218267849,166.33451170496102,158.88780964575147,4.7504384122503005,0.6275916576385497,82.34269956853704,0.6789400577545166,98.13240801237,0.6706116835276286,60.69376222251506,0.7511658032735189,53.82103913630478,0.7449092547098796
0.3567899465560913,0.6580134073893229,0.46106948852539065,0.6220034917195638,0.4629209518432617,0.6359536488850911,0.44962124824523925,0.7096605936686198,0.4748347282409668,0.7272303263346355,0.5009393215179443,0.7798137029012044,0.5013906955718994,0.7719627380371094,0.37104063034057616,0.6239050229390461,0.46199522018432615,0.6289785703023274,142.31552123529286,128.7806082268094,164.70809736690097,158.29098549776677,3.192713124399806,0.6264417966206868,82.55479559380004,0.6781044483184815,98.71934997136962,0.6693195819854736,59.303972900335474,0.7495965321858724,53.813958498869944,0.7447371482849121
0.35658912658691405,0.657756233215332,0.4611361503601074,0.6219838460286459,0.46187677383422854,0.6402551651000976,0.45006718635559084,0.7095270156860352,0.47493696212768555,0.7273410161336263,0.5011343002319336,0.7796439488728841,0.5015042781829834,0.7718480428059896,0.37101359367370607,0.6237611452738444,0.46150646209716795,0.6311195055643717,142.85110347290495,129.03147046148803,165.03219710191163,158.87273624270208,4.648735873062972,0.6274403254191081,82.05405008272962,0.6792302608489991,98.30061322486546,0.6703232606252034,59.166005438105735,0.749594529469808,53.93364085068258,0.7445854822794596
0.35677835941314695,0.65839049021403,0.46088595390319825,0.6269119262695313,0.4627079010009766,0.6407848993937174,0.44967164993286135,0.7100042978922526,0.47517919540405273,0.7272202809651692,0.49768962860107424,0.7823815027872721,0.501804256439209,0.7756178538004558,0.37131396532058714,0.6237292607625325,0.46179692745208745,0.6338484128316244,143.05281745294073,128.70678635697223,166.94245685005478,160.02306022932763,6.381152205518216,0.6287888367970784,81.84378260846174,0.6805343468983969,99.04650383391433,0.6719263553619386,61.18339320927688,0.7514190673828125,56.43808790331235,0.7461929003397624
0.363264799118042,0.6572106043497722,0.46225810050964355,0.6262495040893554,0.4511552333831787,0.6442813873291016,0.45082545280456543,0.7106243769327799,0.4698223114013672,0.7203357696533204,0.5016447067260742,0.7801496505737304,0.49857306480407715,0.7728342056274414,0.3725085496902466,0.6220909754435222,0.45670666694641116,0.6352654457092285,144.03729611672452,134.04146119745272,168.21931113144552,161.06726661777682,8.89295733016527,0.6286782105763753,81.23548064562928,0.6778006076812744,94.46247195318279,0.6729449113210042,61.29269581293102,0.746584987640381,53.83519492396835,0.7453870137532552
0.3671146631240845,0.6589441299438477,0.4601016044616699,0.6387832641601563,0.44701180458068845,0.6609752019246419,0.45683798789978025,0.7212767918904622,0.46964383125305176,0.7288949330647786,0.4962338447570801,0.7830521901448567,0.49074788093566896,0.7787206649780274,0.3721288204193115,0.622413984934489,0.4535567045211792,0.649879233042399,149.0244172257576,142.04020045491896,173.14579611865977,165.24201587227085,18.63901246884606,0.636146608988444,78.4922010803071,0.6893870830535889,87.36865662183548,0.6855780124664306,67.04456135393518,0.7538077990214029,57.47323104344172,0.7521644910176595
0.3627577781677246,0.6593118031819661,0.46254353523254393,0.6363560358683268,0.44675416946411134,0.6578061421712239,0.46651763916015626,0.732529894510905,0.4255959510803223,0.7400941848754883,0.5001596927642822,0.7869403839111329,0.43267254829406737,0.7560948053995769,0.3772650480270386,0.6187804857889811,0.45464885234832764,0.6470810890197753,140.9315153061203,149.78852405626992,144.7440050630329,166.2965814457322,20.088345139079866,0.6329307874043782,107.34634091724529,0.6935876369476318,82.09224711194534,0.6898054917653402,66.14162276769689,0.7480944951375326,58.27146160406775,0.759735139211019
0.36668198108673095,0.6574793497721354,0.4656534671783447,0.6370304107666016,0.4516764640808105,0.655590311686198,0.45177650451660156,0.7125715891520182,0.4529590606689453,0.7184909184773763,0.500896692276001,0.7824082692464193,0.47660231590270996,0.7786697387695313,0.37670333385467525,0.6218382835388183,0.4586649656295776,0.6463103612263998,137.20787251141223,134.4603811016127,166.26867338377272,162.11838251258158,16.624555986477294,0.6340743223826091,94.51985751614338,0.682400639851888,95.93510075535085,0.679440975189209,68.55096394379527,0.7485803286234538,54.8790563417221,0.7474899291992188
0.36662752628326417,0.6574312845865885,0.4656421661376953,0.6369908650716146,0.4518567085266113,0.6554794947306315,0.45179901123046873,0.7126345952351888,0.45318355560302737,0.7186199824015299,0.5008140087127686,0.7823823928833008,0.47684597969055176,0.7787784576416016,0.3768034815788269,0.6219185829162597,0.45874943733215334,0.646235179901123,137.29939383937315,134.4435030989482,166.30325418777338,162.07177604702375,16.52769965326321,0.6340768814086913,94.39698993349475,0.6824275811513265,95.97573170377203,0.679434887568156,68.52855703676222,0.7486992200215657,54.9025161169366,0.7475084940592448
0.3671097755432129,0.656700325012207,0.4656682968139648,0.636820920308431,0.4519852638244629,0.6553351084391276,0.4516341209411621,0.7123116811116537,0.45320353507995603,0.7182030359903971,0.5008016586303711,0.782302983601888,0.4769428730010986,0.7791145960489909,0.37694708108901975,0.6218503952026366,0.45882678031921387,0.6460780143737792,137.182759364801,134.2583296484546,166.4619057884048,162.038288552941,16.48310989780804,0.6339642047882079,94.4580613936061,0.6821405251820882,96.19776049385595,0.6791948477427164,68.70742007007352,0.7486588160196941,54.91270003746322,0.7473073323567708
0.36710338592529296,0.6573910395304362,0.4656705379486084,0.6369741439819336,0.45197305679321287,0.6551320393880208,0.45163602828979493,0.7123270034790039,0.4533132553100586,0.7180625915527343,0.500782585144043,0.782295036315918,0.48179941177368163,0.779918352762858,0.37694826126098635,0.6216402371724447,0.45882179737091067,0.6460530916849772,137.2468671518846,134.33768953712087,165.01247745369358,162.03340854338515,16.603401920352237,0.6338466644287108,94.37446055736002,0.6820578416188557,96.18813855992182,0.6791900475819905,65.27272333203128,0.7489904721577962,54.915241165036086,0.747311019897461
0.36747710704803466,0.6567364374796549,0.4656643867492676,0.6371430079142253,0.45215787887573244,0.6553973515828451,0.45183024406433103,0.7123080571492513,0.4531229496002197,0.7181002298990885,0.5009223937988281,0.7825611750284831,0.4767613887786865,0.7789373397827148,0.37732070684432983,0.621635373433431,0.4589111328125,0.6462701797485352,137.23264553261194,134.46848671016622,166.42929299348592,162.1862955645405,16.800775099482966,0.6339527765909831,94.60703329160619,0.6821852048238118,96.12013711652745,0.6792891184488932,68.76621518540999,0.7485187848409016,55.05454956924201,0.7474346160888672
0.3675859451293945,0.6567867279052735,0.4617863655090332,0.6376787185668945,0.4505265712738037,0.6602757771809896,0.4523311138153076,0.7130051930745442,0.4529902935028076,0.7192092895507812,0.4982474327087402,0.7867562611897786,0.47602310180664065,0.7787609100341797,0.37728180885314944,0.6216490427652994,0.45615646839141843,0.6489772478739421,139.60666246240896,137.17773397441275,167.55799609934823,165.08193320544424,19.1099919077894,0.6353131453196208,92.58123939260462,0.6840932687123616,93.41907657543797,0.6809912204742432,68.85500138911632,0.7489850997924805,58.09422064852875,0.7498807271321615
0.3619544267654419,0.6584150314331054,0.46084022521972656,0.6411105473836263,0.4534510612487793,0.6553652445475261,0.4649684906005859,0.7322849909464518,0.45211143493652345,0.721332041422526,0.4997684478759766,0.7871716817220052,0.47597341537475585,0.7878091176350911,0.3782905340194702,0.6198223431905111,0.45714564323425294,0.6482378959655761,140.03431998826855,147.6951976121732,167.9370390242772,164.67919502883484,19.81670055965526,0.6340301195780436,93.93990670986527,0.684784968694051,84.68240421428432,0.6902614434560139,70.2543738443247,0.7545705795288086,57.623965874931876,0.7597283363342285
0.3611837148666382,0.658387565612793,0.46010217666625974,0.6413095474243165,0.46060996055603026,0.6490961074829101,0.46135787963867186,0.7355133056640625,0.45699758529663087,0.7227519353230795,0.4931215763092041,0.7905260721842448,0.4762639045715332,0.7924094518025716,0.3788467288017273,0.6171162923177083,0.460356068611145,0.6452028274536132,141.02559435490747,145.7628248416733,170.70699676211424,162.70420566748533,19.012956354186382,0.6311595598856607,92.4798061089767,0.6839773813883463,89.36444595748102,0.6903580665588378,74.5392814860905,0.7575806935628255,59.998390041075254,0.7630196889241536
0.35676074028015137,0.6581290562947592,0.4601956844329834,0.6408881505330404,0.4606929779052734,0.6489613215128581,0.46002492904663084,0.729216194152832,0.45171365737915037,0.7163605372111003,0.49334397315979006,0.790921974182129,0.4761225700378418,0.7880973180135091,0.37866159677505495,0.6192743301391601,0.4604443311691284,0.6449247360229493,136.07257449266456,143.21134005534847,167.45811368477243,164.3316041606979,17.413555413678367,0.6320995330810547,96.96796547112831,0.6806426366170248,90.28507957712993,0.6870704650878907,71.20878950065767,0.7522289276123046,61.63244695775314,0.7600690841674804
0.3605848550796509,0.6567655563354492,0.4553948402404785,0.6425018946329752,0.46177053451538086,0.6486159006754557,0.45499982833862307,0.7215371449788411,0.45549840927124025,0.7174922943115234,0.4931652069091797,0.7908471425374349,0.4765589714050293,0.7923453013102214,0.38241058588027954,0.6196371714274089,0.4585826873779297,0.6455588976542155,140.78885027756374,141.8356702609609,171.267573726449,164.54952566989337,18.793682169645614,0.6325980345408122,92.45515925493758,0.6815255959828694,92.69986143977121,0.6835480213165284,74.28557848201973,0.7549187978108725,61.16073004229583,0.756192143758138
0.362487268447876,0.6561466852823893,0.4613089084625244,0.6385899861653646,0.4531829833984375,0.6538324991861979,0.45237092971801757,0.7163979848225911,0.45588111877441406,0.720440673828125,0.502040433883667,0.7828776677449544,0.4808646202087402,0.7794178644816081,0.37650687694549556,0.6197599728902181,0.45724594593048096,0.6462112426757812,140.69524810589243,137.8936504587686,167.09639073114477,161.38252982734886,18.139533343325922,0.6329856077829996,91.05335611800706,0.6833259582519531,93.97325708942977,0.6813046137491862,67.0418554122492,0.7499292691548666,53.23519036507155,0.7496378262837727
0.36675319671630857,0.6565122604370117,0.4662899971008301,0.6326089223225911,0.4460451126098633,0.6571328481038411,0.46100783348083496,0.7210229873657227,0.44621829986572265,0.7217098236083984,0.5030458450317383,0.7844095230102539,0.46451683044433595,0.7755214691162109,0.37266197204589846,0.6217002868652344,0.45616755485534666,0.6448708852132161,136.2880524412148,141.98431406677895,164.8760494041566,165.01750346420386,15.507932391859644,0.6332855860392252,97.3777209772649,0.6832903544108073,86.3631342037089,0.6829469362894693,71.21951290781783,0.7486156463623046,56.44762408291724,0.7527162551879882
0.3665067434310913,0.6564004262288411,0.46259779930114747,0.6328179041544596,0.44603891372680665,0.656988525390625,0.46067490577697756,0.7206305821736654,0.44746956825256345,0.7209046681722006,0.5022031307220459,0.7833401362101237,0.4737849712371826,0.7767244974772135,0.3725133538246155,0.6215432484944662,0.45431835651397706,0.6449032147725423,137.8206090989053,143.1375192626518,163.1595850839217,165.56652738777046,15.937047774935333,0.6332232316335042,95.14923871100649,0.6829039414723714,85.20184480249677,0.6827668984731039,64.75918470169458,0.748814582824707,56.48623032300686,0.7519853591918946
0.3665067434310913,0.6564004262288411,0.46259779930114747,0.6328179041544596,0.44603891372680665,0.656988525390625,0.46067490577697756,0.7206305821736654,0.44746956825256345,0.7209046681722006,0.5022031307220459,0.7833401362101237,0.4737849712371826,0.7767244974772135,0.3725133538246155,0.6215432484944662,0.45431835651397706,0.6449032147725423,137.8206090989053,143.1375192626518,163.1595850839217,165.56652738777046,15.937047774935333,0.6332232316335042,95.14923871100649,0.6829039414723714,85.20184480249677,0.6827668984731039,64.75918470169458,0.748814582824707,56.48623032300686,0.7519853591918946
0.36651339530944826,0.6563988367716471,0.4625997543334961,0.6328098932902019,0.4460265636444092,0.6569979349772136,0.46065874099731446,0.720652453104655,0.4474593162536621,0.7209236780802409,0.5022243976593017,0.7833429336547851,0.47379121780395506,0.7767351150512696,0.37251205444335933,0.62154754002889,0.45431315898895264,0.6449039141337077,137.82543401869975,143.13779226105993,163.14665149160183,165.54424657806325,15.935442292838383,0.6332257270812989,95.15178394352992,0.6829137961069743,85.21141728091969,0.6827781836191813,64.74200651596082,0.7488293965657553,56.45443587696226,0.7519976933797201
0.36636340618133545,0.6564390182495117,0.4624382495880127,0.6327269236246745,0.44623456001281736,0.6567922592163086,0.4600944995880127,0.7203910827636719,0.4480621337890625,0.7205879847208659,0.5032310962677002,0.7823855717976888,0.4739974021911621,0.7765027364095052,0.3724865078926086,0.6214957237243652,0.45433640480041504,0.6447595914204916,137.93792894103137,142.8171056938628,163.6044631506575,164.72799995219032,15.866527400748275,0.6331276575724284,94.73005141060906,0.6826737880706788,85.64626716650365,0.6825753370920817,65.11643759194594,0.7485453605651855,55.16928594633006,0.7513883272806803
0.3665070772171021,0.6566242218017578,0.4625598907470703,0.6330703099568685,0.44179844856262207,0.6581403732299804,0.45994744300842283,0.7203053792317708,0.4475066661834717,0.7162714004516602,0.5031777381896972,0.7823211034138997,0.4739694595336914,0.776413091023763,0.37220778465271,0.6212591171264649,0.45217916965484617,0.6456053415934244,137.81962338265444,144.40103888133012,165.70778021426844,165.5770215169653,16.932173314837236,0.6334322293599446,93.78294199501629,0.6809383710225423,84.06298649256436,0.6829553604125976,66.25014673786457,0.7463422457377116,55.12018560455296,0.7513132413228353
0.36670408248901365,0.6567188262939453,0.462534761428833,0.6329963048299153,0.4419116020202637,0.6581555684407552,0.4599970817565918,0.7203482309977214,0.44762959480285647,0.7164442698160808,0.5031745910644532,0.7823424021402995,0.4739053726196289,0.7764898300170898,0.37218438386917113,0.6213580131530761,0.45222318172454834,0.6455759366353353,137.86147517501487,144.35984420489132,165.77000326676438,165.5762122669543,16.83462364509764,0.6334669748942057,93.7086447533876,0.6810101032257081,84.06441736294985,0.6829620838165283,66.36594095451034,0.7464670499165853,55.143679100477215,0.7513453165690105
0.3666623592376709,0.6563542048136394,0.46171183586120607,0.6386316299438477,0.4409623146057129,0.6584957122802735,0.4595214366912842,0.7206918716430664,0.4406579971313477,0.7231611887613932,0.5038395881652832,0.7843564987182617,0.45533199310302735,0.7730509440104166,0.3722373962402344,0.6193268775939942,0.45133707523345945,0.6485636711120606,138.47062778183496,145.7423420952802,165.447937018705,166.29583262219916,20.285301661389074,0.6339452743530274,98.14687932770936,0.6858624299367269,83.52635686261573,0.6846277713775635,73.60989041918474,0.7481060663859049,55.157493332952846,0.7525241851806641
0.366918683052063,0.6564205169677735,0.4615565299987793,0.6384039560953776,0.44143199920654297,0.6584027608235677,0.46062397956848145,0.7207180023193359,0.44802083969116213,0.7166534423828125,0.5043234825134277,0.7837413787841797,0.4730518817901611,0.7759225209554036,0.3721622347831726,0.6192681630452473,0.4514942646026611,0.6484033584594726,139.16964889375333,146.10789517786722,166.69961783526193,166.5863128809593,20.166082409245185,0.6338357607523599,92.91341819583992,0.6825284004211425,82.80448353116354,0.6845606803894042,67.10426330586672,0.746287981669108,55.26311730112599,0.7522296905517578
0.3676819562911987,0.66005064646403,0.46143951416015627,0.6388020197550456,0.44213161468505857,0.6582333246866862,0.46064205169677735,0.7207513809204101,0.44838500022888184,0.7165090560913085,0.5040367126464844,0.7830554962158203,0.4732078552246094,0.7756989796956381,0.37230520248413085,0.6191562334696452,0.4517855644226074,0.6485176722208659,139.12965575158927,145.98316133669286,166.80907055519972,166.36781786510707,20.275113546314675,0.6338369528452555,92.8632416130135,0.6825133641560872,83.00992183782564,0.684634526570638,67.2479747670827,0.7461040178934732,55.14288481863272,0.7519034385681151
0.36752078533172605,0.6600426991780599,0.46114249229431153,0.6387653350830078,0.44274463653564455,0.6576374053955079,0.45690217018127444,0.7179335912068685,0.45313563346862795,0.7150227864583333,0.5017489433288574,0.7841869990030924,0.48289642333984373,0.7804066975911458,0.3720638155937195,0.6208035151163738,0.45194356441497807,0.6482013702392578,140.31138227482123,142.9317954258465,168.7035490023951,166.0215180815864,18.93139146828924,0.6345024426778159,88.97797315125597,0.6816120783487956,85.93258666770515,0.6830674807230632,65.52639934536992,0.7477147420247395,55.90602283431339,0.7510602951049805
0.36747863292694094,0.6597480138142904,0.46180119514465334,0.6416881561279297,0.45374836921691897,0.6520788192749023,0.47275848388671876,0.738089116414388,0.4613620758056641,0.7301294326782226,0.4975698947906494,0.7852912267049154,0.48233423233032224,0.7857323328653971,0.37702754735946653,0.6121875445048015,0.45777478218078616,0.646883487701416,146.90078207302776,152.08146396609368,169.36533277342556,168.31274697156974,23.252511752466642,0.6295355161031088,87.53249602521984,0.6885064601898193,80.67050938713618,0.692486302057902,69.33465890140768,0.7579308827718099,62.27169955316435,0.7616901715596517
0.36684741973876955,0.6540777206420898,0.4676478862762451,0.6403121948242188,0.45003981590270997,0.663063112894694,0.45697989463806155,0.7208669026692708,0.4597311019897461,0.7256343205769856,0.4971360683441162,0.7848252614339193,0.4954996585845947,0.779000727335612,0.3739518284797668,0.6218361218770345,0.45884385108947756,0.6516876538594564,141.1169596180123,138.4799109816097,162.23033156077767,163.923362786929,19.373774670350112,0.6367618878682455,89.31256816694254,0.688660987218221,91.54339642471457,0.6862772782643636,56.168235448439376,0.7523175239562988,57.877395600848196,0.752846082051595
0.36729941368103025,0.6539256413777669,0.4677910804748535,0.6405088424682617,0.45046114921569824,0.6629189809163412,0.45736079216003417,0.7212563832600911,0.4591703414916992,0.726121457417806,0.49718246459960935,0.7851239522298177,0.4908194065093994,0.7800402323404948,0.37409731149673464,0.6217087109883627,0.4591261148452759,0.6517139116923014,140.86172436398138,138.63614667619146,163.46101910908013,163.97755354433696,19.43705964072114,0.636711311340332,89.96594431574174,0.6889176845550538,91.45413040083517,0.6864851474761963,59.588058504546645,0.7530808448791504,58.056303556482696,0.7531901677449544
0.36685781478881835,0.6512736638387044,0.4675449848175049,0.6407634735107421,0.450506591796875,0.6628722508748373,0.4573951721191406,0.7210659662882487,0.4596553802490234,0.7258907953898112,0.4971730709075928,0.7848178227742513,0.4914397716522217,0.7822181065877278,0.37567800283432007,0.620943832397461,0.45902578830719,0.6518178621927897,141.82057941822592,139.43062082327396,164.52408691109756,164.04198866594206,20.325844745461346,0.6363808472951253,89.51301925165697,0.6888543287913005,91.3489201558795,0.6864419142405191,60.56481944047031,0.7540544509887694,58.037945359965086,0.75294189453125
